t_s,ref_pos_kPa,P_pos_kPa,ref_neg_kPa,P_neg_kPa,u_mi_pos,u_ma_pos,u_at_pos,u_mi_neg,u_ma_neg,u_at_neg
0.0000,101.3250,101.3250,101.3250,101.3250,0.00,0.00,72.77,0.00,0.00,84.71
0.0020,101.3250,101.3250,101.3250,101.3250,0.00,0.00,72.77,0.00,0.00,84.71
0.0040,101.3250,101.3250,101.3250,101.3250,0.00,0.00,72.77,0.00,0.00,84.71
0.0060,101.3250,101.3250,101.3250,101.3250,0.00,0.00,72.77,0.00,0.00,84.71
0.0080,101.3250,101.3250,101.3250,101.3250,0.00,0.00,72.77,0.00,0.00,84.71
0.0100,101.3250,101.3250,101.3250,101.3250,0.00,0.00,72.77,0.00,0.00,84.71
0.0120,101.3250,101.3250,101.3250,101.3250,0.00,0.00,72.77,0.00,0.00,84.71
0.0140,101.3250,101.3250,101.3250,101.3250,0.00,0.00,72.77,0.00,0.00,84.71
0.0160,101.3250,101.3250,101.3250,101.3250,0.00,0.00,72.77,0.00,0.00,84.71
0.0180,101.3250,101.3250,101.3250,101.3250,0.00,0.00,72.77,0.00,0.00,84.71
0.0200,101.3250,101.3250,101.3250,101.3250,0.00,0.00,72.77,0.00,0.00,84.71
0.0220,101.3250,101.3250,101.3250,101.3250,0.00,0.00,72.77,0.00,0.00,84.71
0.0240,101.3250,101.3250,101.3250,101.3250,0.00,0.00,72.77,0.00,0.00,84.71
0.0260,101.3250,101.3250,101.3250,101.3250,0.00,0.00,72.77,0.00,0.00,84.71
0.0280,101.3250,101.3250,101.3250,101.3250,0.00,0.00,72.77,0.00,0.00,84.71
0.0300,101.3250,101.3250,101.3250,101.3250,0.00,0.00,72.77,0.00,0.00,84.71
0.0320,101.3250,101.3250,101.3250,101.3250,0.00,0.00,72.77,0.00,0.00,84.71
0.0340,101.3250,101.3250,101.3250,101.3250,0.00,0.00,72.77,0.00,0.00,84.71
0.0360,101.3250,101.3250,101.3250,101.3250,0.00,0.00,72.77,0.00,0.00,84.71
0.0380,101.3250,101.3250,101.3250,101.3250,0.00,0.00,72.77,0.00,0.00,84.71
0.0400,101.3250,101.3250,101.3250,101.3250,0.00,0.00,72.77,0.00,0.00,84.71
0.0420,101.3250,101.3250,101.3250,101.3250,0.00,0.00,72.77,0.00,0.00,84.71
0.0440,101.3250,101.3250,101.3250,101.3250,0.00,0.00,72.77,0.00,0.00,84.71
0.0460,101.3250,101.3250,101.3250,101.3250,0.00,0.00,72.77,0.00,0.00,84.71
0.0480,101.3250,101.3250,101.3250,101.3250,0.00,0.00,72.77,0.00,0.00,84.71
0.0500,101.3250,101.3250,101.3250,101.3250,0.00,0.00,72.77,0.00,0.00,84.71
0.0520,101.3250,101.3250,101.3250,101.3250,0.00,0.00,72.77,0.00,0.00,84.71
0.0540,101.3250,101.3250,101.3250,101.3250,0.00,0.00,72.77,0.00,0.00,84.71
0.0560,101.3250,101.3250,101.3250,101.3250,0.00,0.00,72.77,0.00,0.00,84.71
0.0580,101.3250,101.3250,101.3250,101.3250,0.00,0.00,72.77,0.00,0.00,84.71
0.0600,101.3250,101.3250,101.3250,101.3250,0.00,0.00,72.77,0.00,0.00,84.71
0.0620,101.3250,101.3250,101.3250,101.3250,0.00,0.00,72.77,0.00,0.00,84.71
0.0640,101.3250,101.3250,101.3250,101.3250,0.00,0.00,72.77,0.00,0.00,84.71
0.0660,101.3250,101.3250,101.3250,101.3250,0.00,0.00,72.77,0.00,0.00,84.71
0.0680,101.3250,101.3250,101.3250,101.3250,0.00,0.00,72.77,0.00,0.00,84.71
0.0700,101.3250,101.3250,101.3250,101.3250,0.00,0.00,72.77,0.00,0.00,84.71
0.0720,101.3250,101.3250,101.3250,101.3250,0.00,0.00,72.77,0.00,0.00,84.71
0.0740,101.3250,101.3250,101.3250,101.3250,0.00,0.00,72.77,0.00,0.00,84.71
0.0760,101.3250,101.3250,101.3250,101.3250,0.00,0.00,72.77,0.00,0.00,84.71
0.0780,101.3250,101.3250,101.3250,101.3250,0.00,0.00,72.77,0.00,0.00,84.71
0.0800,101.3250,101.3250,101.3250,101.3250,0.00,0.00,72.77,0.00,0.00,84.71
0.0820,101.3250,101.3250,101.3250,101.3250,0.00,0.00,72.77,0.00,0.00,84.71
0.0840,101.3250,101.3250,101.3250,101.3250,0.00,0.00,72.77,0.00,0.00,84.71
0.0860,101.3250,101.3250,101.3250,101.3250,0.00,0.00,72.77,0.00,0.00,84.71
0.0880,101.3250,101.3250,101.3250,101.3250,0.00,0.00,72.77,0.00,0.00,84.71
0.0900,101.3250,101.3250,101.3250,101.3250,0.00,0.00,72.77,0.00,0.00,84.71
0.0920,101.3250,101.3250,101.3250,101.3250,0.00,0.00,72.77,0.00,0.00,84.71
0.0940,101.3250,101.3250,101.3250,101.3250,0.00,0.00,72.77,0.00,0.00,84.71
0.0960,101.3250,101.3250,101.3250,101.3250,0.00,0.00,72.77,0.00,0.00,84.71
0.0980,101.3250,101.3250,101.3250,101.3250,0.00,0.00,72.77,0.00,0.00,84.71
0.1000,101.3250,101.3250,101.3250,101.3250,0.00,0.00,72.77,0.00,0.00,84.71
0.1020,101.3250,101.3250,101.3250,101.3250,0.00,0.00,72.77,0.00,0.00,84.71
0.1040,101.3250,101.3250,101.3250,101.3250,0.00,0.00,72.77,0.00,0.00,84.71
0.1060,101.3250,101.3250,101.3250,101.3250,0.00,0.00,72.77,0.00,0.00,84.71
0.1080,101.3250,101.3250,101.3250,101.3250,0.00,0.00,72.77,0.00,0.00,84.71
0.1100,101.3250,101.3250,101.3250,101.3250,0.00,0.00,72.77,0.00,0.00,84.71
0.1120,101.3250,101.3250,101.3250,101.3250,0.00,0.00,72.77,0.00,0.00,84.71
0.1140,101.3250,101.3250,101.3250,101.3250,0.00,0.00,72.77,0.00,0.00,84.71
0.1160,101.3250,101.3250,101.3250,101.3250,0.00,0.00,72.77,0.00,0.00,84.71
0.1180,101.3250,101.3250,101.3250,101.3250,0.00,0.00,72.77,0.00,0.00,84.71
0.1200,101.3250,101.3250,101.3250,101.3250,0.00,0.00,72.77,0.00,0.00,84.71
0.1220,101.3250,101.3250,101.3250,101.3250,0.00,0.00,72.77,0.00,0.00,84.71
0.1240,101.3250,101.3250,101.3250,101.3250,0.00,0.00,72.77,0.00,0.00,84.71
0.1260,101.3250,101.3250,101.3250,101.3250,0.00,0.00,72.77,0.00,0.00,84.71
0.1280,101.3250,101.3250,101.3250,101.3250,0.00,0.00,72.77,0.00,0.00,84.71
0.1300,101.3250,101.3250,101.3250,101.3250,0.00,0.00,72.77,0.00,0.00,84.71
0.1320,101.3250,101.3250,101.3250,101.3250,0.00,0.00,72.77,0.00,0.00,84.71
0.1340,101.3250,101.3250,101.3250,101.3250,0.00,0.00,72.77,0.00,0.00,84.71
0.1360,101.3250,101.3250,101.3250,101.3250,0.00,0.00,72.77,0.00,0.00,84.71
0.1380,101.3250,101.3250,101.3250,101.3250,0.00,0.00,72.77,0.00,0.00,84.71
0.1400,101.3250,101.3250,101.3250,101.3250,0.00,0.00,72.77,0.00,0.00,84.71
0.1420,101.3250,101.3250,101.3250,101.3250,0.00,0.00,72.77,0.00,0.00,84.71
0.1440,101.3250,101.3250,101.3250,101.3250,0.00,0.00,72.77,0.00,0.00,84.71
0.1460,101.3250,101.3250,101.3250,101.3250,0.00,0.00,72.77,0.00,0.00,84.71
0.1480,101.3250,101.3250,101.3250,101.3250,0.00,0.00,72.77,0.00,0.00,84.71
0.1500,101.3250,101.3250,101.3250,101.3250,0.00,0.00,72.77,0.00,0.00,84.71
0.1520,101.3250,101.3250,101.3250,101.3250,0.00,0.00,72.77,0.00,0.00,84.71
0.1540,101.3250,101.3250,101.3250,101.3250,0.00,0.00,72.77,0.00,0.00,84.71
0.1560,101.3250,101.3250,101.3250,101.3250,0.00,0.00,72.77,0.00,0.00,84.71
0.1580,101.3250,101.3250,101.3250,101.3250,0.00,0.00,72.77,0.00,0.00,84.71
0.1600,101.3250,101.3250,101.3250,101.3250,0.00,0.00,72.77,0.00,0.00,84.71
0.1620,101.3250,101.3250,101.3250,101.3250,0.00,0.00,72.77,0.00,0.00,84.71
0.1640,101.3250,101.3250,101.3250,101.3250,0.00,0.00,72.77,0.00,0.00,84.71
0.1660,101.3250,101.3250,101.3250,101.3250,0.00,0.00,72.77,0.00,0.00,84.71
0.1680,101.3250,101.3250,101.3250,101.3250,0.00,0.00,72.77,0.00,0.00,84.71
0.1700,101.3250,101.3250,101.3250,101.3250,0.00,0.00,72.77,0.00,0.00,84.71
0.1720,101.3250,101.3250,101.3250,101.3250,0.00,0.00,72.77,0.00,0.00,84.71
0.1740,101.3250,101.3250,101.3250,101.3250,0.00,0.00,72.77,0.00,0.00,84.71
0.1760,101.3250,101.3250,101.3250,101.3250,0.00,0.00,72.77,0.00,0.00,84.71
0.1780,101.3250,101.3250,101.3250,101.3250,0.00,0.00,72.77,0.00,0.00,84.71
0.1800,101.3250,101.3250,101.3250,101.3250,0.00,0.00,72.77,0.00,0.00,84.71
0.1820,101.3250,101.3250,101.3250,101.3250,0.00,0.00,72.77,0.00,0.00,84.71
0.1840,101.3250,101.3250,101.3250,101.3250,0.00,0.00,72.77,0.00,0.00,84.71
0.1860,101.3250,101.3250,101.3250,101.3250,0.00,0.00,72.77,0.00,0.00,84.71
0.1880,101.3250,101.3250,101.3250,101.3250,0.00,0.00,72.77,0.00,0.00,84.71
0.1900,101.3250,101.3250,101.3250,101.3250,0.00,0.00,72.77,0.00,0.00,84.71
0.1920,101.3250,101.3250,101.3250,101.3250,0.00,0.00,72.77,0.00,0.00,84.71
0.1940,101.3250,101.3250,101.3250,101.3250,0.00,0.00,72.77,0.00,0.00,84.71
0.1960,101.3250,101.3250,101.3250,101.3250,0.00,0.00,72.77,0.00,0.00,84.71
0.1980,101.3250,101.3250,101.3250,101.3250,0.00,0.00,72.77,0.00,0.00,84.71
0.2000,101.3250,101.3250,101.3250,101.3250,0.00,0.00,72.77,0.00,0.00,84.71
0.2020,101.3250,101.3250,101.3250,101.3250,0.00,0.00,72.77,0.00,0.00,84.71
0.2040,101.3250,101.3250,101.3250,101.3250,0.00,0.00,72.77,0.00,0.00,84.71
0.2060,101.3250,101.3250,101.3250,101.3250,0.00,0.00,72.77,0.00,0.00,84.71
0.2080,101.3250,101.3250,101.3250,101.3250,0.00,0.00,72.77,0.00,0.00,84.71
0.2100,101.3250,101.3250,101.3250,101.3250,0.00,0.00,72.77,0.00,0.00,84.71
0.2120,101.3250,101.3250,101.3250,101.3250,0.00,0.00,72.77,0.00,0.00,84.71
0.2140,101.3250,101.3250,101.3250,101.3250,0.00,0.00,72.77,0.00,0.00,84.71
0.2160,101.3250,101.3250,101.3250,101.3250,0.00,0.00,72.77,0.00,0.00,84.71
0.2180,101.3250,101.3250,101.3250,101.3250,0.00,0.00,72.77,0.00,0.00,84.71
0.2200,101.3250,101.3250,101.3250,101.3250,0.00,0.00,72.77,0.00,0.00,84.71
0.2220,101.3250,101.3250,101.3250,101.3250,0.00,0.00,72.77,0.00,0.00,84.71
0.2240,101.3250,101.3250,101.3250,101.3250,0.00,0.00,72.77,0.00,0.00,84.71
0.2260,101.3250,101.3250,101.3250,101.3250,0.00,0.00,72.77,0.00,0.00,84.71
0.2280,101.3250,101.3250,101.3250,101.3250,0.00,0.00,72.77,0.00,0.00,84.71
0.2300,101.3250,101.3250,101.3250,101.3250,0.00,0.00,72.77,0.00,0.00,84.71
0.2320,101.3250,101.3250,101.3250,101.3250,0.00,0.00,72.77,0.00,0.00,84.71
0.2340,101.3250,101.3250,101.3250,101.3250,0.00,0.00,72.77,0.00,0.00,84.71
0.2360,101.3250,101.3250,101.3250,101.3250,0.00,0.00,72.77,0.00,0.00,84.71
0.2380,101.3250,101.3250,101.3250,101.3250,0.00,0.00,72.77,0.00,0.00,84.71
0.2400,101.3250,101.3250,101.3250,101.3250,0.00,0.00,72.77,0.00,0.00,84.71
0.2420,101.3250,101.3250,101.3250,101.3250,0.00,0.00,72.77,0.00,0.00,84.71
0.2440,101.3250,101.3250,101.3250,101.3250,0.00,0.00,72.77,0.00,0.00,84.71
0.2460,101.3250,101.3250,101.3250,101.3250,0.00,0.00,72.77,0.00,0.00,84.71
0.2480,101.3250,101.3250,101.3250,101.3250,0.00,0.00,72.77,0.00,0.00,84.71
0.2500,101.3250,101.3250,101.3250,101.3250,0.00,0.00,72.77,0.00,0.00,84.71
0.2520,101.3250,101.3250,101.3250,101.3250,0.00,0.00,72.77,0.00,0.00,84.71
0.2540,101.3250,101.3250,101.3250,101.3250,0.00,0.00,72.77,0.00,0.00,84.71
0.2560,101.3250,101.3250,101.3250,101.3250,0.00,0.00,72.77,0.00,0.00,84.71
0.2580,101.3250,101.3250,101.3250,101.3250,0.00,0.00,72.77,0.00,0.00,84.71
0.2600,101.3250,101.3250,101.3250,101.3250,0.00,0.00,72.77,0.00,0.00,84.71
0.2620,101.3250,101.3250,101.3250,101.3250,0.00,0.00,72.77,0.00,0.00,84.71
0.2640,101.3250,101.3250,101.3250,101.3250,0.00,0.00,72.77,0.00,0.00,84.71
0.2660,101.3250,101.3250,101.3250,101.3250,0.00,0.00,72.77,0.00,0.00,84.71
0.2680,101.3250,101.3250,101.3250,101.3250,0.00,0.00,72.77,0.00,0.00,84.71
0.2700,101.3250,101.3250,101.3250,101.3250,0.00,0.00,72.77,0.00,0.00,84.71
0.2720,101.3250,101.3250,101.3250,101.3250,0.00,0.00,72.77,0.00,0.00,84.71
0.2740,101.3250,101.3250,101.3250,101.3250,0.00,0.00,72.77,0.00,0.00,84.71
0.2760,101.3250,101.3250,101.3250,101.3250,0.00,0.00,72.77,0.00,0.00,84.71
0.2780,101.3250,101.3250,101.3250,101.3250,0.00,0.00,72.77,0.00,0.00,84.71
0.2800,101.3250,101.3250,101.3250,101.3250,0.00,0.00,72.77,0.00,0.00,84.71
0.2820,101.3250,101.3250,101.3250,101.3250,0.00,0.00,72.77,0.00,0.00,84.71
0.2840,101.3250,101.3250,101.3250,101.3250,0.00,0.00,72.77,0.00,0.00,84.71
0.2860,101.3250,101.3250,101.3250,101.3250,0.00,0.00,72.77,0.00,0.00,84.71
0.2880,101.3250,101.3250,101.3250,101.3250,0.00,0.00,72.77,0.00,0.00,84.71
0.2900,101.3250,101.3250,101.3250,101.3250,0.00,0.00,72.77,0.00,0.00,84.71
0.2920,101.3250,101.3250,101.3250,101.3250,0.00,0.00,72.77,0.00,0.00,84.71
0.2940,101.3250,101.3250,101.3250,101.3250,0.00,0.00,72.77,0.00,0.00,84.71
0.2960,101.3250,101.3250,101.3250,101.3250,0.00,0.00,72.77,0.00,0.00,84.71
0.2980,101.3250,101.3250,101.3250,101.3250,0.00,0.00,72.77,0.00,0.00,84.71
0.3000,101.3250,101.3250,101.3250,101.3250,0.00,0.00,72.77,0.00,0.00,84.71
0.3020,101.3250,101.3250,101.3250,101.3250,0.00,0.00,72.77,0.00,0.00,84.71
0.3040,101.3250,101.3250,101.3250,101.3250,0.00,0.00,72.77,0.00,0.00,84.71
0.3060,101.3250,101.3250,101.3250,101.3250,0.00,0.00,72.77,0.00,0.00,84.71
0.3080,101.3250,101.3250,101.3250,101.3250,0.00,0.00,72.77,0.00,0.00,84.71
0.3100,101.3250,101.3250,101.3250,101.3250,0.00,0.00,72.77,0.00,0.00,84.71
0.3120,101.3250,101.3250,101.3250,101.3250,0.00,0.00,72.77,0.00,0.00,84.71
0.3140,101.3250,101.3250,101.3250,101.3250,0.00,0.00,72.77,0.00,0.00,84.71
0.3160,101.3250,101.3250,101.3250,101.3250,0.00,0.00,72.77,0.00,0.00,84.71
0.3180,101.3250,101.3250,101.3250,101.3250,0.00,0.00,72.77,0.00,0.00,84.71
0.3200,101.3250,101.3250,101.3250,101.3250,0.00,0.00,72.77,0.00,0.00,84.71
0.3220,101.3250,101.3250,101.3250,101.3250,0.00,0.00,72.77,0.00,0.00,84.71
0.3240,101.3250,101.3250,101.3250,101.3250,0.00,0.00,72.77,0.00,0.00,84.71
0.3260,101.3250,101.3250,101.3250,101.3250,0.00,0.00,72.77,0.00,0.00,84.71
0.3280,101.3250,101.3250,101.3250,101.3250,0.00,0.00,72.77,0.00,0.00,84.71
0.3300,101.3250,101.3250,101.3250,101.3250,0.00,0.00,72.77,0.00,0.00,84.71
0.3320,101.3250,101.3250,101.3250,101.3250,0.00,0.00,72.77,0.00,0.00,84.71
0.3340,101.3250,101.3250,101.3250,101.3250,0.00,0.00,72.77,0.00,0.00,84.71
0.3360,101.3250,101.3250,101.3250,101.3250,0.00,0.00,72.77,0.00,0.00,84.71
0.3380,101.3250,101.3250,101.3250,101.3250,0.00,0.00,72.77,0.00,0.00,84.71
0.3400,101.3250,101.3250,101.3250,101.3250,0.00,0.00,72.77,0.00,0.00,84.71
0.3420,101.3250,101.3250,101.3250,101.3250,0.00,0.00,72.77,0.00,0.00,84.71
0.3440,101.3250,101.3250,101.3250,101.3250,0.00,0.00,72.77,0.00,0.00,84.71
0.3460,101.3250,101.3250,101.3250,101.3250,0.00,0.00,72.77,0.00,0.00,84.71
0.3480,101.3250,101.3250,101.3250,101.3250,0.00,0.00,72.77,0.00,0.00,84.71
0.3500,101.3250,101.3250,101.3250,101.3250,0.00,0.00,72.77,0.00,0.00,84.71
0.3520,101.3250,101.3250,101.3250,101.3250,0.00,0.00,72.77,0.00,0.00,84.71
0.3540,101.3250,101.3250,101.3250,101.3250,0.00,0.00,72.77,0.00,0.00,84.71
0.3560,101.3250,101.3250,101.3250,101.3250,0.00,0.00,72.77,0.00,0.00,84.71
0.3580,101.3250,101.3250,101.3250,101.3250,0.00,0.00,72.77,0.00,0.00,84.71
0.3600,101.3250,101.3250,101.3250,101.3250,0.00,0.00,72.77,0.00,0.00,84.71
0.3620,101.3250,101.3250,101.3250,101.3250,0.00,0.00,72.77,0.00,0.00,84.71
0.3640,101.3250,101.3250,101.3250,101.3250,0.00,0.00,72.77,0.00,0.00,84.71
0.3660,101.3250,101.3250,101.3250,101.3250,0.00,0.00,72.77,0.00,0.00,84.71
0.3680,101.3250,101.3250,101.3250,101.3250,0.00,0.00,72.77,0.00,0.00,84.71
0.3700,101.3250,101.3250,101.3250,101.3250,0.00,0.00,72.77,0.00,0.00,84.71
0.3720,101.3250,101.3250,101.3250,101.3250,0.00,0.00,72.77,0.00,0.00,84.71
0.3740,101.3250,101.3250,101.3250,101.3250,0.00,0.00,72.77,0.00,0.00,84.71
0.3760,101.3250,101.3250,101.3250,101.3250,0.00,0.00,72.77,0.00,0.00,84.71
0.3780,101.3250,101.3250,101.3250,101.3250,0.00,0.00,72.77,0.00,0.00,84.71
0.3800,101.3250,101.3250,101.3250,101.3250,0.00,0.00,72.77,0.00,0.00,84.71
0.3820,101.3250,101.3250,101.3250,101.3250,0.00,0.00,72.77,0.00,0.00,84.71
0.3840,101.3250,101.3250,101.3250,101.3250,0.00,0.00,72.77,0.00,0.00,84.71
0.3860,101.3250,101.3250,101.3250,101.3250,0.00,0.00,72.77,0.00,0.00,84.71
0.3880,101.3250,101.3250,101.3250,101.3250,0.00,0.00,72.77,0.00,0.00,84.71
0.3900,101.3250,101.3250,101.3250,101.3250,0.00,0.00,72.77,0.00,0.00,84.71
0.3920,101.3250,101.3250,101.3250,101.3250,0.00,0.00,72.77,0.00,0.00,84.71
0.3940,101.3250,101.3250,101.3250,101.3250,0.00,0.00,72.77,0.00,0.00,84.71
0.3960,101.3250,101.3250,101.3250,101.3250,0.00,0.00,72.77,0.00,0.00,84.71
0.3980,101.3250,101.3250,101.3250,101.3250,0.00,0.00,72.77,0.00,0.00,84.71
0.4000,101.3250,101.3250,101.3250,101.3250,0.00,0.00,72.77,0.00,0.00,84.71
0.4020,101.3250,101.3250,101.3250,101.3250,0.00,0.00,72.77,0.00,0.00,84.71
0.4040,101.3250,101.3250,101.3250,101.3250,0.00,0.00,72.77,0.00,0.00,84.71
0.4060,101.3250,101.3250,101.3250,101.3250,0.00,0.00,72.77,0.00,0.00,84.71
0.4080,101.3250,101.3250,101.3250,101.3250,0.00,0.00,72.77,0.00,0.00,84.71
0.4100,101.3250,101.3250,101.3250,101.3250,0.00,0.00,72.77,0.00,0.00,84.71
0.4120,101.3250,101.3250,101.3250,101.3250,0.00,0.00,72.77,0.00,0.00,84.71
0.4140,101.3250,101.3250,101.3250,101.3250,0.00,0.00,72.77,0.00,0.00,84.71
0.4160,101.3250,101.3250,101.3250,101.3250,0.00,0.00,72.77,0.00,0.00,84.71
0.4180,101.3250,101.3250,101.3250,101.3250,0.00,0.00,72.77,0.00,0.00,84.71
0.4200,101.3250,101.3250,101.3250,101.3250,0.00,0.00,72.77,0.00,0.00,84.71
0.4220,101.3250,101.3250,101.3250,101.3250,0.00,0.00,72.77,0.00,0.00,84.71
0.4240,101.3250,101.3250,101.3250,101.3250,0.00,0.00,72.77,0.00,0.00,84.71
0.4260,101.3250,101.3250,101.3250,101.3250,0.00,0.00,72.77,0.00,0.00,84.71
0.4280,101.3250,101.3250,101.3250,101.3250,0.00,0.00,72.77,0.00,0.00,84.71
0.4300,101.3250,101.3250,101.3250,101.3250,0.00,0.00,72.77,0.00,0.00,84.71
0.4320,101.3250,101.3250,101.3250,101.3250,0.00,0.00,72.77,0.00,0.00,84.71
0.4340,101.3250,101.3250,101.3250,101.3250,0.00,0.00,72.77,0.00,0.00,84.71
0.4360,101.3250,101.3250,101.3250,101.3250,0.00,0.00,72.77,0.00,0.00,84.71
0.4380,101.3250,101.3250,101.3250,101.3250,0.00,0.00,72.77,0.00,0.00,84.71
0.4400,101.3250,101.3250,101.3250,101.3250,0.00,0.00,72.77,0.00,0.00,84.71
0.4420,101.3250,101.3250,101.3250,101.3250,0.00,0.00,72.77,0.00,0.00,84.71
0.4440,101.3250,101.3250,101.3250,101.3250,0.00,0.00,72.77,0.00,0.00,84.71
0.4460,101.3250,101.3250,101.3250,101.3250,0.00,0.00,72.77,0.00,0.00,84.71
0.4480,101.3250,101.3250,101.3250,101.3250,0.00,0.00,72.77,0.00,0.00,84.71
0.4500,101.3250,101.3250,101.3250,101.3250,0.00,0.00,72.77,0.00,0.00,84.71
0.4520,101.3250,101.3250,101.3250,101.3250,0.00,0.00,72.77,0.00,0.00,84.71
0.4540,101.3250,101.3250,101.3250,101.3250,0.00,0.00,72.77,0.00,0.00,84.71
0.4560,101.3250,101.3250,101.3250,101.3250,0.00,0.00,72.77,0.00,0.00,84.71
0.4580,101.3250,101.3250,101.3250,101.3250,0.00,0.00,72.77,0.00,0.00,84.71
0.4600,101.3250,101.3250,101.3250,101.3250,0.00,0.00,72.77,0.00,0.00,84.71
0.4620,101.3250,101.3250,101.3250,101.3250,0.00,0.00,72.77,0.00,0.00,84.71
0.4640,101.3250,101.3250,101.3250,101.3250,0.00,0.00,72.77,0.00,0.00,84.71
0.4660,101.3250,101.3250,101.3250,101.3250,0.00,0.00,72.77,0.00,0.00,84.71
0.4680,101.3250,101.3250,101.3250,101.3250,0.00,0.00,72.77,0.00,0.00,84.71
0.4700,101.3250,101.3250,101.3250,101.3250,0.00,0.00,72.77,0.00,0.00,84.71
0.4720,101.3250,101.3250,101.3250,101.3250,0.00,0.00,72.77,0.00,0.00,84.71
0.4740,101.3250,101.3250,101.3250,101.3250,0.00,0.00,72.77,0.00,0.00,84.71
0.4760,101.3250,101.3250,101.3250,101.3250,0.00,0.00,72.77,0.00,0.00,84.71
0.4780,101.3250,101.3250,101.3250,101.3250,0.00,0.00,72.77,0.00,0.00,84.71
0.4800,101.3250,101.3250,101.3250,101.3250,0.00,0.00,72.77,0.00,0.00,84.71
0.4820,101.3250,101.3250,101.3250,101.3250,0.00,0.00,72.77,0.00,0.00,84.71
0.4840,101.3250,101.3250,101.3250,101.3250,0.00,0.00,72.77,0.00,0.00,84.71
0.4860,101.3250,101.3250,101.3250,101.3250,0.00,0.00,72.77,0.00,0.00,84.71
0.4880,101.3250,101.3250,101.3250,101.3250,0.00,0.00,72.77,0.00,0.00,84.71
0.4900,101.3250,101.3250,101.3250,101.3250,0.00,0.00,72.77,0.00,0.00,84.71
0.4920,101.3250,101.3250,101.3250,101.3250,0.00,0.00,72.77,0.00,0.00,84.71
0.4940,101.3250,101.3250,101.3250,101.3250,0.00,0.00,72.77,0.00,0.00,84.71
0.4960,101.3250,101.3250,101.3250,101.3250,0.00,0.00,72.77,0.00,0.00,84.71
0.4980,101.3250,101.3250,101.3250,101.3250,0.00,0.00,72.77,0.00,0.00,84.71
0.5000,101.3250,101.3250,101.3250,101.3250,0.00,0.00,72.77,0.00,0.00,84.71
0.5020,101.3250,101.3250,101.3250,101.3250,0.00,0.00,72.77,0.00,0.00,84.71
0.5040,101.3250,101.3250,101.3250,101.3250,0.00,0.00,72.77,0.00,0.00,84.71
0.5060,101.3250,101.3250,101.3250,101.3250,0.00,0.00,72.77,0.00,0.00,84.71
0.5080,101.3250,101.3250,101.3250,101.3250,0.00,0.00,72.77,0.00,0.00,84.71
0.5100,101.3250,101.3250,101.3250,101.3250,0.00,0.00,72.77,0.00,0.00,84.71
0.5120,101.3250,101.3250,101.3250,101.3250,0.00,0.00,72.77,0.00,0.00,84.71
0.5140,101.3250,101.3250,101.3250,101.3250,0.00,0.00,72.77,0.00,0.00,84.71
0.5160,101.3250,101.3250,101.3250,101.3250,0.00,0.00,72.77,0.00,0.00,84.71
0.5180,101.3250,101.3250,101.3250,101.3250,0.00,0.00,72.77,0.00,0.00,84.71
0.5200,101.3250,101.3250,101.3250,101.3250,0.00,0.00,72.77,0.00,0.00,84.71
0.5220,101.3250,101.3250,101.3250,101.3250,0.00,0.00,72.77,0.00,0.00,84.71
0.5240,101.3250,101.3250,101.3250,101.3250,0.00,0.00,72.77,0.00,0.00,84.71
0.5260,101.3250,101.3250,101.3250,101.3250,0.00,0.00,72.77,0.00,0.00,84.71
0.5280,101.3250,101.3250,101.3250,101.3250,0.00,0.00,72.77,0.00,0.00,84.71
0.5300,101.3250,101.3250,101.3250,101.3250,0.00,0.00,72.77,0.00,0.00,84.71
0.5320,101.3250,101.3250,101.3250,101.3250,0.00,0.00,72.77,0.00,0.00,84.71
0.5340,101.3250,101.3250,101.3250,101.3250,0.00,0.00,72.77,0.00,0.00,84.71
0.5360,101.3250,101.3250,101.3250,101.3250,0.00,0.00,72.77,0.00,0.00,84.71
0.5380,101.3250,101.3250,101.3250,101.3250,0.00,0.00,72.77,0.00,0.00,84.71
0.5400,101.3250,101.3250,101.3250,101.3250,0.00,0.00,72.77,0.00,0.00,84.71
0.5420,101.3250,101.3250,101.3250,101.3250,0.00,0.00,72.77,0.00,0.00,84.71
0.5440,101.3250,101.3250,101.3250,101.3250,0.00,0.00,72.77,0.00,0.00,84.71
0.5460,101.3250,101.3250,101.3250,101.3250,0.00,0.00,72.77,0.00,0.00,84.71
0.5480,101.3250,101.3250,101.3250,101.3250,0.00,0.00,72.77,0.00,0.00,84.71
0.5500,101.3250,101.3250,101.3250,101.3250,0.00,0.00,72.77,0.00,0.00,84.71
0.5520,101.3250,101.3250,101.3250,101.3250,0.00,0.00,72.77,0.00,0.00,84.71
0.5540,101.3250,101.3250,101.3250,101.3250,0.00,0.00,72.77,0.00,0.00,84.71
0.5560,101.3250,101.3250,101.3250,101.3250,0.00,0.00,72.77,0.00,0.00,84.71
0.5580,101.3250,101.3250,101.3250,101.3250,0.00,0.00,72.77,0.00,0.00,84.71
0.5600,101.3250,101.3250,101.3250,101.3250,0.00,0.00,72.77,0.00,0.00,84.71
0.5620,101.3250,101.3250,101.3250,101.3250,0.00,0.00,72.77,0.00,0.00,84.71
0.5640,101.3250,101.3250,101.3250,101.3250,0.00,0.00,72.77,0.00,0.00,84.71
0.5660,101.3250,101.3250,101.3250,101.3250,0.00,0.00,72.77,0.00,0.00,84.71
0.5680,101.3250,101.3250,101.3250,101.3250,0.00,0.00,72.77,0.00,0.00,84.71
0.5700,101.3250,101.3250,101.3250,101.3250,0.00,0.00,72.77,0.00,0.00,84.71
0.5720,101.3250,101.3250,101.3250,101.3250,0.00,0.00,72.77,0.00,0.00,84.71
0.5740,101.3250,101.3250,101.3250,101.3250,0.00,0.00,72.77,0.00,0.00,84.71
0.5760,101.3250,101.3250,101.3250,101.3250,0.00,0.00,72.77,0.00,0.00,84.71
0.5780,101.3250,101.3250,101.3250,101.3250,0.00,0.00,72.77,0.00,0.00,84.71
0.5800,101.3250,101.3250,101.3250,101.3250,0.00,0.00,72.77,0.00,0.00,84.71
0.5820,101.3250,101.3250,101.3250,101.3250,0.00,0.00,72.77,0.00,0.00,84.71
0.5840,101.3250,101.3250,101.3250,101.3250,0.00,0.00,72.77,0.00,0.00,84.71
0.5860,101.3250,101.3250,101.3250,101.3250,0.00,0.00,72.77,0.00,0.00,84.71
0.5880,101.3250,101.3250,101.3250,101.3250,0.00,0.00,72.77,0.00,0.00,84.71
0.5900,101.3250,101.3250,101.3250,101.3250,0.00,0.00,72.77,0.00,0.00,84.71
0.5920,101.3250,101.3250,101.3250,101.3250,0.00,0.00,72.77,0.00,0.00,84.71
0.5940,101.3250,101.3250,101.3250,101.3250,0.00,0.00,72.77,0.00,0.00,84.71
0.5960,101.3250,101.3250,101.3250,101.3250,0.00,0.00,72.77,0.00,0.00,84.71
0.5980,101.3250,101.3250,101.3250,101.3250,0.00,0.00,72.77,0.00,0.00,84.71
0.6000,101.3250,101.3250,101.3250,101.3250,0.00,0.00,72.77,0.00,0.00,84.71
0.6020,101.3250,101.3250,101.3250,101.3250,0.00,0.00,72.77,0.00,0.00,84.71
0.6040,101.3250,101.3250,101.3250,101.3250,0.00,0.00,72.77,0.00,0.00,84.71
0.6060,101.3250,101.3250,101.3250,101.3250,0.00,0.00,72.77,0.00,0.00,84.71
0.6080,101.3250,101.3250,101.3250,101.3250,0.00,0.00,72.77,0.00,0.00,84.71
0.6100,101.3250,101.3250,101.3250,101.3250,0.00,0.00,72.77,0.00,0.00,84.71
0.6120,101.3250,101.3250,101.3250,101.3250,0.00,0.00,72.77,0.00,0.00,84.71
0.6140,101.3250,101.3250,101.3250,101.3250,0.00,0.00,72.77,0.00,0.00,84.71
0.6160,101.3250,101.3250,101.3250,101.3250,0.00,0.00,72.77,0.00,0.00,84.71
0.6180,101.3250,101.3250,101.3250,101.3250,0.00,0.00,72.77,0.00,0.00,84.71
0.6200,101.3250,101.3250,101.3250,101.3250,0.00,0.00,72.77,0.00,0.00,84.71
0.6220,101.3250,101.3250,101.3250,101.3250,0.00,0.00,72.77,0.00,0.00,84.71
0.6240,101.3250,101.3250,101.3250,101.3250,0.00,0.00,72.77,0.00,0.00,84.71
0.6260,101.3250,101.3250,101.3250,101.3250,0.00,0.00,72.77,0.00,0.00,84.71
0.6280,101.3250,101.3250,101.3250,101.3250,0.00,0.00,72.77,0.00,0.00,84.71
0.6300,101.3250,101.3250,101.3250,101.3250,0.00,0.00,72.77,0.00,0.00,84.71
0.6320,101.3250,101.3250,101.3250,101.3250,0.00,0.00,72.77,0.00,0.00,84.71
0.6340,101.3250,101.3250,101.3250,101.3250,0.00,0.00,72.77,0.00,0.00,84.71
0.6360,101.3250,101.3250,101.3250,101.3250,0.00,0.00,72.77,0.00,0.00,84.71
0.6380,101.3250,101.3250,101.3250,101.3250,0.00,0.00,72.77,0.00,0.00,84.71
0.6400,101.3250,101.3250,101.3250,101.3250,0.00,0.00,72.77,0.00,0.00,84.71
0.6420,101.3250,101.3250,101.3250,101.3250,0.00,0.00,72.77,0.00,0.00,84.71
0.6440,101.3250,101.3250,101.3250,101.3250,0.00,0.00,72.77,0.00,0.00,84.71
0.6460,101.3250,101.3250,101.3250,101.3250,0.00,0.00,72.77,0.00,0.00,84.71
0.6480,101.3250,101.3250,101.3250,101.3250,0.00,0.00,72.77,0.00,0.00,84.71
0.6500,101.3250,101.3250,101.3250,101.3250,0.00,0.00,72.77,0.00,0.00,84.71
0.6520,101.3250,101.3250,101.3250,101.3250,0.00,0.00,72.77,0.00,0.00,84.71
0.6540,101.3250,101.3250,101.3250,101.3250,0.00,0.00,72.77,0.00,0.00,84.71
0.6560,101.3250,101.3250,101.3250,101.3250,0.00,0.00,72.77,0.00,0.00,84.71
0.6580,101.3250,101.3250,101.3250,101.3250,0.00,0.00,72.77,0.00,0.00,84.71
0.6600,101.3250,101.3250,101.3250,101.3250,0.00,0.00,72.77,0.00,0.00,84.71
0.6620,101.3250,101.3250,101.3250,101.3250,0.00,0.00,72.77,0.00,0.00,84.71
0.6640,101.3250,101.3250,101.3250,101.3250,0.00,0.00,72.77,0.00,0.00,84.71
0.6660,101.3250,101.3250,101.3250,101.3250,0.00,0.00,72.77,0.00,0.00,84.71
0.6680,101.3250,101.3250,101.3250,101.3250,0.00,0.00,72.77,0.00,0.00,84.71
0.6700,101.3250,101.3250,101.3250,101.3250,0.00,0.00,72.77,0.00,0.00,84.71
0.6720,101.3250,101.3250,101.3250,101.3250,0.00,0.00,72.77,0.00,0.00,84.71
0.6740,101.3250,101.3250,101.3250,101.3250,0.00,0.00,72.77,0.00,0.00,84.71
0.6760,101.3250,101.3250,101.3250,101.3250,0.00,0.00,72.77,0.00,0.00,84.71
0.6780,101.3250,101.3250,101.3250,101.3250,0.00,0.00,72.77,0.00,0.00,84.71
0.6800,101.3250,101.3250,101.3250,101.3250,0.00,0.00,72.77,0.00,0.00,84.71
0.6820,101.3250,101.3250,101.3250,101.3250,0.00,0.00,72.77,0.00,0.00,84.71
0.6840,101.3250,101.3250,101.3250,101.3250,0.00,0.00,72.77,0.00,0.00,84.71
0.6860,101.3250,101.3250,101.3250,101.3250,0.00,0.00,72.77,0.00,0.00,84.71
0.6880,101.3250,101.3250,101.3250,101.3250,0.00,0.00,72.77,0.00,0.00,84.71
0.6900,101.3250,101.3250,101.3250,101.3250,0.00,0.00,72.77,0.00,0.00,84.71
0.6920,101.3250,101.3250,101.3250,101.3250,0.00,0.00,72.77,0.00,0.00,84.71
0.6940,101.3250,101.3250,101.3250,101.3250,0.00,0.00,72.77,0.00,0.00,84.71
0.6960,101.3250,101.3250,101.3250,101.3250,0.00,0.00,72.77,0.00,0.00,84.71
0.6980,101.3250,101.3250,101.3250,101.3250,0.00,0.00,72.77,0.00,0.00,84.71
0.7000,101.3250,101.3250,101.3250,101.3250,0.00,0.00,72.77,0.00,0.00,84.71
0.7020,101.3250,101.3250,101.3250,101.3250,0.00,0.00,72.77,0.00,0.00,84.71
0.7040,101.3250,101.3250,101.3250,101.3250,0.00,0.00,72.77,0.00,0.00,84.71
0.7060,101.3250,101.3250,101.3250,101.3250,0.00,0.00,72.77,0.00,0.00,84.71
0.7080,101.3250,101.3250,101.3250,101.3250,0.00,0.00,72.77,0.00,0.00,84.71
0.7100,101.3250,101.3250,101.3250,101.3250,0.00,0.00,72.77,0.00,0.00,84.71
0.7120,101.3250,101.3250,101.3250,101.3250,0.00,0.00,72.77,0.00,0.00,84.71
0.7140,101.3250,101.3250,101.3250,101.3250,0.00,0.00,72.77,0.00,0.00,84.71
0.7160,101.3250,101.3250,101.3250,101.3250,0.00,0.00,72.77,0.00,0.00,84.71
0.7180,101.3250,101.3250,101.3250,101.3250,0.00,0.00,72.77,0.00,0.00,84.71
0.7200,101.3250,101.3250,101.3250,101.3250,0.00,0.00,72.77,0.00,0.00,84.71
0.7220,101.3250,101.3250,101.3250,101.3250,0.00,0.00,72.77,0.00,0.00,84.71
0.7240,101.3250,101.3250,101.3250,101.3250,0.00,0.00,72.77,0.00,0.00,84.71
0.7260,101.3250,101.3250,101.3250,101.3250,0.00,0.00,72.77,0.00,0.00,84.71
0.7280,101.3250,101.3250,101.3250,101.3250,0.00,0.00,72.77,0.00,0.00,84.71
0.7300,101.3250,101.3250,101.3250,101.3250,0.00,0.00,72.77,0.00,0.00,84.71
0.7320,101.3250,101.3250,101.3250,101.3250,0.00,0.00,72.77,0.00,0.00,84.71
0.7340,101.3250,101.3250,101.3250,101.3250,0.00,0.00,72.77,0.00,0.00,84.71
0.7360,101.3250,101.3250,101.3250,101.3250,0.00,0.00,72.77,0.00,0.00,84.71
0.7380,101.3250,101.3250,101.3250,101.3250,0.00,0.00,72.77,0.00,0.00,84.71
0.7400,101.3250,101.3250,101.3250,101.3250,0.00,0.00,72.77,0.00,0.00,84.71
0.7420,101.3250,101.3250,101.3250,101.3250,0.00,0.00,72.77,0.00,0.00,84.71
0.7440,101.3250,101.3250,101.3250,101.3250,0.00,0.00,72.77,0.00,0.00,84.71
0.7460,101.3250,101.3250,101.3250,101.3250,0.00,0.00,72.77,0.00,0.00,84.71
0.7480,101.3250,101.3250,101.3250,101.3250,0.00,0.00,72.77,0.00,0.00,84.71
0.7500,101.3250,101.3250,101.3250,101.3250,0.00,0.00,72.77,0.00,0.00,84.71
0.7520,101.3250,101.3250,101.3250,101.3250,0.00,0.00,72.77,0.00,0.00,84.71
0.7540,101.3250,101.3250,101.3250,101.3250,0.00,0.00,72.77,0.00,0.00,84.71
0.7560,101.3250,101.3250,101.3250,101.3250,0.00,0.00,72.77,0.00,0.00,84.71
0.7580,101.3250,101.3250,101.3250,101.3250,0.00,0.00,72.77,0.00,0.00,84.71
0.7600,101.3250,101.3250,101.3250,101.3250,0.00,0.00,72.77,0.00,0.00,84.71
0.7620,101.3250,101.3250,101.3250,101.3250,0.00,0.00,72.77,0.00,0.00,84.71
0.7640,101.3250,101.3250,101.3250,101.3250,0.00,0.00,72.77,0.00,0.00,84.71
0.7660,101.3250,101.3250,101.3250,101.3250,0.00,0.00,72.77,0.00,0.00,84.71
0.7680,101.3250,101.3250,101.3250,101.3250,0.00,0.00,72.77,0.00,0.00,84.71
0.7700,101.3250,101.3250,101.3250,101.3250,0.00,0.00,72.77,0.00,0.00,84.71
0.7720,101.3250,101.3250,101.3250,101.3250,0.00,0.00,72.77,0.00,0.00,84.71
0.7740,101.3250,101.3250,101.3250,101.3250,0.00,0.00,72.77,0.00,0.00,84.71
0.7760,101.3250,101.3250,101.3250,101.3250,0.00,0.00,72.77,0.00,0.00,84.71
0.7780,101.3250,101.3250,101.3250,101.3250,0.00,0.00,72.77,0.00,0.00,84.71
0.7800,101.3250,101.3250,101.3250,101.3250,0.00,0.00,72.77,0.00,0.00,84.71
0.7820,101.3250,101.3250,101.3250,101.3250,0.00,0.00,72.77,0.00,0.00,84.71
0.7840,101.3250,101.3250,101.3250,101.3250,0.00,0.00,72.77,0.00,0.00,84.71
0.7860,101.3250,101.3250,101.3250,101.3250,0.00,0.00,72.77,0.00,0.00,84.71
0.7880,101.3250,101.3250,101.3250,101.3250,0.00,0.00,72.77,0.00,0.00,84.71
0.7900,101.3250,101.3250,101.3250,101.3250,0.00,0.00,72.77,0.00,0.00,84.71
0.7920,101.3250,101.3250,101.3250,101.3250,0.00,0.00,72.77,0.00,0.00,84.71
0.7940,101.3250,101.3250,101.3250,101.3250,0.00,0.00,72.77,0.00,0.00,84.71
0.7960,101.3250,101.3250,101.3250,101.3250,0.00,0.00,72.77,0.00,0.00,84.71
0.7980,101.3250,101.3250,101.3250,101.3250,0.00,0.00,72.77,0.00,0.00,84.71
0.8000,101.3250,101.3250,101.3250,101.3250,0.00,0.00,72.77,0.00,0.00,84.71
0.8020,101.3250,101.3250,101.3250,101.3250,0.00,0.00,72.77,0.00,0.00,84.71
0.8040,101.3250,101.3250,101.3250,101.3250,0.00,0.00,72.77,0.00,0.00,84.71
0.8060,101.3250,101.3250,101.3250,101.3250,0.00,0.00,72.77,0.00,0.00,84.71
0.8080,101.3250,101.3250,101.3250,101.3250,0.00,0.00,72.77,0.00,0.00,84.71
0.8100,101.3250,101.3250,101.3250,101.3250,0.00,0.00,72.77,0.00,0.00,84.71
0.8120,101.3250,101.3250,101.3250,101.3250,0.00,0.00,72.77,0.00,0.00,84.71
0.8140,101.3250,101.3250,101.3250,101.3250,0.00,0.00,72.77,0.00,0.00,84.71
0.8160,101.3250,101.3250,101.3250,101.3250,0.00,0.00,72.77,0.00,0.00,84.71
0.8180,101.3250,101.3250,101.3250,101.3250,0.00,0.00,72.77,0.00,0.00,84.71
0.8200,101.3250,101.3250,101.3250,101.3250,0.00,0.00,72.77,0.00,0.00,84.71
0.8220,101.3250,101.3250,101.3250,101.3250,0.00,0.00,72.77,0.00,0.00,84.71
0.8240,101.3250,101.3250,101.3250,101.3250,0.00,0.00,72.77,0.00,0.00,84.71
0.8260,101.3250,101.3250,101.3250,101.3250,0.00,0.00,72.77,0.00,0.00,84.71
0.8280,101.3250,101.3250,101.3250,101.3250,0.00,0.00,72.77,0.00,0.00,84.71
0.8300,101.3250,101.3250,101.3250,101.3250,0.00,0.00,72.77,0.00,0.00,84.71
0.8320,101.3250,101.3250,101.3250,101.3250,0.00,0.00,72.77,0.00,0.00,84.71
0.8340,101.3250,101.3250,101.3250,101.3250,0.00,0.00,72.77,0.00,0.00,84.71
0.8360,101.3250,101.3250,101.3250,101.3250,0.00,0.00,72.77,0.00,0.00,84.71
0.8380,101.3250,101.3250,101.3250,101.3250,0.00,0.00,72.77,0.00,0.00,84.71
0.8400,101.3250,101.3250,101.3250,101.3250,0.00,0.00,72.77,0.00,0.00,84.71
0.8420,101.3250,101.3250,101.3250,101.3250,0.00,0.00,72.77,0.00,0.00,84.71
0.8440,101.3250,101.3250,101.3250,101.3250,0.00,0.00,72.77,0.00,0.00,84.71
0.8460,101.3250,101.3250,101.3250,101.3250,0.00,0.00,72.77,0.00,0.00,84.71
0.8480,101.3250,101.3250,101.3250,101.3250,0.00,0.00,72.77,0.00,0.00,84.71
0.8500,101.3250,101.3250,101.3250,101.3250,0.00,0.00,72.77,0.00,0.00,84.71
0.8520,101.3250,101.3250,101.3250,101.3250,0.00,0.00,72.77,0.00,0.00,84.71
0.8540,101.3250,101.3250,101.3250,101.3250,0.00,0.00,72.77,0.00,0.00,84.71
0.8560,101.3250,101.3250,101.3250,101.3250,0.00,0.00,72.77,0.00,0.00,84.71
0.8580,101.3250,101.3250,101.3250,101.3250,0.00,0.00,72.77,0.00,0.00,84.71
0.8600,101.3250,101.3250,101.3250,101.3250,0.00,0.00,72.77,0.00,0.00,84.71
0.8620,101.3250,101.3250,101.3250,101.3250,0.00,0.00,72.77,0.00,0.00,84.71
0.8640,101.3250,101.3250,101.3250,101.3250,0.00,0.00,72.77,0.00,0.00,84.71
0.8660,101.3250,101.3250,101.3250,101.3250,0.00,0.00,72.77,0.00,0.00,84.71
0.8680,101.3250,101.3250,101.3250,101.3250,0.00,0.00,72.77,0.00,0.00,84.71
0.8700,101.3250,101.3250,101.3250,101.3250,0.00,0.00,72.77,0.00,0.00,84.71
0.8720,101.3250,101.3250,101.3250,101.3250,0.00,0.00,72.77,0.00,0.00,84.71
0.8740,101.3250,101.3250,101.3250,101.3250,0.00,0.00,72.77,0.00,0.00,84.71
0.8760,101.3250,101.3250,101.3250,101.3250,0.00,0.00,72.77,0.00,0.00,84.71
0.8780,101.3250,101.3250,101.3250,101.3250,0.00,0.00,72.77,0.00,0.00,84.71
0.8800,101.3250,101.3250,101.3250,101.3250,0.00,0.00,72.77,0.00,0.00,84.71
0.8820,101.3250,101.3250,101.3250,101.3250,0.00,0.00,72.77,0.00,0.00,84.71
0.8840,101.3250,101.3250,101.3250,101.3250,0.00,0.00,72.77,0.00,0.00,84.71
0.8860,101.3250,101.3250,101.3250,101.3250,0.00,0.00,72.77,0.00,0.00,84.71
0.8880,101.3250,101.3250,101.3250,101.3250,0.00,0.00,72.77,0.00,0.00,84.71
0.8900,101.3250,101.3250,101.3250,101.3250,0.00,0.00,72.77,0.00,0.00,84.71
0.8920,101.3250,101.3250,101.3250,101.3250,0.00,0.00,72.77,0.00,0.00,84.71
0.8940,101.3250,101.3250,101.3250,101.3250,0.00,0.00,72.77,0.00,0.00,84.71
0.8960,101.3250,101.3250,101.3250,101.3250,0.00,0.00,72.77,0.00,0.00,84.71
0.8980,101.3250,101.3250,101.3250,101.3250,0.00,0.00,72.77,0.00,0.00,84.71
0.9000,101.3250,101.3250,101.3250,101.3250,0.00,0.00,72.77,0.00,0.00,84.71
0.9020,101.3250,101.3250,101.3250,101.3250,0.00,0.00,72.77,0.00,0.00,84.71
0.9040,101.3250,101.3250,101.3250,101.3250,0.00,0.00,72.77,0.00,0.00,84.71
0.9060,101.3250,101.3250,101.3250,101.3250,0.00,0.00,72.77,0.00,0.00,84.71
0.9080,101.3250,101.3250,101.3250,101.3250,0.00,0.00,72.77,0.00,0.00,84.71
0.9100,101.3250,101.3250,101.3250,101.3250,0.00,0.00,72.77,0.00,0.00,84.71
0.9120,101.3250,101.3250,101.3250,101.3250,0.00,0.00,72.77,0.00,0.00,84.71
0.9140,101.3250,101.3250,101.3250,101.3250,0.00,0.00,72.77,0.00,0.00,84.71
0.9160,101.3250,101.3250,101.3250,101.3250,0.00,0.00,72.77,0.00,0.00,84.71
0.9180,101.3250,101.3250,101.3250,101.3250,0.00,0.00,72.77,0.00,0.00,84.71
0.9200,101.3250,101.3250,101.3250,101.3250,0.00,0.00,72.77,0.00,0.00,84.71
0.9220,101.3250,101.3250,101.3250,101.3250,0.00,0.00,72.77,0.00,0.00,84.71
0.9240,101.3250,101.3250,101.3250,101.3250,0.00,0.00,72.77,0.00,0.00,84.71
0.9260,101.3250,101.3250,101.3250,101.3250,0.00,0.00,72.77,0.00,0.00,84.71
0.9280,101.3250,101.3250,101.3250,101.3250,0.00,0.00,72.77,0.00,0.00,84.71
0.9300,101.3250,101.3250,101.3250,101.3250,0.00,0.00,72.77,0.00,0.00,84.71
0.9320,101.3250,101.3250,101.3250,101.3250,0.00,0.00,72.77,0.00,0.00,84.71
0.9340,101.3250,101.3250,101.3250,101.3250,0.00,0.00,72.77,0.00,0.00,84.71
0.9360,101.3250,101.3250,101.3250,101.3250,0.00,0.00,72.77,0.00,0.00,84.71
0.9380,101.3250,101.3250,101.3250,101.3250,0.00,0.00,72.77,0.00,0.00,84.71
0.9400,101.3250,101.3250,101.3250,101.3250,0.00,0.00,72.77,0.00,0.00,84.71
0.9420,101.3250,101.3250,101.3250,101.3250,0.00,0.00,72.77,0.00,0.00,84.71
0.9440,101.3250,101.3250,101.3250,101.3250,0.00,0.00,72.77,0.00,0.00,84.71
0.9460,101.3250,101.3250,101.3250,101.3250,0.00,0.00,72.77,0.00,0.00,84.71
0.9480,101.3250,101.3250,101.3250,101.3250,0.00,0.00,72.77,0.00,0.00,84.71
0.9500,101.3250,101.3250,101.3250,101.3250,0.00,0.00,72.77,0.00,0.00,84.71
0.9520,101.3250,101.3250,101.3250,101.3250,0.00,0.00,72.77,0.00,0.00,84.71
0.9540,101.3250,101.3250,101.3250,101.3250,0.00,0.00,72.77,0.00,0.00,84.71
0.9560,101.3250,101.3250,101.3250,101.3250,0.00,0.00,72.77,0.00,0.00,84.71
0.9580,101.3250,101.3250,101.3250,101.3250,0.00,0.00,72.77,0.00,0.00,84.71
0.9600,101.3250,101.3250,101.3250,101.3250,0.00,0.00,72.77,0.00,0.00,84.71
0.9620,101.3250,101.3250,101.3250,101.3250,0.00,0.00,72.77,0.00,0.00,84.71
0.9640,101.3250,101.3250,101.3250,101.3250,0.00,0.00,72.77,0.00,0.00,84.71
0.9660,101.3250,101.3250,101.3250,101.3250,0.00,0.00,72.77,0.00,0.00,84.71
0.9680,101.3250,101.3250,101.3250,101.3250,0.00,0.00,72.77,0.00,0.00,84.71
0.9700,101.3250,101.3250,101.3250,101.3250,0.00,0.00,72.77,0.00,0.00,84.71
0.9720,101.3250,101.3250,101.3250,101.3250,0.00,0.00,72.77,0.00,0.00,84.71
0.9740,101.3250,101.3250,101.3250,101.3250,0.00,0.00,72.77,0.00,0.00,84.71
0.9760,101.3250,101.3250,101.3250,101.3250,0.00,0.00,72.77,0.00,0.00,84.71
0.9780,101.3250,101.3250,101.3250,101.3250,0.00,0.00,72.77,0.00,0.00,84.71
0.9800,101.3250,101.3250,101.3250,101.3250,0.00,0.00,72.77,0.00,0.00,84.71
0.9820,101.3250,101.3250,101.3250,101.3250,0.00,0.00,72.77,0.00,0.00,84.71
0.9840,101.3250,101.3250,101.3250,101.3250,0.00,0.00,72.77,0.00,0.00,84.71
0.9860,101.3250,101.3250,101.3250,101.3250,0.00,0.00,72.77,0.00,0.00,84.71
0.9880,101.3250,101.3250,101.3250,101.3250,0.00,0.00,72.77,0.00,0.00,84.71
0.9900,101.3250,101.3250,101.3250,101.3250,0.00,0.00,72.77,0.00,0.00,84.71
0.9920,101.3250,101.3250,101.3250,101.3250,0.00,0.00,72.77,0.00,0.00,84.71
0.9940,101.3250,101.3250,101.3250,101.3250,0.00,0.00,72.77,0.00,0.00,84.71
0.9960,101.3250,101.3250,101.3250,101.3250,0.00,0.00,72.77,0.00,0.00,84.71
0.9980,101.3250,101.3250,101.3250,101.3250,0.00,0.00,72.77,0.00,0.00,84.71
1.0000,101.3250,101.3250,101.3250,101.3250,0.00,0.00,72.77,0.00,0.00,84.71
1.0020,101.3250,101.3250,101.3250,101.3250,0.00,0.00,72.77,0.00,0.00,84.71
1.0040,101.3250,101.3250,101.3250,101.3250,0.00,0.00,72.77,0.00,0.00,84.71
1.0060,101.3250,101.3250,101.3250,101.3250,0.00,0.00,72.77,0.00,0.00,84.71
1.0080,101.3250,101.3250,101.3250,101.3250,0.00,0.00,72.77,0.00,0.00,84.71
1.0100,101.3250,101.3250,101.3250,101.3250,0.00,0.00,72.77,0.00,0.00,84.71
1.0120,101.3250,101.3250,101.3250,101.3250,0.00,0.00,72.77,0.00,0.00,84.71
1.0140,101.3250,101.3250,101.3250,101.3250,0.00,0.00,72.77,0.00,0.00,84.71
1.0160,101.3250,101.3250,101.3250,101.3250,0.00,0.00,72.77,0.00,0.00,84.71
1.0180,101.3250,101.3250,101.3250,101.3250,0.00,0.00,72.77,0.00,0.00,84.71
1.0200,101.3250,101.3250,101.3250,101.3250,0.00,0.00,72.77,0.00,0.00,84.71
1.0220,101.3250,101.3250,101.3250,101.3250,0.00,0.00,72.77,0.00,0.00,84.71
1.0240,101.3250,101.3250,101.3250,101.3250,0.00,0.00,72.77,0.00,0.00,84.71
1.0260,101.3250,101.3250,101.3250,101.3250,0.00,0.00,72.77,0.00,0.00,84.71
1.0280,101.3250,101.3250,101.3250,101.3250,0.00,0.00,72.77,0.00,0.00,84.71
1.0300,101.3250,101.3250,101.3250,101.3250,0.00,0.00,72.77,0.00,0.00,84.71
1.0320,101.3250,101.3250,101.3250,101.3250,0.00,0.00,72.77,0.00,0.00,84.71
1.0340,101.3250,101.3250,101.3250,101.3250,0.00,0.00,72.77,0.00,0.00,84.71
1.0360,101.3250,101.3250,101.3250,101.3250,0.00,0.00,72.77,0.00,0.00,84.71
1.0380,101.3250,101.3250,101.3250,101.3250,0.00,0.00,72.77,0.00,0.00,84.71
1.0400,101.3250,101.3250,101.3250,101.3250,0.00,0.00,72.77,0.00,0.00,84.71
1.0420,101.3250,101.3250,101.3250,101.3250,0.00,0.00,72.77,0.00,0.00,84.71
1.0440,101.3250,101.3250,101.3250,101.3250,0.00,0.00,72.77,0.00,0.00,84.71
1.0460,101.3250,101.3250,101.3250,101.3250,0.00,0.00,72.77,0.00,0.00,84.71
1.0480,101.3250,101.3250,101.3250,101.3250,0.00,0.00,72.77,0.00,0.00,84.71
1.0500,101.3250,101.3250,101.3250,101.3250,0.00,0.00,72.77,0.00,0.00,84.71
1.0520,101.3250,101.3250,101.3250,101.3250,0.00,0.00,72.77,0.00,0.00,84.71
1.0540,101.3250,101.3250,101.3250,101.3250,0.00,0.00,72.77,0.00,0.00,84.71
1.0560,101.3250,101.3250,101.3250,101.3250,0.00,0.00,72.77,0.00,0.00,84.71
1.0580,101.3250,101.3250,101.3250,101.3250,0.00,0.00,72.77,0.00,0.00,84.71
1.0600,101.3250,101.3250,101.3250,101.3250,0.00,0.00,72.77,0.00,0.00,84.71
1.0620,101.3250,101.3250,101.3250,101.3250,0.00,0.00,72.77,0.00,0.00,84.71
1.0640,101.3250,101.3250,101.3250,101.3250,0.00,0.00,72.77,0.00,0.00,84.71
1.0660,101.3250,101.3250,101.3250,101.3250,0.00,0.00,72.77,0.00,0.00,84.71
1.0680,101.3250,101.3250,101.3250,101.3250,0.00,0.00,72.77,0.00,0.00,84.71
1.0700,101.3250,101.3250,101.3250,101.3250,0.00,0.00,72.77,0.00,0.00,84.71
1.0720,101.3250,101.3250,101.3250,101.3250,0.00,0.00,72.77,0.00,0.00,84.71
1.0740,101.3250,101.3250,101.3250,101.3250,0.00,0.00,72.77,0.00,0.00,84.71
1.0760,101.3250,101.3250,101.3250,101.3250,0.00,0.00,72.77,0.00,0.00,84.71
1.0780,101.3250,101.3250,101.3250,101.3250,0.00,0.00,72.77,0.00,0.00,84.71
1.0800,101.3250,101.3250,101.3250,101.3250,0.00,0.00,72.77,0.00,0.00,84.71
1.0820,101.3250,101.3250,101.3250,101.3250,0.00,0.00,72.77,0.00,0.00,84.71
1.0840,101.3250,101.3250,101.3250,101.3250,0.00,0.00,72.77,0.00,0.00,84.71
1.0860,101.3250,101.3250,101.3250,101.3250,0.00,0.00,72.77,0.00,0.00,84.71
1.0880,101.3250,101.3250,101.3250,101.3250,0.00,0.00,72.77,0.00,0.00,84.71
1.0900,101.3250,101.3250,101.3250,101.3250,0.00,0.00,72.77,0.00,0.00,84.71
1.0920,101.3250,101.3250,101.3250,101.3250,0.00,0.00,72.77,0.00,0.00,84.71
1.0940,101.3250,101.3250,101.3250,101.3250,0.00,0.00,72.77,0.00,0.00,84.71
1.0960,101.3250,101.3250,101.3250,101.3250,0.00,0.00,72.77,0.00,0.00,84.71
1.0980,101.3250,101.3250,101.3250,101.3250,0.00,0.00,72.77,0.00,0.00,84.71
1.1000,101.3250,101.3250,101.3250,101.3250,0.00,0.00,72.77,0.00,0.00,84.71
1.1020,101.3250,101.3250,101.3250,101.3250,0.00,0.00,72.77,0.00,0.00,84.71
1.1040,101.3250,101.3250,101.3250,101.3250,0.00,0.00,72.77,0.00,0.00,84.71
1.1060,101.3250,101.3250,101.3250,101.3250,0.00,0.00,72.77,0.00,0.00,84.71
1.1080,101.3250,101.3250,101.3250,101.3250,0.00,0.00,72.77,0.00,0.00,84.71
1.1100,101.3250,101.3250,101.3250,101.3250,0.00,0.00,72.77,0.00,0.00,84.71
1.1120,101.3250,101.3250,101.3250,101.3250,0.00,0.00,72.77,0.00,0.00,84.71
1.1140,101.3250,101.3250,101.3250,101.3250,0.00,0.00,72.77,0.00,0.00,84.71
1.1160,101.3250,101.3250,101.3250,101.3250,0.00,0.00,72.77,0.00,0.00,84.71
1.1180,101.3250,101.3250,101.3250,101.3250,0.00,0.00,72.77,0.00,0.00,84.71
1.1200,101.3250,101.3250,101.3250,101.3250,0.00,0.00,72.77,0.00,0.00,84.71
1.1220,101.3250,101.3250,101.3250,101.3250,0.00,0.00,72.77,0.00,0.00,84.71
1.1240,101.3250,101.3250,101.3250,101.3250,0.00,0.00,72.77,0.00,0.00,84.71
1.1260,101.3250,101.3250,101.3250,101.3250,0.00,0.00,72.77,0.00,0.00,84.71
1.1280,101.3250,101.3250,101.3250,101.3250,0.00,0.00,72.77,0.00,0.00,84.71
1.1300,101.3250,101.3250,101.3250,101.3250,0.00,0.00,72.77,0.00,0.00,84.71
1.1320,101.3250,101.3250,101.3250,101.3250,0.00,0.00,72.77,0.00,0.00,84.71
1.1340,101.3250,101.3250,101.3250,101.3250,0.00,0.00,72.77,0.00,0.00,84.71
1.1360,101.3250,101.3250,101.3250,101.3250,0.00,0.00,72.77,0.00,0.00,84.71
1.1380,101.3250,101.3250,101.3250,101.3250,0.00,0.00,72.77,0.00,0.00,84.71
1.1400,101.3250,101.3250,101.3250,101.3250,0.00,0.00,72.77,0.00,0.00,84.71
1.1420,101.3250,101.3250,101.3250,101.3250,0.00,0.00,72.77,0.00,0.00,84.71
1.1440,101.3250,101.3250,101.3250,101.3250,0.00,0.00,72.77,0.00,0.00,84.71
1.1460,101.3250,101.3250,101.3250,101.3250,0.00,0.00,72.77,0.00,0.00,84.71
1.1480,101.3250,101.3250,101.3250,101.3250,0.00,0.00,72.77,0.00,0.00,84.71
1.1500,101.3250,101.3250,101.3250,101.3250,0.00,0.00,72.77,0.00,0.00,84.71
1.1520,101.3250,101.3250,101.3250,101.3250,0.00,0.00,72.77,0.00,0.00,84.71
1.1540,101.3250,101.3250,101.3250,101.3250,0.00,0.00,72.77,0.00,0.00,84.71
1.1560,101.3250,101.3250,101.3250,101.3250,0.00,0.00,72.77,0.00,0.00,84.71
1.1580,101.3250,101.3250,101.3250,101.3250,0.00,0.00,72.77,0.00,0.00,84.71
1.1600,101.3250,101.3250,101.3250,101.3250,0.00,0.00,72.77,0.00,0.00,84.71
1.1620,101.3250,101.3250,101.3250,101.3250,0.00,0.00,72.77,0.00,0.00,84.71
1.1640,101.3250,101.3250,101.3250,101.3250,0.00,0.00,72.77,0.00,0.00,84.71
1.1660,101.3250,101.3250,101.3250,101.3250,0.00,0.00,72.77,0.00,0.00,84.71
1.1680,101.3250,101.3250,101.3250,101.3250,0.00,0.00,72.77,0.00,0.00,84.71
1.1700,101.3250,101.3250,101.3250,101.3250,0.00,0.00,72.77,0.00,0.00,84.71
1.1720,101.3250,101.3250,101.3250,101.3250,0.00,0.00,72.77,0.00,0.00,84.71
1.1740,101.3250,101.3250,101.3250,101.3250,0.00,0.00,72.77,0.00,0.00,84.71
1.1760,101.3250,101.3250,101.3250,101.3250,0.00,0.00,72.77,0.00,0.00,84.71
1.1780,101.3250,101.3250,101.3250,101.3250,0.00,0.00,72.77,0.00,0.00,84.71
1.1800,101.3250,101.3250,101.3250,101.3250,0.00,0.00,72.77,0.00,0.00,84.71
1.1820,101.3250,101.3250,101.3250,101.3250,0.00,0.00,72.77,0.00,0.00,84.71
1.1840,101.3250,101.3250,101.3250,101.3250,0.00,0.00,72.77,0.00,0.00,84.71
1.1860,101.3250,101.3250,101.3250,101.3250,0.00,0.00,72.77,0.00,0.00,84.71
1.1880,101.3250,101.3250,101.3250,101.3250,0.00,0.00,72.77,0.00,0.00,84.71
1.1900,101.3250,101.3250,101.3250,101.3250,0.00,0.00,72.77,0.00,0.00,84.71
1.1920,101.3250,101.3250,101.3250,101.3250,0.00,0.00,72.77,0.00,0.00,84.71
1.1940,101.3250,101.3250,101.3250,101.3250,0.00,0.00,72.77,0.00,0.00,84.71
1.1960,101.3250,101.3250,101.3250,101.3250,0.00,0.00,72.77,0.00,0.00,84.71
1.1980,101.3250,101.3250,101.3250,101.3250,0.00,0.00,72.77,0.00,0.00,84.71
1.2000,101.3250,101.3250,101.3250,101.3250,0.00,0.00,72.77,0.00,0.00,84.71
1.2020,101.3250,101.3250,101.3250,101.3250,0.00,0.00,72.77,0.00,0.00,84.71
1.2040,101.3250,101.3250,101.3250,101.3250,0.00,0.00,72.77,0.00,0.00,84.71
1.2060,101.3250,101.3250,101.3250,101.3250,0.00,0.00,72.77,0.00,0.00,84.71
1.2080,101.3250,101.3250,101.3250,101.3250,0.00,0.00,72.77,0.00,0.00,84.71
1.2100,101.3250,101.3250,101.3250,101.3250,0.00,0.00,72.77,0.00,0.00,84.71
1.2120,101.3250,101.3250,101.3250,101.3250,0.00,0.00,72.77,0.00,0.00,84.71
1.2140,101.3250,101.3250,101.3250,101.3250,0.00,0.00,72.77,0.00,0.00,84.71
1.2160,101.3250,101.3250,101.3250,101.3250,0.00,0.00,72.77,0.00,0.00,84.71
1.2180,101.3250,101.3250,101.3250,101.3250,0.00,0.00,72.77,0.00,0.00,84.71
1.2200,101.3250,101.3250,101.3250,101.3250,0.00,0.00,72.77,0.00,0.00,84.71
1.2220,101.3250,101.3250,101.3250,101.3250,0.00,0.00,72.77,0.00,0.00,84.71
1.2240,101.3250,101.3250,101.3250,101.3250,0.00,0.00,72.77,0.00,0.00,84.71
1.2260,101.3250,101.3250,101.3250,101.3250,0.00,0.00,72.77,0.00,0.00,84.71
1.2280,101.3250,101.3250,101.3250,101.3250,0.00,0.00,72.77,0.00,0.00,84.71
1.2300,101.3250,101.3250,101.3250,101.3250,0.00,0.00,72.77,0.00,0.00,84.71
1.2320,101.3250,101.3250,101.3250,101.3250,0.00,0.00,72.77,0.00,0.00,84.71
1.2340,101.3250,101.3250,101.3250,101.3250,0.00,0.00,72.77,0.00,0.00,84.71
1.2360,101.3250,101.3250,101.3250,101.3250,0.00,0.00,72.77,0.00,0.00,84.71
1.2380,101.3250,101.3250,101.3250,101.3250,0.00,0.00,72.77,0.00,0.00,84.71
1.2400,101.3250,101.3250,101.3250,101.3250,0.00,0.00,72.77,0.00,0.00,84.71
1.2420,101.3250,101.3250,101.3250,101.3250,0.00,0.00,72.77,0.00,0.00,84.71
1.2440,101.3250,101.3250,101.3250,101.3250,0.00,0.00,72.77,0.00,0.00,84.71
1.2460,101.3250,101.3250,101.3250,101.3250,0.00,0.00,72.77,0.00,0.00,84.71
1.2480,101.3250,101.3250,101.3250,101.3250,0.00,0.00,72.77,0.00,0.00,84.71
1.2500,101.3250,101.3250,101.3250,101.3250,0.00,0.00,72.77,0.00,0.00,84.71
1.2520,101.3250,101.3250,101.3250,101.3250,0.00,0.00,72.77,0.00,0.00,84.71
1.2540,101.3250,101.3250,101.3250,101.3250,0.00,0.00,72.77,0.00,0.00,84.71
1.2560,101.3250,101.3250,101.3250,101.3250,0.00,0.00,72.77,0.00,0.00,84.71
1.2580,101.3250,101.3250,101.3250,101.3250,0.00,0.00,72.77,0.00,0.00,84.71
1.2600,101.3250,101.3250,101.3250,101.3250,0.00,0.00,72.77,0.00,0.00,84.71
1.2620,101.3250,101.3250,101.3250,101.3250,0.00,0.00,72.77,0.00,0.00,84.71
1.2640,101.3250,101.3250,101.3250,101.3250,0.00,0.00,72.77,0.00,0.00,84.71
1.2660,101.3250,101.3250,101.3250,101.3250,0.00,0.00,72.77,0.00,0.00,84.71
1.2680,101.3250,101.3250,101.3250,101.3250,0.00,0.00,72.77,0.00,0.00,84.71
1.2700,101.3250,101.3250,101.3250,101.3250,0.00,0.00,72.77,0.00,0.00,84.71
1.2720,101.3250,101.3250,101.3250,101.3250,0.00,0.00,72.77,0.00,0.00,84.71
1.2740,101.3250,101.3250,101.3250,101.3250,0.00,0.00,72.77,0.00,0.00,84.71
1.2760,101.3250,101.3250,101.3250,101.3250,0.00,0.00,72.77,0.00,0.00,84.71
1.2780,101.3250,101.3250,101.3250,101.3250,0.00,0.00,72.77,0.00,0.00,84.71
1.2800,101.3250,101.3250,101.3250,101.3250,0.00,0.00,72.77,0.00,0.00,84.71
1.2820,101.3250,101.3250,101.3250,101.3250,0.00,0.00,72.77,0.00,0.00,84.71
1.2840,101.3250,101.3250,101.3250,101.3250,0.00,0.00,72.77,0.00,0.00,84.71
1.2860,101.3250,101.3250,101.3250,101.3250,0.00,0.00,72.77,0.00,0.00,84.71
1.2880,101.3250,101.3250,101.3250,101.3250,0.00,0.00,72.77,0.00,0.00,84.71
1.2900,101.3250,101.3250,101.3250,101.3250,0.00,0.00,72.77,0.00,0.00,84.71
1.2920,101.3250,101.3250,101.3250,101.3250,0.00,0.00,72.77,0.00,0.00,84.71
1.2940,101.3250,101.3250,101.3250,101.3250,0.00,0.00,72.77,0.00,0.00,84.71
1.2960,101.3250,101.3250,101.3250,101.3250,0.00,0.00,72.77,0.00,0.00,84.71
1.2980,101.3250,101.3250,101.3250,101.3250,0.00,0.00,72.77,0.00,0.00,84.71
1.3000,101.3250,101.3250,101.3250,101.3250,0.00,0.00,72.77,0.00,0.00,84.71
1.3020,101.3250,101.3250,101.3250,101.3250,0.00,0.00,72.77,0.00,0.00,84.71
1.3040,101.3250,101.3250,101.3250,101.3250,0.00,0.00,72.77,0.00,0.00,84.71
1.3060,101.3250,101.3250,101.3250,101.3250,0.00,0.00,72.77,0.00,0.00,84.71
1.3080,101.3250,101.3250,101.3250,101.3250,0.00,0.00,72.77,0.00,0.00,84.71
1.3100,101.3250,101.3250,101.3250,101.3250,0.00,0.00,72.77,0.00,0.00,84.71
1.3120,101.3250,101.3250,101.3250,101.3250,0.00,0.00,72.77,0.00,0.00,84.71
1.3140,101.3250,101.3250,101.3250,101.3250,0.00,0.00,72.77,0.00,0.00,84.71
1.3160,101.3250,101.3250,101.3250,101.3250,0.00,0.00,72.77,0.00,0.00,84.71
1.3180,101.3250,101.3250,101.3250,101.3250,0.00,0.00,72.77,0.00,0.00,84.71
1.3200,101.3250,101.3250,101.3250,101.3250,0.00,0.00,72.77,0.00,0.00,84.71
1.3220,101.3250,101.3250,101.3250,101.3250,0.00,0.00,72.77,0.00,0.00,84.71
1.3240,101.3250,101.3250,101.3250,101.3250,0.00,0.00,72.77,0.00,0.00,84.71
1.3260,101.3250,101.3250,101.3250,101.3250,0.00,0.00,72.77,0.00,0.00,84.71
1.3280,101.3250,101.3250,101.3250,101.3250,0.00,0.00,72.77,0.00,0.00,84.71
1.3300,101.3250,101.3250,101.3250,101.3250,0.00,0.00,72.77,0.00,0.00,84.71
1.3320,101.3250,101.3250,101.3250,101.3250,0.00,0.00,72.77,0.00,0.00,84.71
1.3340,101.3250,101.3250,101.3250,101.3250,0.00,0.00,72.77,0.00,0.00,84.71
1.3360,101.3250,101.3250,101.3250,101.3250,0.00,0.00,72.77,0.00,0.00,84.71
1.3380,101.3250,101.3250,101.3250,101.3250,0.00,0.00,72.77,0.00,0.00,84.71
1.3400,101.3250,101.3250,101.3250,101.3250,0.00,0.00,72.77,0.00,0.00,84.71
1.3420,101.3250,101.3250,101.3250,101.3250,0.00,0.00,72.77,0.00,0.00,84.71
1.3440,101.3250,101.3250,101.3250,101.3250,0.00,0.00,72.77,0.00,0.00,84.71
1.3460,101.3250,101.3250,101.3250,101.3250,0.00,0.00,72.77,0.00,0.00,84.71
1.3480,101.3250,101.3250,101.3250,101.3250,0.00,0.00,72.77,0.00,0.00,84.71
1.3500,101.3250,101.3250,101.3250,101.3250,0.00,0.00,72.77,0.00,0.00,84.71
1.3520,101.3250,101.3250,101.3250,101.3250,0.00,0.00,72.77,0.00,0.00,84.71
1.3540,101.3250,101.3250,101.3250,101.3250,0.00,0.00,72.77,0.00,0.00,84.71
1.3560,101.3250,101.3250,101.3250,101.3250,0.00,0.00,72.77,0.00,0.00,84.71
1.3580,101.3250,101.3250,101.3250,101.3250,0.00,0.00,72.77,0.00,0.00,84.71
1.3600,101.3250,101.3250,101.3250,101.3250,0.00,0.00,72.77,0.00,0.00,84.71
1.3620,101.3250,101.3250,101.3250,101.3250,0.00,0.00,72.77,0.00,0.00,84.71
1.3640,101.3250,101.3250,101.3250,101.3250,0.00,0.00,72.77,0.00,0.00,84.71
1.3660,101.3250,101.3250,101.3250,101.3250,0.00,0.00,72.77,0.00,0.00,84.71
1.3680,101.3250,101.3250,101.3250,101.3250,0.00,0.00,72.77,0.00,0.00,84.71
1.3700,101.3250,101.3250,101.3250,101.3250,0.00,0.00,72.77,0.00,0.00,84.71
1.3720,101.3250,101.3250,101.3250,101.3250,0.00,0.00,72.77,0.00,0.00,84.71
1.3740,101.3250,101.3250,101.3250,101.3250,0.00,0.00,72.77,0.00,0.00,84.71
1.3760,101.3250,101.3250,101.3250,101.3250,0.00,0.00,72.77,0.00,0.00,84.71
1.3780,101.3250,101.3250,101.3250,101.3250,0.00,0.00,72.77,0.00,0.00,84.71
1.3800,101.3250,101.3250,101.3250,101.3250,0.00,0.00,72.77,0.00,0.00,84.71
1.3820,101.3250,101.3250,101.3250,101.3250,0.00,0.00,72.77,0.00,0.00,84.71
1.3840,101.3250,101.3250,101.3250,101.3250,0.00,0.00,72.77,0.00,0.00,84.71
1.3860,101.3250,101.3250,101.3250,101.3250,0.00,0.00,72.77,0.00,0.00,84.71
1.3880,101.3250,101.3250,101.3250,101.3250,0.00,0.00,72.77,0.00,0.00,84.71
1.3900,101.3250,101.3250,101.3250,101.3250,0.00,0.00,72.77,0.00,0.00,84.71
1.3920,101.3250,101.3250,101.3250,101.3250,0.00,0.00,72.77,0.00,0.00,84.71
1.3940,101.3250,101.3250,101.3250,101.3250,0.00,0.00,72.77,0.00,0.00,84.71
1.3960,101.3250,101.3250,101.3250,101.3250,0.00,0.00,72.77,0.00,0.00,84.71
1.3980,101.3250,101.3250,101.3250,101.3250,0.00,0.00,72.77,0.00,0.00,84.71
1.4000,101.3250,101.3250,101.3250,101.3250,0.00,0.00,72.77,0.00,0.00,84.71
1.4020,101.3250,101.3250,101.3250,101.3250,0.00,0.00,72.77,0.00,0.00,84.71
1.4040,101.3250,101.3250,101.3250,101.3250,0.00,0.00,72.77,0.00,0.00,84.71
1.4060,101.3250,101.3250,101.3250,101.3250,0.00,0.00,72.77,0.00,0.00,84.71
1.4080,101.3250,101.3250,101.3250,101.3250,0.00,0.00,72.77,0.00,0.00,84.71
1.4100,101.3250,101.3250,101.3250,101.3250,0.00,0.00,72.77,0.00,0.00,84.71
1.4120,101.3250,101.3250,101.3250,101.3250,0.00,0.00,72.77,0.00,0.00,84.71
1.4140,101.3250,101.3250,101.3250,101.3250,0.00,0.00,72.77,0.00,0.00,84.71
1.4160,101.3250,101.3250,101.3250,101.3250,0.00,0.00,72.77,0.00,0.00,84.71
1.4180,101.3250,101.3250,101.3250,101.3250,0.00,0.00,72.77,0.00,0.00,84.71
1.4200,101.3250,101.3250,101.3250,101.3250,0.00,0.00,72.77,0.00,0.00,84.71
1.4220,101.3250,101.3250,101.3250,101.3250,0.00,0.00,72.77,0.00,0.00,84.71
1.4240,101.3250,101.3250,101.3250,101.3250,0.00,0.00,72.77,0.00,0.00,84.71
1.4260,101.3250,101.3250,101.3250,101.3250,0.00,0.00,72.77,0.00,0.00,84.71
1.4280,101.3250,101.3250,101.3250,101.3250,0.00,0.00,72.77,0.00,0.00,84.71
1.4300,101.3250,101.3250,101.3250,101.3250,0.00,0.00,72.77,0.00,0.00,84.71
1.4320,101.3250,101.3250,101.3250,101.3250,0.00,0.00,72.77,0.00,0.00,84.71
1.4340,101.3250,101.3250,101.3250,101.3250,0.00,0.00,72.77,0.00,0.00,84.71
1.4360,101.3250,101.3250,101.3250,101.3250,0.00,0.00,72.77,0.00,0.00,84.71
1.4380,101.3250,101.3250,101.3250,101.3250,0.00,0.00,72.77,0.00,0.00,84.71
1.4400,101.3250,101.3250,101.3250,101.3250,0.00,0.00,72.77,0.00,0.00,84.71
1.4420,101.3250,101.3250,101.3250,101.3250,0.00,0.00,72.77,0.00,0.00,84.71
1.4440,101.3250,101.3250,101.3250,101.3250,0.00,0.00,72.77,0.00,0.00,84.71
1.4460,101.3250,101.3250,101.3250,101.3250,0.00,0.00,72.77,0.00,0.00,84.71
1.4480,101.3250,101.3250,101.3250,101.3250,0.00,0.00,72.77,0.00,0.00,84.71
1.4500,101.3250,101.3250,101.3250,101.3250,0.00,0.00,72.77,0.00,0.00,84.71
1.4520,101.3250,101.3250,101.3250,101.3250,0.00,0.00,72.77,0.00,0.00,84.71
1.4540,101.3250,101.3250,101.3250,101.3250,0.00,0.00,72.77,0.00,0.00,84.71
1.4560,101.3250,101.3250,101.3250,101.3250,0.00,0.00,72.77,0.00,0.00,84.71
1.4580,101.3250,101.3250,101.3250,101.3250,0.00,0.00,72.77,0.00,0.00,84.71
1.4600,101.3250,101.3250,101.3250,101.3250,0.00,0.00,72.77,0.00,0.00,84.71
1.4620,101.3250,101.3250,101.3250,101.3250,0.00,0.00,72.77,0.00,0.00,84.71
1.4640,101.3250,101.3250,101.3250,101.3250,0.00,0.00,72.77,0.00,0.00,84.71
1.4660,101.3250,101.3250,101.3250,101.3250,0.00,0.00,72.77,0.00,0.00,84.71
1.4680,101.3250,101.3250,101.3250,101.3250,0.00,0.00,72.77,0.00,0.00,84.71
1.4700,101.3250,101.3250,101.3250,101.3250,0.00,0.00,72.77,0.00,0.00,84.71
1.4720,101.3250,101.3250,101.3250,101.3250,0.00,0.00,72.77,0.00,0.00,84.71
1.4740,101.3250,101.3250,101.3250,101.3250,0.00,0.00,72.77,0.00,0.00,84.71
1.4760,101.3250,101.3250,101.3250,101.3250,0.00,0.00,72.77,0.00,0.00,84.71
1.4780,101.3250,101.3250,101.3250,101.3250,0.00,0.00,72.77,0.00,0.00,84.71
1.4800,101.3250,101.3250,101.3250,101.3250,0.00,0.00,72.77,0.00,0.00,84.71
1.4820,101.3250,101.3250,101.3250,101.3250,0.00,0.00,72.77,0.00,0.00,84.71
1.4840,101.3250,101.3250,101.3250,101.3250,0.00,0.00,72.77,0.00,0.00,84.71
1.4860,101.3250,101.3250,101.3250,101.3250,0.00,0.00,72.77,0.00,0.00,84.71
1.4880,101.3250,101.3250,101.3250,101.3250,0.00,0.00,72.77,0.00,0.00,84.71
1.4900,101.3250,101.3250,101.3250,101.3250,0.00,0.00,72.77,0.00,0.00,84.71
1.4920,101.3250,101.3250,101.3250,101.3250,0.00,0.00,72.77,0.00,0.00,84.71
1.4940,101.3250,101.3250,101.3250,101.3250,0.00,0.00,72.77,0.00,0.00,84.71
1.4960,101.3250,101.3250,101.3250,101.3250,0.00,0.00,72.77,0.00,0.00,84.71
1.4980,101.3250,101.3250,101.3250,101.3250,0.00,0.00,72.77,0.00,0.00,84.71
1.5000,101.3250,101.3250,101.3250,101.3250,0.00,0.00,72.77,0.00,0.00,84.71
1.5020,101.3250,101.3250,101.3250,101.3250,0.00,0.00,72.77,0.00,0.00,84.71
1.5040,101.3250,101.3250,101.3250,101.3250,0.00,0.00,72.77,0.00,0.00,84.71
1.5060,101.3250,101.3250,101.3250,101.3250,0.00,0.00,72.77,0.00,0.00,84.71
1.5080,101.3250,101.3250,101.3250,101.3250,0.00,0.00,72.77,0.00,0.00,84.71
1.5100,101.3250,101.3250,101.3250,101.3250,0.00,0.00,72.77,0.00,0.00,84.71
1.5120,101.3250,101.3250,101.3250,101.3250,0.00,0.00,72.77,0.00,0.00,84.71
1.5140,101.3250,101.3250,101.3250,101.3250,0.00,0.00,72.77,0.00,0.00,84.71
1.5160,101.3250,101.3250,101.3250,101.3250,0.00,0.00,72.77,0.00,0.00,84.71
1.5180,101.3250,101.3250,101.3250,101.3250,0.00,0.00,72.77,0.00,0.00,84.71
1.5200,101.3250,101.3250,101.3250,101.3250,0.00,0.00,72.77,0.00,0.00,84.71
1.5220,101.3250,101.3250,101.3250,101.3250,0.00,0.00,72.77,0.00,0.00,84.71
1.5240,101.3250,101.3250,101.3250,101.3250,0.00,0.00,72.77,0.00,0.00,84.71
1.5260,101.3250,101.3250,101.3250,101.3250,0.00,0.00,72.77,0.00,0.00,84.71
1.5280,101.3250,101.3250,101.3250,101.3250,0.00,0.00,72.77,0.00,0.00,84.71
1.5300,101.3250,101.3250,101.3250,101.3250,0.00,0.00,72.77,0.00,0.00,84.71
1.5320,101.3250,101.3250,101.3250,101.3250,0.00,0.00,72.77,0.00,0.00,84.71
1.5340,101.3250,101.3250,101.3250,101.3250,0.00,0.00,72.77,0.00,0.00,84.71
1.5360,101.3250,101.3250,101.3250,101.3250,0.00,0.00,72.77,0.00,0.00,84.71
1.5380,101.3250,101.3250,101.3250,101.3250,0.00,0.00,72.77,0.00,0.00,84.71
1.5400,101.3250,101.3250,101.3250,101.3250,0.00,0.00,72.77,0.00,0.00,84.71
1.5420,101.3250,101.3250,101.3250,101.3250,0.00,0.00,72.77,0.00,0.00,84.71
1.5440,101.3250,101.3250,101.3250,101.3250,0.00,0.00,72.77,0.00,0.00,84.71
1.5460,101.3250,101.3250,101.3250,101.3250,0.00,0.00,72.77,0.00,0.00,84.71
1.5480,101.3250,101.3250,101.3250,101.3250,0.00,0.00,72.77,0.00,0.00,84.71
1.5500,101.3250,101.3250,101.3250,101.3250,0.00,0.00,72.77,0.00,0.00,84.71
1.5520,101.3250,101.3250,101.3250,101.3250,0.00,0.00,72.77,0.00,0.00,84.71
1.5540,101.3250,101.3250,101.3250,101.3250,0.00,0.00,72.77,0.00,0.00,84.71
1.5560,101.3250,101.3250,101.3250,101.3250,0.00,0.00,72.77,0.00,0.00,84.71
1.5580,101.3250,101.3250,101.3250,101.3250,0.00,0.00,72.77,0.00,0.00,84.71
1.5600,101.3250,101.3250,101.3250,101.3250,0.00,0.00,72.77,0.00,0.00,84.71
1.5620,101.3250,101.3250,101.3250,101.3250,0.00,0.00,72.77,0.00,0.00,84.71
1.5640,101.3250,101.3250,101.3250,101.3250,0.00,0.00,72.77,0.00,0.00,84.71
1.5660,101.3250,101.3250,101.3250,101.3250,0.00,0.00,72.77,0.00,0.00,84.71
1.5680,101.3250,101.3250,101.3250,101.3250,0.00,0.00,72.77,0.00,0.00,84.71
1.5700,101.3250,101.3250,101.3250,101.3250,0.00,0.00,72.77,0.00,0.00,84.71
1.5720,101.3250,101.3250,101.3250,101.3250,0.00,0.00,72.77,0.00,0.00,84.71
1.5740,101.3250,101.3250,101.3250,101.3250,0.00,0.00,72.77,0.00,0.00,84.71
1.5760,101.3250,101.3250,101.3250,101.3250,0.00,0.00,72.77,0.00,0.00,84.71
1.5780,101.3250,101.3250,101.3250,101.3250,0.00,0.00,72.77,0.00,0.00,84.71
1.5800,101.3250,101.3250,101.3250,101.3250,0.00,0.00,72.77,0.00,0.00,84.71
1.5820,101.3250,101.3250,101.3250,101.3250,0.00,0.00,72.77,0.00,0.00,84.71
1.5840,101.3250,101.3250,101.3250,101.3250,0.00,0.00,72.77,0.00,0.00,84.71
1.5860,101.3250,101.3250,101.3250,101.3250,0.00,0.00,72.77,0.00,0.00,84.71
1.5880,101.3250,101.3250,101.3250,101.3250,0.00,0.00,72.77,0.00,0.00,84.71
1.5900,101.3250,101.3250,101.3250,101.3250,0.00,0.00,72.77,0.00,0.00,84.71
1.5920,101.3250,101.3250,101.3250,101.3250,0.00,0.00,72.77,0.00,0.00,84.71
1.5940,101.3250,101.3250,101.3250,101.3250,0.00,0.00,72.77,0.00,0.00,84.71
1.5960,101.3250,101.3250,101.3250,101.3250,0.00,0.00,72.77,0.00,0.00,84.71
1.5980,101.3250,101.3250,101.3250,101.3250,0.00,0.00,72.77,0.00,0.00,84.71
1.6000,101.3250,101.3250,101.3250,101.3250,0.00,0.00,72.77,0.00,0.00,84.71
1.6020,101.3250,101.3250,101.3250,101.3250,0.00,0.00,72.77,0.00,0.00,84.71
1.6040,101.3250,101.3250,101.3250,101.3250,0.00,0.00,72.77,0.00,0.00,84.71
1.6060,101.3250,101.3250,101.3250,101.3250,0.00,0.00,72.77,0.00,0.00,84.71
1.6080,101.3250,101.3250,101.3250,101.3250,0.00,0.00,72.77,0.00,0.00,84.71
1.6100,101.3250,101.3250,101.3250,101.3250,0.00,0.00,72.77,0.00,0.00,84.71
1.6120,101.3250,101.3250,101.3250,101.3250,0.00,0.00,72.77,0.00,0.00,84.71
1.6140,101.3250,101.3250,101.3250,101.3250,0.00,0.00,72.77,0.00,0.00,84.71
1.6160,101.3250,101.3250,101.3250,101.3250,0.00,0.00,72.77,0.00,0.00,84.71
1.6180,101.3250,101.3250,101.3250,101.3250,0.00,0.00,72.77,0.00,0.00,84.71
1.6200,101.3250,101.3250,101.3250,101.3250,0.00,0.00,72.77,0.00,0.00,84.71
1.6220,101.3250,101.3250,101.3250,101.3250,0.00,0.00,72.77,0.00,0.00,84.71
1.6240,101.3250,101.3250,101.3250,101.3250,0.00,0.00,72.77,0.00,0.00,84.71
1.6260,101.3250,101.3250,101.3250,101.3250,0.00,0.00,72.77,0.00,0.00,84.71
1.6280,101.3250,101.3250,101.3250,101.3250,0.00,0.00,72.77,0.00,0.00,84.71
1.6300,101.3250,101.3250,101.3250,101.3250,0.00,0.00,72.77,0.00,0.00,84.71
1.6320,101.3250,101.3250,101.3250,101.3250,0.00,0.00,72.77,0.00,0.00,84.71
1.6340,101.3250,101.3250,101.3250,101.3250,0.00,0.00,72.77,0.00,0.00,84.71
1.6360,101.3250,101.3250,101.3250,101.3250,0.00,0.00,72.77,0.00,0.00,84.71
1.6380,101.3250,101.3250,101.3250,101.3250,0.00,0.00,72.77,0.00,0.00,84.71
1.6400,101.3250,101.3250,101.3250,101.3250,0.00,0.00,72.77,0.00,0.00,84.71
1.6420,101.3250,101.3250,101.3250,101.3250,0.00,0.00,72.77,0.00,0.00,84.71
1.6440,101.3250,101.3250,101.3250,101.3250,0.00,0.00,72.77,0.00,0.00,84.71
1.6460,101.3250,101.3250,101.3250,101.3250,0.00,0.00,72.77,0.00,0.00,84.71
1.6480,101.3250,101.3250,101.3250,101.3250,0.00,0.00,72.77,0.00,0.00,84.71
1.6500,101.3250,101.3250,101.3250,101.3250,0.00,0.00,72.77,0.00,0.00,84.71
1.6520,101.3250,101.3250,101.3250,101.3250,0.00,0.00,72.77,0.00,0.00,84.71
1.6540,101.3250,101.3250,101.3250,101.3250,0.00,0.00,72.77,0.00,0.00,84.71
1.6560,101.3250,101.3250,101.3250,101.3250,0.00,0.00,72.77,0.00,0.00,84.71
1.6580,101.3250,101.3250,101.3250,101.3250,0.00,0.00,72.77,0.00,0.00,84.71
1.6600,101.3250,101.3250,101.3250,101.3250,0.00,0.00,72.77,0.00,0.00,84.71
1.6620,101.3250,101.3250,101.3250,101.3250,0.00,0.00,72.77,0.00,0.00,84.71
1.6640,101.3250,101.3250,101.3250,101.3250,0.00,0.00,72.77,0.00,0.00,84.71
1.6660,101.3250,101.3250,101.3250,101.3250,0.00,0.00,72.77,0.00,0.00,84.71
1.6680,101.3250,101.3250,101.3250,101.3250,0.00,0.00,72.77,0.00,0.00,84.71
1.6700,101.3250,101.3250,101.3250,101.3250,0.00,0.00,72.77,0.00,0.00,84.71
1.6720,101.3250,101.3250,101.3250,101.3250,0.00,0.00,72.77,0.00,0.00,84.71
1.6740,101.3250,101.3250,101.3250,101.3250,0.00,0.00,72.77,0.00,0.00,84.71
1.6760,101.3250,101.3250,101.3250,101.3250,0.00,0.00,72.77,0.00,0.00,84.71
1.6780,101.3250,101.3250,101.3250,101.3250,0.00,0.00,72.77,0.00,0.00,84.71
1.6800,101.3250,101.3250,101.3250,101.3250,0.00,0.00,72.77,0.00,0.00,84.71
1.6820,101.3250,101.3250,101.3250,101.3250,0.00,0.00,72.77,0.00,0.00,84.71
1.6840,101.3250,101.3250,101.3250,101.3250,0.00,0.00,72.77,0.00,0.00,84.71
1.6860,101.3250,101.3250,101.3250,101.3250,0.00,0.00,72.77,0.00,0.00,84.71
1.6880,101.3250,101.3250,101.3250,101.3250,0.00,0.00,72.77,0.00,0.00,84.71
1.6900,101.3250,101.3250,101.3250,101.3250,0.00,0.00,72.77,0.00,0.00,84.71
1.6920,101.3250,101.3250,101.3250,101.3250,0.00,0.00,72.77,0.00,0.00,84.71
1.6940,101.3250,101.3250,101.3250,101.3250,0.00,0.00,72.77,0.00,0.00,84.71
1.6960,101.3250,101.3250,101.3250,101.3250,0.00,0.00,72.77,0.00,0.00,84.71
1.6980,101.3250,101.3250,101.3250,101.3250,0.00,0.00,72.77,0.00,0.00,84.71
1.7000,101.3250,101.3250,101.3250,101.3250,0.00,0.00,72.77,0.00,0.00,84.71
1.7020,101.3250,101.3250,101.3250,101.3250,0.00,0.00,72.77,0.00,0.00,84.71
1.7040,101.3250,101.3250,101.3250,101.3250,0.00,0.00,72.77,0.00,0.00,84.71
1.7060,101.3250,101.3250,101.3250,101.3250,0.00,0.00,72.77,0.00,0.00,84.71
1.7080,101.3250,101.3250,101.3250,101.3250,0.00,0.00,72.77,0.00,0.00,84.71
1.7100,101.3250,101.3250,101.3250,101.3250,0.00,0.00,72.77,0.00,0.00,84.71
1.7120,101.3250,101.3250,101.3250,101.3250,0.00,0.00,72.77,0.00,0.00,84.71
1.7140,101.3250,101.3250,101.3250,101.3250,0.00,0.00,72.77,0.00,0.00,84.71
1.7160,101.3250,101.3250,101.3250,101.3250,0.00,0.00,72.77,0.00,0.00,84.71
1.7180,101.3250,101.3250,101.3250,101.3250,0.00,0.00,72.77,0.00,0.00,84.71
1.7200,101.3250,101.3250,101.3250,101.3250,0.00,0.00,72.77,0.00,0.00,84.71
1.7220,101.3250,101.3250,101.3250,101.3250,0.00,0.00,72.77,0.00,0.00,84.71
1.7240,101.3250,101.3250,101.3250,101.3250,0.00,0.00,72.77,0.00,0.00,84.71
1.7260,101.3250,101.3250,101.3250,101.3250,0.00,0.00,72.77,0.00,0.00,84.71
1.7280,101.3250,101.3250,101.3250,101.3250,0.00,0.00,72.77,0.00,0.00,84.71
1.7300,101.3250,101.3250,101.3250,101.3250,0.00,0.00,72.77,0.00,0.00,84.71
1.7320,101.3250,101.3250,101.3250,101.3250,0.00,0.00,72.77,0.00,0.00,84.71
1.7340,101.3250,101.3250,101.3250,101.3250,0.00,0.00,72.77,0.00,0.00,84.71
1.7360,101.3250,101.3250,101.3250,101.3250,0.00,0.00,72.77,0.00,0.00,84.71
1.7380,101.3250,101.3250,101.3250,101.3250,0.00,0.00,72.77,0.00,0.00,84.71
1.7400,101.3250,101.3250,101.3250,101.3250,0.00,0.00,72.77,0.00,0.00,84.71
1.7420,101.3250,101.3250,101.3250,101.3250,0.00,0.00,72.77,0.00,0.00,84.71
1.7440,101.3250,101.3250,101.3250,101.3250,0.00,0.00,72.77,0.00,0.00,84.71
1.7460,101.3250,101.3250,101.3250,101.3250,0.00,0.00,72.77,0.00,0.00,84.71
1.7480,101.3250,101.3250,101.3250,101.3250,0.00,0.00,72.77,0.00,0.00,84.71
1.7500,101.3250,101.3250,101.3250,101.3250,0.00,0.00,72.77,0.00,0.00,84.71
1.7520,101.3250,101.3250,101.3250,101.3250,0.00,0.00,72.77,0.00,0.00,84.71
1.7540,101.3250,101.3250,101.3250,101.3250,0.00,0.00,72.77,0.00,0.00,84.71
1.7560,101.3250,101.3250,101.3250,101.3250,0.00,0.00,72.77,0.00,0.00,84.71
1.7580,101.3250,101.3250,101.3250,101.3250,0.00,0.00,72.77,0.00,0.00,84.71
1.7600,101.3250,101.3250,101.3250,101.3250,0.00,0.00,72.77,0.00,0.00,84.71
1.7620,101.3250,101.3250,101.3250,101.3250,0.00,0.00,72.77,0.00,0.00,84.71
1.7640,101.3250,101.3250,101.3250,101.3250,0.00,0.00,72.77,0.00,0.00,84.71
1.7660,101.3250,101.3250,101.3250,101.3250,0.00,0.00,72.77,0.00,0.00,84.71
1.7680,101.3250,101.3250,101.3250,101.3250,0.00,0.00,72.77,0.00,0.00,84.71
1.7700,101.3250,101.3250,101.3250,101.3250,0.00,0.00,72.77,0.00,0.00,84.71
1.7720,101.3250,101.3250,101.3250,101.3250,0.00,0.00,72.77,0.00,0.00,84.71
1.7740,101.3250,101.3250,101.3250,101.3250,0.00,0.00,72.77,0.00,0.00,84.71
1.7760,101.3250,101.3250,101.3250,101.3250,0.00,0.00,72.77,0.00,0.00,84.71
1.7780,101.3250,101.3250,101.3250,101.3250,0.00,0.00,72.77,0.00,0.00,84.71
1.7800,101.3250,101.3250,101.3250,101.3250,0.00,0.00,72.77,0.00,0.00,84.71
1.7820,101.3250,101.3250,101.3250,101.3250,0.00,0.00,72.77,0.00,0.00,84.71
1.7840,101.3250,101.3250,101.3250,101.3250,0.00,0.00,72.77,0.00,0.00,84.71
1.7860,101.3250,101.3250,101.3250,101.3250,0.00,0.00,72.77,0.00,0.00,84.71
1.7880,101.3250,101.3250,101.3250,101.3250,0.00,0.00,72.77,0.00,0.00,84.71
1.7900,101.3250,101.3250,101.3250,101.3250,0.00,0.00,72.77,0.00,0.00,84.71
1.7920,101.3250,101.3250,101.3250,101.3250,0.00,0.00,72.77,0.00,0.00,84.71
1.7940,101.3250,101.3250,101.3250,101.3250,0.00,0.00,72.77,0.00,0.00,84.71
1.7960,101.3250,101.3250,101.3250,101.3250,0.00,0.00,72.77,0.00,0.00,84.71
1.7980,101.3250,101.3250,101.3250,101.3250,0.00,0.00,72.77,0.00,0.00,84.71
1.8000,101.3250,101.3250,101.3250,101.3250,0.00,0.00,72.77,0.00,0.00,84.71
1.8020,101.3250,101.3250,101.3250,101.3250,0.00,0.00,72.77,0.00,0.00,84.71
1.8040,101.3250,101.3250,101.3250,101.3250,0.00,0.00,72.77,0.00,0.00,84.71
1.8060,101.3250,101.3250,101.3250,101.3250,0.00,0.00,72.77,0.00,0.00,84.71
1.8080,101.3250,101.3250,101.3250,101.3250,0.00,0.00,72.77,0.00,0.00,84.71
1.8100,101.3250,101.3250,101.3250,101.3250,0.00,0.00,72.77,0.00,0.00,84.71
1.8120,101.3250,101.3250,101.3250,101.3250,0.00,0.00,72.77,0.00,0.00,84.71
1.8140,101.3250,101.3250,101.3250,101.3250,0.00,0.00,72.77,0.00,0.00,84.71
1.8160,101.3250,101.3250,101.3250,101.3250,0.00,0.00,72.77,0.00,0.00,84.71
1.8180,101.3250,101.3250,101.3250,101.3250,0.00,0.00,72.77,0.00,0.00,84.71
1.8200,101.3250,101.3250,101.3250,101.3250,0.00,0.00,72.77,0.00,0.00,84.71
1.8220,101.3250,101.3250,101.3250,101.3250,0.00,0.00,72.77,0.00,0.00,84.71
1.8240,101.3250,101.3250,101.3250,101.3250,0.00,0.00,72.77,0.00,0.00,84.71
1.8260,101.3250,101.3250,101.3250,101.3250,0.00,0.00,72.77,0.00,0.00,84.71
1.8280,101.3250,101.3250,101.3250,101.3250,0.00,0.00,72.77,0.00,0.00,84.71
1.8300,101.3250,101.3250,101.3250,101.3250,0.00,0.00,72.77,0.00,0.00,84.71
1.8320,101.3250,101.3250,101.3250,101.3250,0.00,0.00,72.77,0.00,0.00,84.71
1.8340,101.3250,101.3250,101.3250,101.3250,0.00,0.00,72.77,0.00,0.00,84.71
1.8360,101.3250,101.3250,101.3250,101.3250,0.00,0.00,72.77,0.00,0.00,84.71
1.8380,101.3250,101.3250,101.3250,101.3250,0.00,0.00,72.77,0.00,0.00,84.71
1.8400,101.3250,101.3250,101.3250,101.3250,0.00,0.00,72.77,0.00,0.00,84.71
1.8420,101.3250,101.3250,101.3250,101.3250,0.00,0.00,72.77,0.00,0.00,84.71
1.8440,101.3250,101.3250,101.3250,101.3250,0.00,0.00,72.77,0.00,0.00,84.71
1.8460,101.3250,101.3250,101.3250,101.3250,0.00,0.00,72.77,0.00,0.00,84.71
1.8480,101.3250,101.3250,101.3250,101.3250,0.00,0.00,72.77,0.00,0.00,84.71
1.8500,101.3250,101.3250,101.3250,101.3250,0.00,0.00,72.77,0.00,0.00,84.71
1.8520,101.3250,101.3250,101.3250,101.3250,0.00,0.00,72.77,0.00,0.00,84.71
1.8540,101.3250,101.3250,101.3250,101.3250,0.00,0.00,72.77,0.00,0.00,84.71
1.8560,101.3250,101.3250,101.3250,101.3250,0.00,0.00,72.77,0.00,0.00,84.71
1.8580,101.3250,101.3250,101.3250,101.3250,0.00,0.00,72.77,0.00,0.00,84.71
1.8600,101.3250,101.3250,101.3250,101.3250,0.00,0.00,72.77,0.00,0.00,84.71
1.8620,101.3250,101.3250,101.3250,101.3250,0.00,0.00,72.77,0.00,0.00,84.71
1.8640,101.3250,101.3250,101.3250,101.3250,0.00,0.00,72.77,0.00,0.00,84.71
1.8660,101.3250,101.3250,101.3250,101.3250,0.00,0.00,72.77,0.00,0.00,84.71
1.8680,101.3250,101.3250,101.3250,101.3250,0.00,0.00,72.77,0.00,0.00,84.71
1.8700,101.3250,101.3250,101.3250,101.3250,0.00,0.00,72.77,0.00,0.00,84.71
1.8720,101.3250,101.3250,101.3250,101.3250,0.00,0.00,72.77,0.00,0.00,84.71
1.8740,101.3250,101.3250,101.3250,101.3250,0.00,0.00,72.77,0.00,0.00,84.71
1.8760,101.3250,101.3250,101.3250,101.3250,0.00,0.00,72.77,0.00,0.00,84.71
1.8780,101.3250,101.3250,101.3250,101.3250,0.00,0.00,72.77,0.00,0.00,84.71
1.8800,101.3250,101.3250,101.3250,101.3250,0.00,0.00,72.77,0.00,0.00,84.71
1.8820,101.3250,101.3250,101.3250,101.3250,0.00,0.00,72.77,0.00,0.00,84.71
1.8840,101.3250,101.3250,101.3250,101.3250,0.00,0.00,72.77,0.00,0.00,84.71
1.8860,101.3250,101.3250,101.3250,101.3250,0.00,0.00,72.77,0.00,0.00,84.71
1.8880,101.3250,101.3250,101.3250,101.3250,0.00,0.00,72.77,0.00,0.00,84.71
1.8900,101.3250,101.3250,101.3250,101.3250,0.00,0.00,72.77,0.00,0.00,84.71
1.8920,101.3250,101.3250,101.3250,101.3250,0.00,0.00,72.77,0.00,0.00,84.71
1.8940,101.3250,101.3250,101.3250,101.3250,0.00,0.00,72.77,0.00,0.00,84.71
1.8960,101.3250,101.3250,101.3250,101.3250,0.00,0.00,72.77,0.00,0.00,84.71
1.8980,101.3250,101.3250,101.3250,101.3250,0.00,0.00,72.77,0.00,0.00,84.71
1.9000,101.3250,101.3250,101.3250,101.3250,0.00,0.00,72.77,0.00,0.00,84.71
1.9020,101.3250,101.3250,101.3250,101.3250,0.00,0.00,72.77,0.00,0.00,84.71
1.9040,101.3250,101.3250,101.3250,101.3250,0.00,0.00,72.77,0.00,0.00,84.71
1.9060,101.3250,101.3250,101.3250,101.3250,0.00,0.00,72.77,0.00,0.00,84.71
1.9080,101.3250,101.3250,101.3250,101.3250,0.00,0.00,72.77,0.00,0.00,84.71
1.9100,101.3250,101.3250,101.3250,101.3250,0.00,0.00,72.77,0.00,0.00,84.71
1.9120,101.3250,101.3250,101.3250,101.3250,0.00,0.00,72.77,0.00,0.00,84.71
1.9140,101.3250,101.3250,101.3250,101.3250,0.00,0.00,72.77,0.00,0.00,84.71
1.9160,101.3250,101.3250,101.3250,101.3250,0.00,0.00,72.77,0.00,0.00,84.71
1.9180,101.3250,101.3250,101.3250,101.3250,0.00,0.00,72.77,0.00,0.00,84.71
1.9200,101.3250,101.3250,101.3250,101.3250,0.00,0.00,72.77,0.00,0.00,84.71
1.9220,101.3250,101.3250,101.3250,101.3250,0.00,0.00,72.77,0.00,0.00,84.71
1.9240,101.3250,101.3250,101.3250,101.3250,0.00,0.00,72.77,0.00,0.00,84.71
1.9260,101.3250,101.3250,101.3250,101.3250,0.00,0.00,72.77,0.00,0.00,84.71
1.9280,101.3250,101.3250,101.3250,101.3250,0.00,0.00,72.77,0.00,0.00,84.71
1.9300,101.3250,101.3250,101.3250,101.3250,0.00,0.00,72.77,0.00,0.00,84.71
1.9320,101.3250,101.3250,101.3250,101.3250,0.00,0.00,72.77,0.00,0.00,84.71
1.9340,101.3250,101.3250,101.3250,101.3250,0.00,0.00,72.77,0.00,0.00,84.71
1.9360,101.3250,101.3250,101.3250,101.3250,0.00,0.00,72.77,0.00,0.00,84.71
1.9380,101.3250,101.3250,101.3250,101.3250,0.00,0.00,72.77,0.00,0.00,84.71
1.9400,101.3250,101.3250,101.3250,101.3250,0.00,0.00,72.77,0.00,0.00,84.71
1.9420,101.3250,101.3250,101.3250,101.3250,0.00,0.00,72.77,0.00,0.00,84.71
1.9440,101.3250,101.3250,101.3250,101.3250,0.00,0.00,72.77,0.00,0.00,84.71
1.9460,101.3250,101.3250,101.3250,101.3250,0.00,0.00,72.77,0.00,0.00,84.71
1.9480,101.3250,101.3250,101.3250,101.3250,0.00,0.00,72.77,0.00,0.00,84.71
1.9500,101.3250,101.3250,101.3250,101.3250,0.00,0.00,72.77,0.00,0.00,84.71
1.9520,101.3250,101.3250,101.3250,101.3250,0.00,0.00,72.77,0.00,0.00,84.71
1.9540,101.3250,101.3250,101.3250,101.3250,0.00,0.00,72.77,0.00,0.00,84.71
1.9560,101.3250,101.3250,101.3250,101.3250,0.00,0.00,72.77,0.00,0.00,84.71
1.9580,101.3250,101.3250,101.3250,101.3250,0.00,0.00,72.77,0.00,0.00,84.71
1.9600,101.3250,101.3250,101.3250,101.3250,0.00,0.00,72.77,0.00,0.00,84.71
1.9620,101.3250,101.3250,101.3250,101.3250,0.00,0.00,72.77,0.00,0.00,84.71
1.9640,101.3250,101.3250,101.3250,101.3250,0.00,0.00,72.77,0.00,0.00,84.71
1.9660,101.3250,101.3250,101.3250,101.3250,0.00,0.00,72.77,0.00,0.00,84.71
1.9680,101.3250,101.3250,101.3250,101.3250,0.00,0.00,72.77,0.00,0.00,84.71
1.9700,101.3250,101.3250,101.3250,101.3250,0.00,0.00,72.77,0.00,0.00,84.71
1.9720,101.3250,101.3250,101.3250,101.3250,0.00,0.00,72.77,0.00,0.00,84.71
1.9740,101.3250,101.3250,101.3250,101.3250,0.00,0.00,72.77,0.00,0.00,84.71
1.9760,101.3250,101.3250,101.3250,101.3250,0.00,0.00,72.77,0.00,0.00,84.71
1.9780,101.3250,101.3250,101.3250,101.3250,0.00,0.00,72.77,0.00,0.00,84.71
1.9800,101.3250,101.3250,101.3250,101.3250,0.00,0.00,72.77,0.00,0.00,84.71
1.9820,101.3250,101.3250,101.3250,101.3250,0.00,0.00,72.77,0.00,0.00,84.71
1.9840,101.3250,101.3250,101.3250,101.3250,0.00,0.00,72.77,0.00,0.00,84.71
1.9860,101.3250,101.3250,101.3250,101.3250,0.00,0.00,72.77,0.00,0.00,84.71
1.9880,101.3250,101.3250,101.3250,101.3250,0.00,0.00,72.77,0.00,0.00,84.71
1.9900,101.3250,101.3250,101.3250,101.3250,0.00,0.00,72.77,0.00,0.00,84.71
1.9920,101.3250,101.3250,101.3250,101.3250,0.00,0.00,72.77,0.00,0.00,84.71
1.9940,101.3250,101.3250,101.3250,101.3250,0.00,0.00,72.77,0.00,0.00,84.71
1.9960,101.3250,101.3250,101.3250,101.3250,0.00,0.00,72.77,0.00,0.00,84.71
1.9980,101.3250,101.3250,101.3250,101.3250,0.00,0.00,72.77,0.00,0.00,84.71
2.0000,150.0000,109.8138,85.0000,100.6702,66.23,66.22,0.00,84.74,84.73,0.00
2.0020,150.0000,124.2638,85.0000,99.5209,66.26,66.23,0.00,84.78,84.76,0.00
2.0040,150.0000,141.9769,85.0000,97.9287,66.27,66.24,0.00,84.83,84.80,0.00
2.0060,150.0000,154.0324,85.0000,95.9640,66.27,0.00,0.00,84.89,84.85,0.00
2.0080,150.0000,153.9392,85.0000,93.7087,0.00,0.00,71.61,84.96,84.91,0.00
2.0100,150.0000,153.7761,85.0000,91.2526,0.00,0.00,71.62,85.04,84.98,0.00
2.0120,150.0000,153.5464,85.0000,89.0231,0.00,0.00,71.62,85.11,0.00,0.00
2.0140,150.0000,153.2550,85.0000,86.7701,0.00,0.00,71.63,85.18,0.00,0.00
2.0160,150.0000,152.9078,85.0000,84.5567,0.00,0.00,71.64,85.24,0.00,0.00
2.0180,150.0000,152.5118,85.0000,84.5753,0.00,0.00,71.65,0.00,0.00,84.71
2.0200,150.0000,152.0745,85.0000,84.6080,0.00,0.00,71.66,0.00,0.00,84.72
2.0220,150.0000,151.6044,85.0000,84.6536,0.00,0.00,71.67,0.00,0.00,84.72
2.0240,150.0000,151.1103,85.0000,84.7105,0.00,0.00,71.68,0.00,0.00,84.72
2.0260,150.0000,150.6014,85.0000,84.7766,0.00,0.00,71.69,0.00,0.00,84.72
2.0280,150.0000,150.0867,85.0000,84.8495,0.00,0.00,71.70,0.00,0.00,84.72
2.0300,150.0000,149.5754,85.0000,84.9268,0.00,0.00,71.72,0.00,0.00,84.72
2.0320,150.0000,149.6201,85.0000,85.0056,66.20,0.00,0.00,0.00,0.00,84.72
2.0340,150.0000,149.7015,85.0000,85.0054,66.20,0.00,0.00,85.16,0.00,0.00
2.0360,150.0000,149.8112,85.0000,85.0051,66.20,0.00,0.00,85.16,0.00,0.00
2.0380,150.0000,149.9385,85.0000,85.0047,66.20,0.00,0.00,85.16,0.00,0.00
2.0400,150.0000,150.0707,85.0000,85.0042,66.20,0.00,0.00,85.16,0.00,0.00
2.0420,150.0000,150.0691,85.0000,85.0036,0.00,0.00,71.70,85.16,0.00,0.00
2.0440,150.0000,150.0663,85.0000,85.0029,0.00,0.00,71.70,85.16,0.00,0.00
2.0460,150.0000,150.0623,85.0000,85.0021,0.00,0.00,71.70,85.16,0.00,0.00
2.0480,150.0000,150.0573,85.0000,85.0013,0.00,0.00,71.70,85.16,0.00,0.00
2.0500,150.0000,150.0514,85.0000,85.0004,0.00,0.00,71.70,85.16,0.00,0.00
2.0520,150.0000,150.0445,85.0000,84.9996,0.00,0.00,71.70,85.16,0.00,0.00
2.0540,150.0000,150.0370,85.0000,84.9996,0.00,0.00,71.70,0.00,0.00,84.71
2.0560,150.0000,150.0288,85.0000,84.9996,0.00,0.00,71.70,0.00,0.00,84.71
2.0580,150.0000,150.0202,85.0000,84.9997,0.00,0.00,71.70,0.00,0.00,84.71
2.0600,150.0000,150.0113,85.0000,84.9997,0.00,0.00,71.70,0.00,0.00,84.71
2.0620,150.0000,150.0022,85.0000,84.9998,0.00,0.00,71.70,0.00,0.00,84.71
2.0640,150.0000,149.9931,85.0000,84.9999,0.00,0.00,71.70,0.00,0.00,84.71
2.0660,150.0000,149.9939,85.0000,84.9999,66.20,0.00,0.00,0.00,0.00,84.71
2.0680,150.0000,149.9952,85.0000,85.0000,66.20,0.00,0.00,0.00,0.00,84.71
2.0700,150.0000,149.9969,85.0000,85.0000,66.20,0.00,0.00,85.16,0.00,0.00
2.0720,150.0000,149.9990,85.0000,85.0000,66.20,0.00,0.00,85.16,0.00,0.00
2.0740,150.0000,150.0011,85.0000,85.0000,66.20,0.00,0.00,85.16,0.00,0.00
2.0760,150.0000,150.0011,85.0000,85.0000,0.00,0.00,71.70,85.16,0.00,0.00
2.0780,150.0000,150.0011,85.0000,85.0000,0.00,0.00,71.70,85.16,0.00,0.00
2.0800,150.0000,150.0010,85.0000,85.0000,0.00,0.00,71.70,85.16,0.00,0.00
2.0820,150.0000,150.0009,85.0000,85.0000,0.00,0.00,71.70,85.16,0.00,0.00
2.0840,150.0000,150.0008,85.0000,85.0000,0.00,0.00,71.70,85.16,0.00,0.00
2.0860,150.0000,150.0007,85.0000,85.0000,0.00,0.00,71.70,85.16,0.00,0.00
2.0880,150.0000,150.0006,85.0000,85.0000,0.00,0.00,71.70,85.16,0.00,0.00
2.0900,150.0000,150.0005,85.0000,85.0000,0.00,0.00,71.70,0.00,0.00,84.71
2.0920,150.0000,150.0003,85.0000,85.0000,0.00,0.00,71.70,0.00,0.00,84.71
2.0940,150.0000,150.0002,85.0000,85.0000,0.00,0.00,71.70,0.00,0.00,84.71
2.0960,150.0000,150.0000,85.0000,85.0000,0.00,0.00,71.70,0.00,0.00,84.71
2.0980,150.0000,149.9999,85.0000,85.0000,0.00,0.00,71.70,0.00,0.00,84.71
2.1000,150.0000,149.9999,85.0000,85.0000,66.20,0.00,0.00,0.00,0.00,84.71
2.1020,150.0000,149.9999,85.0000,85.0000,66.20,0.00,0.00,0.00,0.00,84.71
2.1040,150.0000,150.0000,85.0000,85.0000,66.20,0.00,0.00,0.00,0.00,84.71
2.1060,150.0000,150.0000,85.0000,85.0000,66.20,0.00,0.00,85.16,0.00,0.00
2.1080,150.0000,150.0000,85.0000,85.0000,66.20,0.00,0.00,85.16,0.00,0.00
2.1100,150.0000,150.0000,85.0000,85.0000,0.00,0.00,71.70,85.16,0.00,0.00
2.1120,150.0000,150.0000,85.0000,85.0000,0.00,0.00,71.70,85.16,0.00,0.00
2.1140,150.0000,150.0000,85.0000,85.0000,0.00,0.00,71.70,85.16,0.00,0.00
2.1160,150.0000,150.0000,85.0000,85.0000,0.00,0.00,71.70,85.16,0.00,0.00
2.1180,150.0000,150.0000,85.0000,85.0000,0.00,0.00,71.70,85.16,0.00,0.00
2.1200,150.0000,150.0000,85.0000,85.0000,0.00,0.00,71.70,85.16,0.00,0.00
2.1220,150.0000,150.0000,85.0000,85.0000,0.00,0.00,71.70,85.16,0.00,0.00
2.1240,150.0000,150.0000,85.0000,85.0000,0.00,0.00,71.70,85.16,0.00,0.00
2.1260,150.0000,150.0000,85.0000,85.0000,0.00,0.00,71.70,0.00,0.00,84.71
2.1280,150.0000,150.0000,85.0000,85.0000,0.00,0.00,71.70,0.00,0.00,84.71
2.1300,150.0000,150.0000,85.0000,85.0000,0.00,0.00,71.70,0.00,0.00,84.71
2.1320,150.0000,150.0000,85.0000,85.0000,0.00,0.00,71.70,0.00,0.00,84.71
2.1340,150.0000,150.0000,85.0000,85.0000,66.20,0.00,0.00,0.00,0.00,84.71
2.1360,150.0000,150.0000,85.0000,85.0000,66.20,0.00,0.00,0.00,0.00,84.71
2.1380,150.0000,150.0000,85.0000,85.0000,66.20,0.00,0.00,0.00,0.00,84.71
2.1400,150.0000,150.0000,85.0000,85.0000,66.20,0.00,0.00,0.00,0.00,84.71
2.1420,150.0000,150.0000,85.0000,85.0000,66.20,0.00,0.00,85.16,0.00,0.00
2.1440,150.0000,150.0000,85.0000,85.0000,0.00,0.00,71.70,85.16,0.00,0.00
2.1460,150.0000,150.0000,85.0000,85.0000,0.00,0.00,71.70,85.16,0.00,0.00
2.1480,150.0000,150.0000,85.0000,85.0000,0.00,0.00,71.70,85.16,0.00,0.00
2.1500,150.0000,150.0000,85.0000,85.0000,0.00,0.00,71.70,85.16,0.00,0.00
2.1520,150.0000,150.0000,85.0000,85.0000,0.00,0.00,71.70,85.16,0.00,0.00
2.1540,150.0000,150.0000,85.0000,85.0000,0.00,0.00,71.70,85.16,0.00,0.00
2.1560,150.0000,150.0000,85.0000,85.0000,0.00,0.00,71.70,85.16,0.00,0.00
2.1580,150.0000,150.0000,85.0000,85.0000,0.00,0.00,71.70,85.16,0.00,0.00
2.1600,150.0000,150.0000,85.0000,85.0000,0.00,0.00,71.70,85.16,0.00,0.00
2.1620,150.0000,150.0000,85.0000,85.0000,0.00,0.00,71.70,85.16,0.00,0.00
2.1640,150.0000,150.0000,85.0000,85.0000,0.00,0.00,71.70,85.16,0.00,0.00
2.1660,150.0000,150.0000,85.0000,85.0000,0.00,0.00,71.70,85.16,0.00,0.00
2.1680,150.0000,150.0000,85.0000,85.0000,66.20,0.00,0.00,85.16,0.00,0.00
2.1700,150.0000,150.0000,85.0000,85.0000,66.20,0.00,0.00,85.16,0.00,0.00
2.1720,150.0000,150.0000,85.0000,85.0000,66.20,0.00,0.00,0.00,0.00,84.71
2.1740,150.0000,150.0000,85.0000,85.0000,66.20,0.00,0.00,0.00,0.00,84.71
2.1760,150.0000,150.0000,85.0000,85.0000,66.20,0.00,0.00,0.00,0.00,84.71
2.1780,150.0000,150.0000,85.0000,85.0000,0.00,0.00,71.70,0.00,0.00,84.71
2.1800,150.0000,150.0000,85.0000,85.0000,0.00,0.00,71.70,0.00,0.00,84.71
2.1820,150.0000,150.0000,85.0000,85.0000,0.00,0.00,71.70,0.00,0.00,84.71
2.1840,150.0000,150.0000,85.0000,85.0000,0.00,0.00,71.70,0.00,0.00,84.71
2.1860,150.0000,150.0000,85.0000,85.0000,0.00,0.00,71.70,0.00,0.00,84.71
2.1880,150.0000,150.0000,85.0000,85.0000,0.00,0.00,71.70,0.00,0.00,84.71
2.1900,150.0000,150.0000,85.0000,85.0000,0.00,0.00,71.70,0.00,0.00,84.71
2.1920,150.0000,150.0000,85.0000,85.0000,0.00,0.00,71.70,0.00,0.00,84.71
2.1940,150.0000,150.0000,85.0000,85.0000,0.00,0.00,71.70,0.00,0.00,84.71
2.1960,150.0000,150.0000,85.0000,85.0000,0.00,0.00,71.70,0.00,0.00,84.71
2.1980,150.0000,150.0000,85.0000,85.0000,0.00,0.00,71.70,0.00,0.00,84.71
2.2000,150.0000,150.0000,85.0000,85.0000,0.00,0.00,71.70,0.00,0.00,84.71
2.2020,150.0000,150.0000,85.0000,85.0000,66.20,0.00,0.00,85.16,0.00,0.00
2.2040,150.0000,150.0000,85.0000,85.0000,66.20,0.00,0.00,85.16,0.00,0.00
2.2060,150.0000,150.0000,85.0000,85.0000,66.20,0.00,0.00,85.16,0.00,0.00
2.2080,150.0000,150.0000,85.0000,85.0000,66.20,0.00,0.00,85.16,0.00,0.00
2.2100,150.0000,150.0000,85.0000,85.0000,66.20,0.00,0.00,85.16,0.00,0.00
2.2120,150.0000,150.0000,85.0000,85.0000,0.00,0.00,71.70,85.16,0.00,0.00
2.2140,150.0000,150.0000,85.0000,85.0000,0.00,0.00,71.70,85.16,0.00,0.00
2.2160,150.0000,150.0000,85.0000,85.0000,0.00,0.00,71.70,85.16,0.00,0.00
2.2180,150.0000,150.0000,85.0000,85.0000,0.00,0.00,71.70,85.16,0.00,0.00
2.2200,150.0000,150.0000,85.0000,85.0000,0.00,0.00,71.70,85.16,0.00,0.00
2.2220,150.0000,150.0000,85.0000,85.0000,0.00,0.00,71.70,85.16,0.00,0.00
2.2240,150.0000,150.0000,85.0000,85.0000,0.00,0.00,71.70,85.16,0.00,0.00
2.2260,150.0000,150.0000,85.0000,85.0000,0.00,0.00,71.70,85.16,0.00,0.00
2.2280,150.0000,150.0000,85.0000,85.0000,0.00,0.00,71.70,85.16,0.00,0.00
2.2300,150.0000,150.0000,85.0000,85.0000,0.00,0.00,71.70,85.16,0.00,0.00
2.2320,150.0000,150.0000,85.0000,85.0000,0.00,0.00,71.70,85.16,0.00,0.00
2.2340,150.0000,150.0000,85.0000,85.0000,0.00,0.00,71.70,85.16,0.00,0.00
2.2360,150.0000,150.0000,85.0000,85.0000,66.20,0.00,0.00,85.16,0.00,0.00
2.2380,150.0000,150.0000,85.0000,85.0000,66.20,0.00,0.00,85.16,0.00,0.00
2.2400,150.0000,150.0000,85.0000,85.0000,66.20,0.00,0.00,85.16,0.00,0.00
2.2420,150.0000,150.0000,85.0000,85.0000,66.20,0.00,0.00,85.16,0.00,0.00
2.2440,150.0000,150.0000,85.0000,85.0000,66.20,0.00,0.00,85.16,0.00,0.00
2.2460,150.0000,150.0000,85.0000,85.0000,66.20,0.00,0.00,85.16,0.00,0.00
2.2480,150.0000,150.0000,85.0000,85.0000,0.00,0.00,71.70,85.16,0.00,0.00
2.2500,150.0000,150.0000,85.0000,85.0000,0.00,0.00,71.70,85.16,0.00,0.00
2.2520,150.0000,150.0000,85.0000,85.0000,0.00,0.00,71.70,85.16,0.00,0.00
2.2540,150.0000,150.0000,85.0000,85.0000,0.00,0.00,71.70,85.16,0.00,0.00
2.2560,150.0000,150.0000,85.0000,85.0000,0.00,0.00,71.70,85.16,0.00,0.00
2.2580,150.0000,150.0000,85.0000,85.0000,0.00,0.00,71.70,85.16,0.00,0.00
2.2600,150.0000,150.0000,85.0000,85.0000,0.00,0.00,71.70,85.16,0.00,0.00
2.2620,150.0000,150.0000,85.0000,85.0000,0.00,0.00,71.70,85.16,0.00,0.00
2.2640,150.0000,150.0000,85.0000,85.0000,0.00,0.00,71.70,85.16,0.00,0.00
2.2660,150.0000,150.0000,85.0000,85.0000,0.00,0.00,71.70,85.16,0.00,0.00
2.2680,150.0000,150.0000,85.0000,85.0000,0.00,0.00,71.70,85.16,0.00,0.00
2.2700,150.0000,150.0000,85.0000,85.0000,0.00,0.00,71.70,85.16,0.00,0.00
2.2720,150.0000,150.0000,85.0000,85.0000,0.00,0.00,71.70,85.16,0.00,0.00
2.2740,150.0000,150.0000,85.0000,85.0000,0.00,0.00,71.70,85.16,0.00,0.00
2.2760,150.0000,150.0000,85.0000,85.0000,0.00,0.00,71.70,85.16,0.00,0.00
2.2780,150.0000,150.0000,85.0000,85.0000,0.00,0.00,71.70,85.16,0.00,0.00
2.2800,150.0000,150.0000,85.0000,85.0000,0.00,0.00,71.70,85.16,0.00,0.00
2.2820,150.0000,150.0000,85.0000,85.0000,0.00,0.00,71.70,85.16,0.00,0.00
2.2840,150.0000,150.0000,85.0000,85.0000,0.00,0.00,71.70,85.16,0.00,0.00
2.2860,150.0000,150.0000,85.0000,85.0000,0.00,0.00,71.70,85.16,0.00,0.00
2.2880,150.0000,150.0000,85.0000,85.0000,0.00,0.00,71.70,85.16,0.00,0.00
2.2900,150.0000,150.0000,85.0000,85.0000,0.00,0.00,71.70,85.16,0.00,0.00
2.2920,150.0000,150.0000,85.0000,85.0000,0.00,0.00,71.70,85.16,0.00,0.00
2.2940,150.0000,150.0000,85.0000,85.0000,0.00,0.00,71.70,85.16,0.00,0.00
2.2960,150.0000,150.0000,85.0000,85.0000,0.00,0.00,71.70,85.16,0.00,0.00
2.2980,150.0000,150.0000,85.0000,85.0000,0.00,0.00,71.70,85.16,0.00,0.00
2.3000,150.0000,150.0000,85.0000,85.0000,0.00,0.00,71.70,85.16,0.00,0.00
2.3020,150.0000,150.0000,85.0000,85.0000,0.00,0.00,71.70,85.16,0.00,0.00
2.3040,150.0000,150.0000,85.0000,85.0000,0.00,0.00,71.70,85.16,0.00,0.00
2.3060,150.0000,150.0000,85.0000,85.0000,0.00,0.00,71.70,85.16,0.00,0.00
2.3080,150.0000,150.0000,85.0000,85.0000,0.00,0.00,71.70,85.16,0.00,0.00
2.3100,150.0000,150.0000,85.0000,85.0000,0.00,0.00,71.70,85.16,0.00,0.00
2.3120,150.0000,150.0000,85.0000,85.0000,0.00,0.00,71.70,85.16,0.00,0.00
2.3140,150.0000,150.0000,85.0000,85.0000,0.00,0.00,71.70,85.16,0.00,0.00
2.3160,150.0000,150.0000,85.0000,85.0000,0.00,0.00,71.70,85.16,0.00,0.00
2.3180,150.0000,150.0000,85.0000,85.0000,0.00,0.00,71.70,85.16,0.00,0.00
2.3200,150.0000,150.0000,85.0000,85.0000,0.00,0.00,71.70,85.16,0.00,0.00
2.3220,150.0000,150.0000,85.0000,85.0000,0.00,0.00,71.70,85.16,0.00,0.00
2.3240,150.0000,150.0000,85.0000,85.0000,0.00,0.00,71.70,85.16,0.00,0.00
2.3260,150.0000,150.0000,85.0000,85.0000,0.00,0.00,71.70,85.16,0.00,0.00
2.3280,150.0000,150.0000,85.0000,85.0000,0.00,0.00,71.70,85.16,0.00,0.00
2.3300,150.0000,150.0000,85.0000,85.0000,0.00,0.00,71.70,85.16,0.00,0.00
2.3320,150.0000,150.0000,85.0000,85.0000,0.00,0.00,71.70,85.16,0.00,0.00
2.3340,150.0000,150.0000,85.0000,85.0000,0.00,0.00,71.70,85.16,0.00,0.00
2.3360,150.0000,150.0000,85.0000,85.0000,0.00,0.00,71.70,85.16,0.00,0.00
2.3380,150.0000,150.0000,85.0000,85.0000,0.00,0.00,71.70,85.16,0.00,0.00
2.3400,150.0000,150.0000,85.0000,85.0000,0.00,0.00,71.70,85.16,0.00,0.00
2.3420,150.0000,150.0000,85.0000,85.0000,0.00,0.00,71.70,85.16,0.00,0.00
2.3440,150.0000,150.0000,85.0000,85.0000,0.00,0.00,71.70,85.16,0.00,0.00
2.3460,150.0000,150.0000,85.0000,85.0000,0.00,0.00,71.70,85.16,0.00,0.00
2.3480,150.0000,150.0000,85.0000,85.0000,0.00,0.00,71.70,85.16,0.00,0.00
2.3500,150.0000,150.0000,85.0000,85.0000,0.00,0.00,71.70,85.16,0.00,0.00
2.3520,150.0000,150.0000,85.0000,85.0000,0.00,0.00,71.70,85.16,0.00,0.00
2.3540,150.0000,150.0000,85.0000,85.0000,66.20,0.00,0.00,85.16,0.00,0.00
2.3560,150.0000,150.0000,85.0000,85.0000,66.20,0.00,0.00,85.16,0.00,0.00
2.3580,150.0000,150.0000,85.0000,85.0000,66.20,0.00,0.00,85.16,0.00,0.00
2.3600,150.0000,150.0000,85.0000,85.0000,66.20,0.00,0.00,85.16,0.00,0.00
2.3620,150.0000,150.0000,85.0000,85.0000,66.20,0.00,0.00,85.16,0.00,0.00
2.3640,150.0000,150.0000,85.0000,85.0000,66.20,0.00,0.00,85.16,0.00,0.00
2.3660,150.0000,150.0000,85.0000,85.0000,66.20,0.00,0.00,85.16,0.00,0.00
2.3680,150.0000,150.0000,85.0000,85.0000,66.20,0.00,0.00,85.16,0.00,0.00
2.3700,150.0000,150.0000,85.0000,85.0000,66.20,0.00,0.00,85.16,0.00,0.00
2.3720,150.0000,150.0000,85.0000,85.0000,66.20,0.00,0.00,85.16,0.00,0.00
2.3740,150.0000,150.0000,85.0000,85.0000,66.20,0.00,0.00,85.16,0.00,0.00
2.3760,150.0000,150.0000,85.0000,85.0000,66.20,0.00,0.00,85.16,0.00,0.00
2.3780,150.0000,150.0000,85.0000,85.0000,66.20,0.00,0.00,85.16,0.00,0.00
2.3800,150.0000,150.0000,85.0000,85.0000,66.20,0.00,0.00,85.16,0.00,0.00
2.3820,150.0000,150.0000,85.0000,85.0000,66.20,0.00,0.00,85.16,0.00,0.00
2.3840,150.0000,150.0000,85.0000,85.0000,66.20,0.00,0.00,85.16,0.00,0.00
2.3860,150.0000,150.0000,85.0000,85.0000,66.20,0.00,0.00,85.16,0.00,0.00
2.3880,150.0000,150.0000,85.0000,85.0000,66.20,0.00,0.00,85.16,0.00,0.00
2.3900,150.0000,150.0000,85.0000,85.0000,66.20,0.00,0.00,85.16,0.00,0.00
2.3920,150.0000,150.0000,85.0000,85.0000,66.20,0.00,0.00,85.16,0.00,0.00
2.3940,150.0000,150.0000,85.0000,85.0000,66.20,0.00,0.00,85.16,0.00,0.00
2.3960,150.0000,150.0000,85.0000,85.0000,66.20,0.00,0.00,85.16,0.00,0.00
2.3980,150.0000,150.0000,85.0000,85.0000,66.20,0.00,0.00,85.16,0.00,0.00
2.4000,150.0000,150.0000,85.0000,85.0000,66.20,0.00,0.00,85.16,0.00,0.00
2.4020,150.0000,150.0000,85.0000,85.0000,66.20,0.00,0.00,85.16,0.00,0.00
2.4040,150.0000,150.0000,85.0000,85.0000,66.20,0.00,0.00,85.16,0.00,0.00
2.4060,150.0000,150.0000,85.0000,85.0000,66.20,0.00,0.00,85.16,0.00,0.00
2.4080,150.0000,150.0000,85.0000,85.0000,66.20,0.00,0.00,85.16,0.00,0.00
2.4100,150.0000,150.0000,85.0000,85.0000,66.20,0.00,0.00,85.16,0.00,0.00
2.4120,150.0000,150.0000,85.0000,85.0000,66.20,0.00,0.00,85.16,0.00,0.00
2.4140,150.0000,150.0000,85.0000,85.0000,66.20,0.00,0.00,85.16,0.00,0.00
2.4160,150.0000,150.0000,85.0000,85.0000,66.20,0.00,0.00,85.16,0.00,0.00
2.4180,150.0000,150.0000,85.0000,85.0000,66.20,0.00,0.00,85.16,0.00,0.00
2.4200,150.0000,150.0000,85.0000,85.0000,66.20,0.00,0.00,85.16,0.00,0.00
2.4220,150.0000,150.0000,85.0000,85.0000,66.20,0.00,0.00,85.16,0.00,0.00
2.4240,150.0000,150.0000,85.0000,85.0000,66.20,0.00,0.00,85.16,0.00,0.00
2.4260,150.0000,150.0000,85.0000,85.0000,66.20,0.00,0.00,85.16,0.00,0.00
2.4280,150.0000,150.0000,85.0000,85.0000,66.20,0.00,0.00,85.16,0.00,0.00
2.4300,150.0000,150.0000,85.0000,85.0000,66.20,0.00,0.00,85.16,0.00,0.00
2.4320,150.0000,150.0000,85.0000,85.0000,66.20,0.00,0.00,85.16,0.00,0.00
2.4340,150.0000,150.0000,85.0000,85.0000,66.20,0.00,0.00,85.16,0.00,0.00
2.4360,150.0000,150.0000,85.0000,85.0000,66.20,0.00,0.00,85.16,0.00,0.00
2.4380,150.0000,150.0000,85.0000,85.0000,66.20,0.00,0.00,85.16,0.00,0.00
2.4400,150.0000,150.0000,85.0000,85.0000,66.20,0.00,0.00,85.16,0.00,0.00
2.4420,150.0000,150.0000,85.0000,85.0000,66.20,0.00,0.00,0.00,0.00,84.71
2.4440,150.0000,150.0000,85.0000,85.0000,66.20,0.00,0.00,0.00,0.00,84.71
2.4460,150.0000,150.0000,85.0000,85.0000,66.20,0.00,0.00,0.00,0.00,84.71
2.4480,150.0000,150.0000,85.0000,85.0000,66.20,0.00,0.00,0.00,0.00,84.71
2.4500,150.0000,150.0000,85.0000,85.0000,66.20,0.00,0.00,0.00,0.00,84.71
2.4520,150.0000,150.0000,85.0000,85.0000,66.20,0.00,0.00,0.00,0.00,84.71
2.4540,150.0000,150.0000,85.0000,85.0000,66.20,0.00,0.00,0.00,0.00,84.71
2.4560,150.0000,150.0000,85.0000,85.0000,66.20,0.00,0.00,0.00,0.00,84.71
2.4580,150.0000,150.0000,85.0000,85.0000,66.20,0.00,0.00,0.00,0.00,84.71
2.4600,150.0000,150.0000,85.0000,85.0000,66.20,0.00,0.00,0.00,0.00,84.71
2.4620,150.0000,150.0000,85.0000,85.0000,66.20,0.00,0.00,0.00,0.00,84.71
2.4640,150.0000,150.0000,85.0000,85.0000,66.20,0.00,0.00,0.00,0.00,84.71
2.4660,150.0000,150.0000,85.0000,85.0000,66.20,0.00,0.00,0.00,0.00,84.71
2.4680,150.0000,150.0000,85.0000,85.0000,66.20,0.00,0.00,0.00,0.00,84.71
2.4700,150.0000,150.0000,85.0000,85.0000,66.20,0.00,0.00,0.00,0.00,84.71
2.4720,150.0000,150.0000,85.0000,85.0000,66.20,0.00,0.00,0.00,0.00,84.71
2.4740,150.0000,150.0000,85.0000,85.0000,66.20,0.00,0.00,0.00,0.00,84.71
2.4760,150.0000,150.0000,85.0000,85.0000,66.20,0.00,0.00,0.00,0.00,84.71
2.4780,150.0000,150.0000,85.0000,85.0000,66.20,0.00,0.00,0.00,0.00,84.71
2.4800,150.0000,150.0000,85.0000,85.0000,66.20,0.00,0.00,0.00,0.00,84.71
2.4820,150.0000,150.0000,85.0000,85.0000,66.20,0.00,0.00,0.00,0.00,84.71
2.4840,150.0000,150.0000,85.0000,85.0000,66.20,0.00,0.00,0.00,0.00,84.71
2.4860,150.0000,150.0000,85.0000,85.0000,66.20,0.00,0.00,0.00,0.00,84.71
2.4880,150.0000,150.0000,85.0000,85.0000,66.20,0.00,0.00,0.00,0.00,84.71
2.4900,150.0000,150.0000,85.0000,85.0000,66.20,0.00,0.00,0.00,0.00,84.71
2.4920,150.0000,150.0000,85.0000,85.0000,66.20,0.00,0.00,0.00,0.00,84.71
2.4940,150.0000,150.0000,85.0000,85.0000,66.20,0.00,0.00,0.00,0.00,84.71
2.4960,150.0000,150.0000,85.0000,85.0000,66.20,0.00,0.00,0.00,0.00,84.71
2.4980,150.0000,150.0000,85.0000,85.0000,66.20,0.00,0.00,0.00,0.00,84.71
2.5000,150.0000,150.0000,85.0000,85.0000,66.20,0.00,0.00,0.00,0.00,84.71
2.5020,150.0000,150.0000,85.0000,85.0000,66.20,0.00,0.00,0.00,0.00,84.71
2.5040,150.0000,150.0000,85.0000,85.0000,66.20,0.00,0.00,0.00,0.00,84.71
2.5060,150.0000,150.0000,85.0000,85.0000,66.20,0.00,0.00,0.00,0.00,84.71
2.5080,150.0000,150.0000,85.0000,85.0000,66.20,0.00,0.00,0.00,0.00,84.71
2.5100,150.0000,150.0000,85.0000,85.0000,66.20,0.00,0.00,0.00,0.00,84.71
2.5120,150.0000,150.0000,85.0000,85.0000,66.20,0.00,0.00,0.00,0.00,84.71
2.5140,150.0000,150.0000,85.0000,85.0000,66.20,0.00,0.00,0.00,0.00,84.71
2.5160,150.0000,150.0000,85.0000,85.0000,66.20,0.00,0.00,0.00,0.00,84.71
2.5180,150.0000,150.0000,85.0000,85.0000,66.20,0.00,0.00,0.00,0.00,84.71
2.5200,150.0000,150.0000,85.0000,85.0000,66.20,0.00,0.00,0.00,0.00,84.71
2.5220,150.0000,150.0000,85.0000,85.0000,66.20,0.00,0.00,0.00,0.00,84.71
2.5240,150.0000,150.0000,85.0000,85.0000,66.20,0.00,0.00,0.00,0.00,84.71
2.5260,150.0000,150.0000,85.0000,85.0000,66.20,0.00,0.00,0.00,0.00,84.71
2.5280,150.0000,150.0000,85.0000,85.0000,66.20,0.00,0.00,0.00,0.00,84.71
2.5300,150.0000,150.0000,85.0000,85.0000,66.20,0.00,0.00,0.00,0.00,84.71
2.5320,150.0000,150.0000,85.0000,85.0000,66.20,0.00,0.00,0.00,0.00,84.71
2.5340,150.0000,150.0000,85.0000,85.0000,66.20,0.00,0.00,0.00,0.00,84.71
2.5360,150.0000,150.0000,85.0000,85.0000,66.20,0.00,0.00,0.00,0.00,84.71
2.5380,150.0000,150.0000,85.0000,85.0000,66.20,0.00,0.00,0.00,0.00,84.71
2.5400,150.0000,150.0000,85.0000,85.0000,66.20,0.00,0.00,0.00,0.00,84.71
2.5420,150.0000,150.0000,85.0000,85.0000,66.20,0.00,0.00,0.00,0.00,84.71
2.5440,150.0000,150.0000,85.0000,85.0000,66.20,0.00,0.00,0.00,0.00,84.71
2.5460,150.0000,150.0000,85.0000,85.0000,66.20,0.00,0.00,0.00,0.00,84.71
2.5480,150.0000,150.0000,85.0000,85.0000,66.20,0.00,0.00,0.00,0.00,84.71
2.5500,150.0000,150.0000,85.0000,85.0000,66.20,0.00,0.00,0.00,0.00,84.71
2.5520,150.0000,150.0000,85.0000,85.0000,66.20,0.00,0.00,0.00,0.00,84.71
2.5540,150.0000,150.0000,85.0000,85.0000,66.20,0.00,0.00,0.00,0.00,84.71
2.5560,150.0000,150.0000,85.0000,85.0000,66.20,0.00,0.00,0.00,0.00,84.71
2.5580,150.0000,150.0000,85.0000,85.0000,66.20,0.00,0.00,0.00,0.00,84.71
2.5600,150.0000,150.0000,85.0000,85.0000,66.20,0.00,0.00,0.00,0.00,84.71
2.5620,150.0000,150.0000,85.0000,85.0000,66.20,0.00,0.00,0.00,0.00,84.71
2.5640,150.0000,150.0000,85.0000,85.0000,0.00,0.00,71.70,0.00,0.00,84.71
2.5660,150.0000,150.0000,85.0000,85.0000,0.00,0.00,71.70,0.00,0.00,84.71
2.5680,150.0000,150.0000,85.0000,85.0000,0.00,0.00,71.70,0.00,0.00,84.71
2.5700,150.0000,150.0000,85.0000,85.0000,0.00,0.00,71.70,0.00,0.00,84.71
2.5720,150.0000,150.0000,85.0000,85.0000,0.00,0.00,71.70,0.00,0.00,84.71
2.5740,150.0000,150.0000,85.0000,85.0000,0.00,0.00,71.70,0.00,0.00,84.71
2.5760,150.0000,150.0000,85.0000,85.0000,0.00,0.00,71.70,0.00,0.00,84.71
2.5780,150.0000,150.0000,85.0000,85.0000,0.00,0.00,71.70,0.00,0.00,84.71
2.5800,150.0000,150.0000,85.0000,85.0000,0.00,0.00,71.70,0.00,0.00,84.71
2.5820,150.0000,150.0000,85.0000,85.0000,0.00,0.00,71.70,0.00,0.00,84.71
2.5840,150.0000,150.0000,85.0000,85.0000,0.00,0.00,71.70,0.00,0.00,84.71
2.5860,150.0000,150.0000,85.0000,85.0000,66.20,0.00,0.00,0.00,0.00,84.71
2.5880,150.0000,150.0000,85.0000,85.0000,66.20,0.00,0.00,0.00,0.00,84.71
2.5900,150.0000,150.0000,85.0000,85.0000,66.20,0.00,0.00,0.00,0.00,84.71
2.5920,150.0000,150.0000,85.0000,85.0000,66.20,0.00,0.00,0.00,0.00,84.71
2.5940,150.0000,150.0000,85.0000,85.0000,66.20,0.00,0.00,0.00,0.00,84.71
2.5960,150.0000,150.0000,85.0000,85.0000,66.20,0.00,0.00,0.00,0.00,84.71
2.5980,150.0000,150.0000,85.0000,85.0000,66.20,0.00,0.00,0.00,0.00,84.71
2.6000,150.0000,150.0000,85.0000,85.0000,66.20,0.00,0.00,0.00,0.00,84.71
2.6020,150.0000,150.0000,85.0000,85.0000,66.20,0.00,0.00,0.00,0.00,84.71
2.6040,150.0000,150.0000,85.0000,85.0000,66.20,0.00,0.00,0.00,0.00,84.71
2.6060,150.0000,150.0000,85.0000,85.0000,66.20,0.00,0.00,0.00,0.00,84.71
2.6080,150.0000,150.0000,85.0000,85.0000,66.20,0.00,0.00,0.00,0.00,84.71
2.6100,150.0000,150.0000,85.0000,85.0000,66.20,0.00,0.00,85.16,0.00,0.00
2.6120,150.0000,150.0000,85.0000,85.0000,66.20,0.00,0.00,85.16,0.00,0.00
2.6140,150.0000,150.0000,85.0000,85.0000,66.20,0.00,0.00,85.16,0.00,0.00
2.6160,150.0000,150.0000,85.0000,85.0000,66.20,0.00,0.00,85.16,0.00,0.00
2.6180,150.0000,150.0000,85.0000,85.0000,66.20,0.00,0.00,85.16,0.00,0.00
2.6200,150.0000,150.0000,85.0000,85.0000,66.20,0.00,0.00,85.16,0.00,0.00
2.6220,150.0000,150.0000,85.0000,85.0000,66.20,0.00,0.00,85.16,0.00,0.00
2.6240,150.0000,150.0000,85.0000,85.0000,66.20,0.00,0.00,85.16,0.00,0.00
2.6260,150.0000,150.0000,85.0000,85.0000,66.20,0.00,0.00,85.16,0.00,0.00
2.6280,150.0000,150.0000,85.0000,85.0000,66.20,0.00,0.00,85.16,0.00,0.00
2.6300,150.0000,150.0000,85.0000,85.0000,66.20,0.00,0.00,85.16,0.00,0.00
2.6320,150.0000,150.0000,85.0000,85.0000,66.20,0.00,0.00,85.16,0.00,0.00
2.6340,150.0000,150.0000,85.0000,85.0000,66.20,0.00,0.00,85.16,0.00,0.00
2.6360,150.0000,150.0000,85.0000,85.0000,66.20,0.00,0.00,85.16,0.00,0.00
2.6380,150.0000,150.0000,85.0000,85.0000,66.20,0.00,0.00,85.16,0.00,0.00
2.6400,150.0000,150.0000,85.0000,85.0000,66.20,0.00,0.00,85.16,0.00,0.00
2.6420,150.0000,150.0000,85.0000,85.0000,66.20,0.00,0.00,85.16,0.00,0.00
2.6440,150.0000,150.0000,85.0000,85.0000,66.20,0.00,0.00,85.16,0.00,0.00
2.6460,150.0000,150.0000,85.0000,85.0000,66.20,0.00,0.00,85.16,0.00,0.00
2.6480,150.0000,150.0000,85.0000,85.0000,66.20,0.00,0.00,85.16,0.00,0.00
2.6500,150.0000,150.0000,85.0000,85.0000,66.20,0.00,0.00,85.16,0.00,0.00
2.6520,150.0000,150.0000,85.0000,85.0000,66.20,0.00,0.00,85.16,0.00,0.00
2.6540,150.0000,150.0000,85.0000,85.0000,66.20,0.00,0.00,0.00,0.00,84.71
2.6560,150.0000,150.0000,85.0000,85.0000,66.20,0.00,0.00,0.00,0.00,84.71
2.6580,150.0000,150.0000,85.0000,85.0000,66.20,0.00,0.00,0.00,0.00,84.71
2.6600,150.0000,150.0000,85.0000,85.0000,66.20,0.00,0.00,0.00,0.00,84.71
2.6620,150.0000,150.0000,85.0000,85.0000,66.20,0.00,0.00,0.00,0.00,84.71
2.6640,150.0000,150.0000,85.0000,85.0000,66.20,0.00,0.00,0.00,0.00,84.71
2.6660,150.0000,150.0000,85.0000,85.0000,66.20,0.00,0.00,0.00,0.00,84.71
2.6680,150.0000,150.0000,85.0000,85.0000,66.20,0.00,0.00,0.00,0.00,84.71
2.6700,150.0000,150.0000,85.0000,85.0000,66.20,0.00,0.00,0.00,0.00,84.71
2.6720,150.0000,150.0000,85.0000,85.0000,66.20,0.00,0.00,0.00,0.00,84.71
2.6740,150.0000,150.0000,85.0000,85.0000,66.20,0.00,0.00,0.00,0.00,84.71
2.6760,150.0000,150.0000,85.0000,85.0000,66.20,0.00,0.00,0.00,0.00,84.71
2.6780,150.0000,150.0000,85.0000,85.0000,66.20,0.00,0.00,0.00,0.00,84.71
2.6800,150.0000,150.0000,85.0000,85.0000,66.20,0.00,0.00,0.00,0.00,84.71
2.6820,150.0000,150.0000,85.0000,85.0000,66.20,0.00,0.00,0.00,0.00,84.71
2.6840,150.0000,150.0000,85.0000,85.0000,66.20,0.00,0.00,0.00,0.00,84.71
2.6860,150.0000,150.0000,85.0000,85.0000,66.20,0.00,0.00,0.00,0.00,84.71
2.6880,150.0000,150.0000,85.0000,85.0000,66.20,0.00,0.00,0.00,0.00,84.71
2.6900,150.0000,150.0000,85.0000,85.0000,66.20,0.00,0.00,0.00,0.00,84.71
2.6920,150.0000,150.0000,85.0000,85.0000,66.20,0.00,0.00,0.00,0.00,84.71
2.6940,150.0000,150.0000,85.0000,85.0000,66.20,0.00,0.00,0.00,0.00,84.71
2.6960,150.0000,150.0000,85.0000,85.0000,66.20,0.00,0.00,0.00,0.00,84.71
2.6980,150.0000,150.0000,85.0000,85.0000,66.20,0.00,0.00,0.00,0.00,84.71
2.7000,150.0000,150.0000,85.0000,85.0000,66.20,0.00,0.00,0.00,0.00,84.71
2.7020,150.0000,150.0000,85.0000,85.0000,66.20,0.00,0.00,0.00,0.00,84.71
2.7040,150.0000,150.0000,85.0000,85.0000,66.20,0.00,0.00,0.00,0.00,84.71
2.7060,150.0000,150.0000,85.0000,85.0000,66.20,0.00,0.00,0.00,0.00,84.71
2.7080,150.0000,150.0000,85.0000,85.0000,66.20,0.00,0.00,0.00,0.00,84.71
2.7100,150.0000,150.0000,85.0000,85.0000,66.20,0.00,0.00,0.00,0.00,84.71
2.7120,150.0000,150.0000,85.0000,85.0000,66.20,0.00,0.00,0.00,0.00,84.71
2.7140,150.0000,150.0000,85.0000,85.0000,66.20,0.00,0.00,0.00,0.00,84.71
2.7160,150.0000,150.0000,85.0000,85.0000,66.20,0.00,0.00,0.00,0.00,84.71
2.7180,150.0000,150.0000,85.0000,85.0000,66.20,0.00,0.00,0.00,0.00,84.71
2.7200,150.0000,150.0000,85.0000,85.0000,66.20,0.00,0.00,0.00,0.00,84.71
2.7220,150.0000,150.0000,85.0000,85.0000,66.20,0.00,0.00,0.00,0.00,84.71
2.7240,150.0000,150.0000,85.0000,85.0000,66.20,0.00,0.00,0.00,0.00,84.71
2.7260,150.0000,150.0000,85.0000,85.0000,66.20,0.00,0.00,0.00,0.00,84.71
2.7280,150.0000,150.0000,85.0000,85.0000,66.20,0.00,0.00,0.00,0.00,84.71
2.7300,150.0000,150.0000,85.0000,85.0000,66.20,0.00,0.00,0.00,0.00,84.71
2.7320,150.0000,150.0000,85.0000,85.0000,66.20,0.00,0.00,0.00,0.00,84.71
2.7340,150.0000,150.0000,85.0000,85.0000,66.20,0.00,0.00,0.00,0.00,84.71
2.7360,150.0000,150.0000,85.0000,85.0000,66.20,0.00,0.00,0.00,0.00,84.71
2.7380,150.0000,150.0000,85.0000,85.0000,66.20,0.00,0.00,0.00,0.00,84.71
2.7400,150.0000,150.0000,85.0000,85.0000,66.20,0.00,0.00,0.00,0.00,84.71
2.7420,150.0000,150.0000,85.0000,85.0000,66.20,0.00,0.00,0.00,0.00,84.71
2.7440,150.0000,150.0000,85.0000,85.0000,66.20,0.00,0.00,0.00,0.00,84.71
2.7460,150.0000,150.0000,85.0000,85.0000,66.20,0.00,0.00,0.00,0.00,84.71
2.7480,150.0000,150.0000,85.0000,85.0000,66.20,0.00,0.00,0.00,0.00,84.71
2.7500,150.0000,150.0000,85.0000,85.0000,66.20,0.00,0.00,0.00,0.00,84.71
2.7520,150.0000,150.0000,85.0000,85.0000,66.20,0.00,0.00,0.00,0.00,84.71
2.7540,150.0000,150.0000,85.0000,85.0000,66.20,0.00,0.00,0.00,0.00,84.71
2.7560,150.0000,150.0000,85.0000,85.0000,66.20,0.00,0.00,0.00,0.00,84.71
2.7580,150.0000,150.0000,85.0000,85.0000,66.20,0.00,0.00,0.00,0.00,84.71
2.7600,150.0000,150.0000,85.0000,85.0000,66.20,0.00,0.00,0.00,0.00,84.71
2.7620,150.0000,150.0000,85.0000,85.0000,66.20,0.00,0.00,0.00,0.00,84.71
2.7640,150.0000,150.0000,85.0000,85.0000,66.20,0.00,0.00,0.00,0.00,84.71
2.7660,150.0000,150.0000,85.0000,85.0000,66.20,0.00,0.00,0.00,0.00,84.71
2.7680,150.0000,150.0000,85.0000,85.0000,66.20,0.00,0.00,0.00,0.00,84.71
2.7700,150.0000,150.0000,85.0000,85.0000,66.20,0.00,0.00,0.00,0.00,84.71
2.7720,150.0000,150.0000,85.0000,85.0000,66.20,0.00,0.00,0.00,0.00,84.71
2.7740,150.0000,150.0000,85.0000,85.0000,66.20,0.00,0.00,0.00,0.00,84.71
2.7760,150.0000,150.0000,85.0000,85.0000,66.20,0.00,0.00,0.00,0.00,84.71
2.7780,150.0000,150.0000,85.0000,85.0000,66.20,0.00,0.00,0.00,0.00,84.71
2.7800,150.0000,150.0000,85.0000,85.0000,66.20,0.00,0.00,0.00,0.00,84.71
2.7820,150.0000,150.0000,85.0000,85.0000,66.20,0.00,0.00,0.00,0.00,84.71
2.7840,150.0000,150.0000,85.0000,85.0000,66.20,0.00,0.00,0.00,0.00,84.71
2.7860,150.0000,150.0000,85.0000,85.0000,66.20,0.00,0.00,0.00,0.00,84.71
2.7880,150.0000,150.0000,85.0000,85.0000,66.20,0.00,0.00,0.00,0.00,84.71
2.7900,150.0000,150.0000,85.0000,85.0000,66.20,0.00,0.00,0.00,0.00,84.71
2.7920,150.0000,150.0000,85.0000,85.0000,66.20,0.00,0.00,0.00,0.00,84.71
2.7940,150.0000,150.0000,85.0000,85.0000,66.20,0.00,0.00,0.00,0.00,84.71
2.7960,150.0000,150.0000,85.0000,85.0000,0.00,0.00,71.70,0.00,0.00,84.71
2.7980,150.0000,150.0000,85.0000,85.0000,0.00,0.00,71.70,0.00,0.00,84.71
2.8000,150.0000,150.0000,85.0000,85.0000,0.00,0.00,71.70,0.00,0.00,84.71
2.8020,150.0000,150.0000,85.0000,85.0000,0.00,0.00,71.70,0.00,0.00,84.71
2.8040,150.0000,150.0000,85.0000,85.0000,0.00,0.00,71.70,0.00,0.00,84.71
2.8060,150.0000,150.0000,85.0000,85.0000,0.00,0.00,71.70,0.00,0.00,84.71
2.8080,150.0000,150.0000,85.0000,85.0000,0.00,0.00,71.70,0.00,0.00,84.71
2.8100,150.0000,150.0000,85.0000,85.0000,0.00,0.00,71.70,0.00,0.00,84.71
2.8120,150.0000,150.0000,85.0000,85.0000,0.00,0.00,71.70,0.00,0.00,84.71
2.8140,150.0000,150.0000,85.0000,85.0000,0.00,0.00,71.70,0.00,0.00,84.71
2.8160,150.0000,150.0000,85.0000,85.0000,0.00,0.00,71.70,0.00,0.00,84.71
2.8180,150.0000,150.0000,85.0000,85.0000,66.20,0.00,0.00,0.00,0.00,84.71
2.8200,150.0000,150.0000,85.0000,85.0000,66.20,0.00,0.00,0.00,0.00,84.71
2.8220,150.0000,150.0000,85.0000,85.0000,66.20,0.00,0.00,85.16,0.00,0.00
2.8240,150.0000,150.0000,85.0000,85.0000,66.20,0.00,0.00,85.16,0.00,0.00
2.8260,150.0000,150.0000,85.0000,85.0000,66.20,0.00,0.00,85.16,0.00,0.00
2.8280,150.0000,150.0000,85.0000,85.0000,66.20,0.00,0.00,85.16,0.00,0.00
2.8300,150.0000,150.0000,85.0000,85.0000,66.20,0.00,0.00,85.16,0.00,0.00
2.8320,150.0000,150.0000,85.0000,85.0000,66.20,0.00,0.00,85.16,0.00,0.00
2.8340,150.0000,150.0000,85.0000,85.0000,66.20,0.00,0.00,85.16,0.00,0.00
2.8360,150.0000,150.0000,85.0000,85.0000,66.20,0.00,0.00,85.16,0.00,0.00
2.8380,150.0000,150.0000,85.0000,85.0000,66.20,0.00,0.00,85.16,0.00,0.00
2.8400,150.0000,150.0000,85.0000,85.0000,66.20,0.00,0.00,85.16,0.00,0.00
2.8420,150.0000,150.0000,85.0000,85.0000,66.20,0.00,0.00,85.16,0.00,0.00
2.8440,150.0000,150.0000,85.0000,85.0000,66.20,0.00,0.00,85.16,0.00,0.00
2.8460,150.0000,150.0000,85.0000,85.0000,66.20,0.00,0.00,85.16,0.00,0.00
2.8480,150.0000,150.0000,85.0000,85.0000,66.20,0.00,0.00,85.16,0.00,0.00
2.8500,150.0000,150.0000,85.0000,85.0000,66.20,0.00,0.00,85.16,0.00,0.00
2.8520,150.0000,150.0000,85.0000,85.0000,66.20,0.00,0.00,85.16,0.00,0.00
2.8540,150.0000,150.0000,85.0000,85.0000,66.20,0.00,0.00,85.16,0.00,0.00
2.8560,150.0000,150.0000,85.0000,85.0000,66.20,0.00,0.00,85.16,0.00,0.00
2.8580,150.0000,150.0000,85.0000,85.0000,66.20,0.00,0.00,85.16,0.00,0.00
2.8600,150.0000,150.0000,85.0000,85.0000,66.20,0.00,0.00,85.16,0.00,0.00
2.8620,150.0000,150.0000,85.0000,85.0000,66.20,0.00,0.00,85.16,0.00,0.00
2.8640,150.0000,150.0000,85.0000,85.0000,66.20,0.00,0.00,85.16,0.00,0.00
2.8660,150.0000,150.0000,85.0000,85.0000,66.20,0.00,0.00,0.00,0.00,84.71
2.8680,150.0000,150.0000,85.0000,85.0000,66.20,0.00,0.00,0.00,0.00,84.71
2.8700,150.0000,150.0000,85.0000,85.0000,66.20,0.00,0.00,0.00,0.00,84.71
2.8720,150.0000,150.0000,85.0000,85.0000,66.20,0.00,0.00,0.00,0.00,84.71
2.8740,150.0000,150.0000,85.0000,85.0000,66.20,0.00,0.00,0.00,0.00,84.71
2.8760,150.0000,150.0000,85.0000,85.0000,66.20,0.00,0.00,0.00,0.00,84.71
2.8780,150.0000,150.0000,85.0000,85.0000,66.20,0.00,0.00,0.00,0.00,84.71
2.8800,150.0000,150.0000,85.0000,85.0000,66.20,0.00,0.00,0.00,0.00,84.71
2.8820,150.0000,150.0000,85.0000,85.0000,66.20,0.00,0.00,0.00,0.00,84.71
2.8840,150.0000,150.0000,85.0000,85.0000,66.20,0.00,0.00,0.00,0.00,84.71
2.8860,150.0000,150.0000,85.0000,85.0000,66.20,0.00,0.00,0.00,0.00,84.71
2.8880,150.0000,150.0000,85.0000,85.0000,66.20,0.00,0.00,0.00,0.00,84.71
2.8900,150.0000,150.0000,85.0000,85.0000,66.20,0.00,0.00,0.00,0.00,84.71
2.8920,150.0000,150.0000,85.0000,85.0000,66.20,0.00,0.00,0.00,0.00,84.71
2.8940,150.0000,150.0000,85.0000,85.0000,66.20,0.00,0.00,0.00,0.00,84.71
2.8960,150.0000,150.0000,85.0000,85.0000,66.20,0.00,0.00,0.00,0.00,84.71
2.8980,150.0000,150.0000,85.0000,85.0000,66.20,0.00,0.00,0.00,0.00,84.71
2.9000,150.0000,150.0000,85.0000,85.0000,66.20,0.00,0.00,0.00,0.00,84.71
2.9020,150.0000,150.0000,85.0000,85.0000,66.20,0.00,0.00,0.00,0.00,84.71
2.9040,150.0000,150.0000,85.0000,85.0000,66.20,0.00,0.00,0.00,0.00,84.71
2.9060,150.0000,150.0000,85.0000,85.0000,66.20,0.00,0.00,0.00,0.00,84.71
2.9080,150.0000,150.0000,85.0000,85.0000,66.20,0.00,0.00,0.00,0.00,84.71
2.9100,150.0000,150.0000,85.0000,85.0000,66.20,0.00,0.00,0.00,0.00,84.71
2.9120,150.0000,150.0000,85.0000,85.0000,66.20,0.00,0.00,0.00,0.00,84.71
2.9140,150.0000,150.0000,85.0000,85.0000,66.20,0.00,0.00,0.00,0.00,84.71
2.9160,150.0000,150.0000,85.0000,85.0000,66.20,0.00,0.00,0.00,0.00,84.71
2.9180,150.0000,150.0000,85.0000,85.0000,66.20,0.00,0.00,0.00,0.00,84.71
2.9200,150.0000,150.0000,85.0000,85.0000,66.20,0.00,0.00,0.00,0.00,84.71
2.9220,150.0000,150.0000,85.0000,85.0000,66.20,0.00,0.00,0.00,0.00,84.71
2.9240,150.0000,150.0000,85.0000,85.0000,66.20,0.00,0.00,0.00,0.00,84.71
2.9260,150.0000,150.0000,85.0000,85.0000,66.20,0.00,0.00,0.00,0.00,84.71
2.9280,150.0000,150.0000,85.0000,85.0000,66.20,0.00,0.00,0.00,0.00,84.71
2.9300,150.0000,150.0000,85.0000,85.0000,66.20,0.00,0.00,0.00,0.00,84.71
2.9320,150.0000,150.0000,85.0000,85.0000,66.20,0.00,0.00,0.00,0.00,84.71
2.9340,150.0000,150.0000,85.0000,85.0000,66.20,0.00,0.00,0.00,0.00,84.71
2.9360,150.0000,150.0000,85.0000,85.0000,66.20,0.00,0.00,0.00,0.00,84.71
2.9380,150.0000,150.0000,85.0000,85.0000,66.20,0.00,0.00,0.00,0.00,84.71
2.9400,150.0000,150.0000,85.0000,85.0000,66.20,0.00,0.00,0.00,0.00,84.71
2.9420,150.0000,150.0000,85.0000,85.0000,66.20,0.00,0.00,0.00,0.00,84.71
2.9440,150.0000,150.0000,85.0000,85.0000,66.20,0.00,0.00,0.00,0.00,84.71
2.9460,150.0000,150.0000,85.0000,85.0000,66.20,0.00,0.00,0.00,0.00,84.71
2.9480,150.0000,150.0000,85.0000,85.0000,66.20,0.00,0.00,0.00,0.00,84.71
2.9500,150.0000,150.0000,85.0000,85.0000,66.20,0.00,0.00,0.00,0.00,84.71
2.9520,150.0000,150.0000,85.0000,85.0000,66.20,0.00,0.00,0.00,0.00,84.71
2.9540,150.0000,150.0000,85.0000,85.0000,66.20,0.00,0.00,0.00,0.00,84.71
2.9560,150.0000,150.0000,85.0000,85.0000,66.20,0.00,0.00,0.00,0.00,84.71
2.9580,150.0000,150.0000,85.0000,85.0000,66.20,0.00,0.00,0.00,0.00,84.71
2.9600,150.0000,150.0000,85.0000,85.0000,66.20,0.00,0.00,0.00,0.00,84.71
2.9620,150.0000,150.0000,85.0000,85.0000,66.20,0.00,0.00,0.00,0.00,84.71
2.9640,150.0000,150.0000,85.0000,85.0000,66.20,0.00,0.00,0.00,0.00,84.71
2.9660,150.0000,150.0000,85.0000,85.0000,66.20,0.00,0.00,0.00,0.00,84.71
2.9680,150.0000,150.0000,85.0000,85.0000,66.20,0.00,0.00,0.00,0.00,84.71
2.9700,150.0000,150.0000,85.0000,85.0000,66.20,0.00,0.00,0.00,0.00,84.71
2.9720,150.0000,150.0000,85.0000,85.0000,66.20,0.00,0.00,0.00,0.00,84.71
2.9740,150.0000,150.0000,85.0000,85.0000,66.20,0.00,0.00,0.00,0.00,84.71
2.9760,150.0000,150.0000,85.0000,85.0000,66.20,0.00,0.00,0.00,0.00,84.71
2.9780,150.0000,150.0000,85.0000,85.0000,66.20,0.00,0.00,0.00,0.00,84.71
2.9800,150.0000,150.0000,85.0000,85.0000,66.20,0.00,0.00,0.00,0.00,84.71
2.9820,150.0000,150.0000,85.0000,85.0000,66.20,0.00,0.00,0.00,0.00,84.71
2.9840,150.0000,150.0000,85.0000,85.0000,66.20,0.00,0.00,0.00,0.00,84.71
2.9860,150.0000,150.0000,85.0000,85.0000,66.20,0.00,0.00,0.00,0.00,84.71
2.9880,150.0000,150.0000,85.0000,85.0000,66.20,0.00,0.00,0.00,0.00,84.71
2.9900,150.0000,150.0000,85.0000,85.0000,66.20,0.00,0.00,0.00,0.00,84.71
2.9920,150.0000,150.0000,85.0000,85.0000,66.20,0.00,0.00,0.00,0.00,84.71
2.9940,150.0000,150.0000,85.0000,85.0000,66.20,0.00,0.00,0.00,0.00,84.71
2.9960,150.0000,150.0000,85.0000,85.0000,66.20,0.00,0.00,0.00,0.00,84.71
2.9980,150.0000,150.0000,85.0000,85.0000,66.20,0.00,0.00,0.00,0.00,84.71
3.0000,150.0000,150.0000,85.0000,85.0000,66.20,0.00,0.00,0.00,0.00,84.71
3.0020,150.0000,150.0000,85.0000,85.0000,66.20,0.00,0.00,0.00,0.00,84.71
3.0040,150.0000,150.0000,85.0000,85.0000,66.20,0.00,0.00,0.00,0.00,84.71
3.0060,150.0000,150.0000,85.0000,85.0000,66.20,0.00,0.00,0.00,0.00,84.71
3.0080,150.0000,150.0000,85.0000,85.0000,66.20,0.00,0.00,0.00,0.00,84.71
3.0100,150.0000,150.0000,85.0000,85.0000,66.20,0.00,0.00,0.00,0.00,84.71
3.0120,150.0000,150.0000,85.0000,85.0000,66.20,0.00,0.00,0.00,0.00,84.71
3.0140,150.0000,150.0000,85.0000,85.0000,66.20,0.00,0.00,0.00,0.00,84.71
3.0160,150.0000,150.0000,85.0000,85.0000,66.20,0.00,0.00,0.00,0.00,84.71
3.0180,150.0000,150.0000,85.0000,85.0000,66.20,0.00,0.00,0.00,0.00,84.71
3.0200,150.0000,150.0000,85.0000,85.0000,66.20,0.00,0.00,0.00,0.00,84.71
3.0220,150.0000,150.0000,85.0000,85.0000,66.20,0.00,0.00,0.00,0.00,84.71
3.0240,150.0000,150.0000,85.0000,85.0000,66.20,0.00,0.00,0.00,0.00,84.71
3.0260,150.0000,150.0000,85.0000,85.0000,66.20,0.00,0.00,0.00,0.00,84.71
3.0280,150.0000,150.0000,85.0000,85.0000,0.00,0.00,71.70,0.00,0.00,84.71
3.0300,150.0000,150.0000,85.0000,85.0000,0.00,0.00,71.70,0.00,0.00,84.71
3.0320,150.0000,150.0000,85.0000,85.0000,0.00,0.00,71.70,0.00,0.00,84.71
3.0340,150.0000,150.0000,85.0000,85.0000,0.00,0.00,71.70,85.16,0.00,0.00
3.0360,150.0000,150.0000,85.0000,85.0000,0.00,0.00,71.70,85.16,0.00,0.00
3.0380,150.0000,150.0000,85.0000,85.0000,0.00,0.00,71.70,85.16,0.00,0.00
3.0400,150.0000,150.0000,85.0000,85.0000,0.00,0.00,71.70,85.16,0.00,0.00
3.0420,150.0000,150.0000,85.0000,85.0000,0.00,0.00,71.70,85.16,0.00,0.00
3.0440,150.0000,150.0000,85.0000,85.0000,0.00,0.00,71.70,85.16,0.00,0.00
3.0460,150.0000,150.0000,85.0000,85.0000,0.00,0.00,71.70,85.16,0.00,0.00
3.0480,150.0000,150.0000,85.0000,85.0000,0.00,0.00,71.70,85.16,0.00,0.00
3.0500,150.0000,150.0000,85.0000,85.0000,66.20,0.00,0.00,85.16,0.00,0.00
3.0520,150.0000,150.0000,85.0000,85.0000,66.20,0.00,0.00,85.16,0.00,0.00
3.0540,150.0000,150.0000,85.0000,85.0000,66.20,0.00,0.00,85.16,0.00,0.00
3.0560,150.0000,150.0000,85.0000,85.0000,66.20,0.00,0.00,85.16,0.00,0.00
3.0580,150.0000,150.0000,85.0000,85.0000,66.20,0.00,0.00,85.16,0.00,0.00
3.0600,150.0000,150.0000,85.0000,85.0000,66.20,0.00,0.00,85.16,0.00,0.00
3.0620,150.0000,150.0000,85.0000,85.0000,66.20,0.00,0.00,85.16,0.00,0.00
3.0640,150.0000,150.0000,85.0000,85.0000,66.20,0.00,0.00,85.16,0.00,0.00
3.0660,150.0000,150.0000,85.0000,85.0000,66.20,0.00,0.00,85.16,0.00,0.00
3.0680,150.0000,150.0000,85.0000,85.0000,66.20,0.00,0.00,85.16,0.00,0.00
3.0700,150.0000,150.0000,85.0000,85.0000,66.20,0.00,0.00,85.16,0.00,0.00
3.0720,150.0000,150.0000,85.0000,85.0000,66.20,0.00,0.00,85.16,0.00,0.00
3.0740,150.0000,150.0000,85.0000,85.0000,66.20,0.00,0.00,85.16,0.00,0.00
3.0760,150.0000,150.0000,85.0000,85.0000,66.20,0.00,0.00,85.16,0.00,0.00
3.0780,150.0000,150.0000,85.0000,85.0000,66.20,0.00,0.00,0.00,0.00,84.71
3.0800,150.0000,150.0000,85.0000,85.0000,66.20,0.00,0.00,0.00,0.00,84.71
3.0820,150.0000,150.0000,85.0000,85.0000,66.20,0.00,0.00,0.00,0.00,84.71
3.0840,150.0000,150.0000,85.0000,85.0000,66.20,0.00,0.00,0.00,0.00,84.71
3.0860,150.0000,150.0000,85.0000,85.0000,66.20,0.00,0.00,0.00,0.00,84.71
3.0880,150.0000,150.0000,85.0000,85.0000,66.20,0.00,0.00,0.00,0.00,84.71
3.0900,150.0000,150.0000,85.0000,85.0000,66.20,0.00,0.00,0.00,0.00,84.71
3.0920,150.0000,150.0000,85.0000,85.0000,66.20,0.00,0.00,0.00,0.00,84.71
3.0940,150.0000,150.0000,85.0000,85.0000,66.20,0.00,0.00,0.00,0.00,84.71
3.0960,150.0000,150.0000,85.0000,85.0000,66.20,0.00,0.00,0.00,0.00,84.71
3.0980,150.0000,150.0000,85.0000,85.0000,66.20,0.00,0.00,0.00,0.00,84.71
3.1000,150.0000,150.0000,85.0000,85.0000,66.20,0.00,0.00,0.00,0.00,84.71
3.1020,150.0000,150.0000,85.0000,85.0000,66.20,0.00,0.00,0.00,0.00,84.71
3.1040,150.0000,150.0000,85.0000,85.0000,66.20,0.00,0.00,0.00,0.00,84.71
3.1060,150.0000,150.0000,85.0000,85.0000,66.20,0.00,0.00,0.00,0.00,84.71
3.1080,150.0000,150.0000,85.0000,85.0000,66.20,0.00,0.00,0.00,0.00,84.71
3.1100,150.0000,150.0000,85.0000,85.0000,66.20,0.00,0.00,0.00,0.00,84.71
3.1120,150.0000,150.0000,85.0000,85.0000,66.20,0.00,0.00,0.00,0.00,84.71
3.1140,150.0000,150.0000,85.0000,85.0000,66.20,0.00,0.00,0.00,0.00,84.71
3.1160,150.0000,150.0000,85.0000,85.0000,66.20,0.00,0.00,0.00,0.00,84.71
3.1180,150.0000,150.0000,85.0000,85.0000,66.20,0.00,0.00,0.00,0.00,84.71
3.1200,150.0000,150.0000,85.0000,85.0000,66.20,0.00,0.00,0.00,0.00,84.71
3.1220,150.0000,150.0000,85.0000,85.0000,66.20,0.00,0.00,0.00,0.00,84.71
3.1240,150.0000,150.0000,85.0000,85.0000,66.20,0.00,0.00,0.00,0.00,84.71
3.1260,150.0000,150.0000,85.0000,85.0000,66.20,0.00,0.00,0.00,0.00,84.71
3.1280,150.0000,150.0000,85.0000,85.0000,66.20,0.00,0.00,0.00,0.00,84.71
3.1300,150.0000,150.0000,85.0000,85.0000,66.20,0.00,0.00,0.00,0.00,84.71
3.1320,150.0000,150.0000,85.0000,85.0000,66.20,0.00,0.00,0.00,0.00,84.71
3.1340,150.0000,150.0000,85.0000,85.0000,66.20,0.00,0.00,0.00,0.00,84.71
3.1360,150.0000,150.0000,85.0000,85.0000,66.20,0.00,0.00,0.00,0.00,84.71
3.1380,150.0000,150.0000,85.0000,85.0000,66.20,0.00,0.00,0.00,0.00,84.71
3.1400,150.0000,150.0000,85.0000,85.0000,66.20,0.00,0.00,0.00,0.00,84.71
3.1420,150.0000,150.0000,85.0000,85.0000,66.20,0.00,0.00,0.00,0.00,84.71
3.1440,150.0000,150.0000,85.0000,85.0000,66.20,0.00,0.00,0.00,0.00,84.71
3.1460,150.0000,150.0000,85.0000,85.0000,66.20,0.00,0.00,0.00,0.00,84.71
3.1480,150.0000,150.0000,85.0000,85.0000,66.20,0.00,0.00,0.00,0.00,84.71
3.1500,150.0000,150.0000,85.0000,85.0000,66.20,0.00,0.00,0.00,0.00,84.71
3.1520,150.0000,150.0000,85.0000,85.0000,66.20,0.00,0.00,0.00,0.00,84.71
3.1540,150.0000,150.0000,85.0000,85.0000,66.20,0.00,0.00,0.00,0.00,84.71
3.1560,150.0000,150.0000,85.0000,85.0000,66.20,0.00,0.00,0.00,0.00,84.71
3.1580,150.0000,150.0000,85.0000,85.0000,66.20,0.00,0.00,0.00,0.00,84.71
3.1600,150.0000,150.0000,85.0000,85.0000,66.20,0.00,0.00,0.00,0.00,84.71
3.1620,150.0000,150.0000,85.0000,85.0000,66.20,0.00,0.00,0.00,0.00,84.71
3.1640,150.0000,150.0000,85.0000,85.0000,66.20,0.00,0.00,0.00,0.00,84.71
3.1660,150.0000,150.0000,85.0000,85.0000,66.20,0.00,0.00,0.00,0.00,84.71
3.1680,150.0000,150.0000,85.0000,85.0000,66.20,0.00,0.00,0.00,0.00,84.71
3.1700,150.0000,150.0000,85.0000,85.0000,66.20,0.00,0.00,0.00,0.00,84.71
3.1720,150.0000,150.0000,85.0000,85.0000,66.20,0.00,0.00,0.00,0.00,84.71
3.1740,150.0000,150.0000,85.0000,85.0000,66.20,0.00,0.00,0.00,0.00,84.71
3.1760,150.0000,150.0000,85.0000,85.0000,66.20,0.00,0.00,0.00,0.00,84.71
3.1780,150.0000,150.0000,85.0000,85.0000,66.20,0.00,0.00,0.00,0.00,84.71
3.1800,150.0000,150.0000,85.0000,85.0000,66.20,0.00,0.00,0.00,0.00,84.71
3.1820,150.0000,150.0000,85.0000,85.0000,66.20,0.00,0.00,0.00,0.00,84.71
3.1840,150.0000,150.0000,85.0000,85.0000,66.20,0.00,0.00,0.00,0.00,84.71
3.1860,150.0000,150.0000,85.0000,85.0000,66.20,0.00,0.00,0.00,0.00,84.71
3.1880,150.0000,150.0000,85.0000,85.0000,66.20,0.00,0.00,0.00,0.00,84.71
3.1900,150.0000,150.0000,85.0000,85.0000,66.20,0.00,0.00,0.00,0.00,84.71
3.1920,150.0000,150.0000,85.0000,85.0000,66.20,0.00,0.00,0.00,0.00,84.71
3.1940,150.0000,150.0000,85.0000,85.0000,66.20,0.00,0.00,0.00,0.00,84.71
3.1960,150.0000,150.0000,85.0000,85.0000,66.20,0.00,0.00,0.00,0.00,84.71
3.1980,150.0000,150.0000,85.0000,85.0000,66.20,0.00,0.00,0.00,0.00,84.71
3.2000,150.0000,150.0000,85.0000,85.0000,66.20,0.00,0.00,0.00,0.00,84.71
3.2020,150.0000,150.0000,85.0000,85.0000,66.20,0.00,0.00,0.00,0.00,84.71
3.2040,150.0000,150.0000,85.0000,85.0000,66.20,0.00,0.00,0.00,0.00,84.71
3.2060,150.0000,150.0000,85.0000,85.0000,66.20,0.00,0.00,0.00,0.00,84.71
3.2080,150.0000,150.0000,85.0000,85.0000,66.20,0.00,0.00,0.00,0.00,84.71
3.2100,150.0000,150.0000,85.0000,85.0000,66.20,0.00,0.00,0.00,0.00,84.71
3.2120,150.0000,150.0000,85.0000,85.0000,66.20,0.00,0.00,0.00,0.00,84.71
3.2140,150.0000,150.0000,85.0000,85.0000,66.20,0.00,0.00,0.00,0.00,84.71
3.2160,150.0000,150.0000,85.0000,85.0000,66.20,0.00,0.00,0.00,0.00,84.71
3.2180,150.0000,150.0000,85.0000,85.0000,66.20,0.00,0.00,0.00,0.00,84.71
3.2200,150.0000,150.0000,85.0000,85.0000,66.20,0.00,0.00,0.00,0.00,84.71
3.2220,150.0000,150.0000,85.0000,85.0000,66.20,0.00,0.00,0.00,0.00,84.71
3.2240,150.0000,150.0000,85.0000,85.0000,66.20,0.00,0.00,0.00,0.00,84.71
3.2260,150.0000,150.0000,85.0000,85.0000,66.20,0.00,0.00,0.00,0.00,84.71
3.2280,150.0000,150.0000,85.0000,85.0000,66.20,0.00,0.00,0.00,0.00,84.71
3.2300,150.0000,150.0000,85.0000,85.0000,66.20,0.00,0.00,0.00,0.00,84.71
3.2320,150.0000,150.0000,85.0000,85.0000,66.20,0.00,0.00,0.00,0.00,84.71
3.2340,150.0000,150.0000,85.0000,85.0000,66.20,0.00,0.00,0.00,0.00,84.71
3.2360,150.0000,150.0000,85.0000,85.0000,66.20,0.00,0.00,0.00,0.00,84.71
3.2380,150.0000,150.0000,85.0000,85.0000,66.20,0.00,0.00,0.00,0.00,84.71
3.2400,150.0000,150.0000,85.0000,85.0000,66.20,0.00,0.00,0.00,0.00,84.71
3.2420,150.0000,150.0000,85.0000,85.0000,66.20,0.00,0.00,0.00,0.00,84.71
3.2440,150.0000,150.0000,85.0000,85.0000,66.20,0.00,0.00,0.00,0.00,84.71
3.2460,150.0000,150.0000,85.0000,85.0000,66.20,0.00,0.00,85.16,0.00,0.00
3.2480,150.0000,150.0000,85.0000,85.0000,66.20,0.00,0.00,85.16,0.00,0.00
3.2500,150.0000,150.0000,85.0000,85.0000,66.20,0.00,0.00,85.16,0.00,0.00
3.2520,150.0000,150.0000,85.0000,85.0000,66.20,0.00,0.00,85.16,0.00,0.00
3.2540,150.0000,150.0000,85.0000,85.0000,66.20,0.00,0.00,85.16,0.00,0.00
3.2560,150.0000,150.0000,85.0000,85.0000,66.20,0.00,0.00,85.16,0.00,0.00
3.2580,150.0000,150.0000,85.0000,85.0000,66.20,0.00,0.00,85.16,0.00,0.00
3.2600,150.0000,150.0000,85.0000,85.0000,0.00,0.00,71.70,85.16,0.00,0.00
3.2620,150.0000,150.0000,85.0000,85.0000,0.00,0.00,71.70,85.16,0.00,0.00
3.2640,150.0000,150.0000,85.0000,85.0000,0.00,0.00,71.70,85.16,0.00,0.00
3.2660,150.0000,150.0000,85.0000,85.0000,0.00,0.00,71.70,85.16,0.00,0.00
3.2680,150.0000,150.0000,85.0000,85.0000,0.00,0.00,71.70,85.16,0.00,0.00
3.2700,150.0000,150.0000,85.0000,85.0000,0.00,0.00,71.70,85.16,0.00,0.00
3.2720,150.0000,150.0000,85.0000,85.0000,0.00,0.00,71.70,85.16,0.00,0.00
3.2740,150.0000,150.0000,85.0000,85.0000,0.00,0.00,71.70,85.16,0.00,0.00
3.2760,150.0000,150.0000,85.0000,85.0000,0.00,0.00,71.70,85.16,0.00,0.00
3.2780,150.0000,150.0000,85.0000,85.0000,0.00,0.00,71.70,85.16,0.00,0.00
3.2800,150.0000,150.0000,85.0000,85.0000,0.00,0.00,71.70,85.16,0.00,0.00
3.2820,150.0000,150.0000,85.0000,85.0000,66.20,0.00,0.00,85.16,0.00,0.00
3.2840,150.0000,150.0000,85.0000,85.0000,66.20,0.00,0.00,85.16,0.00,0.00
3.2860,150.0000,150.0000,85.0000,85.0000,66.20,0.00,0.00,85.16,0.00,0.00
3.2880,150.0000,150.0000,85.0000,85.0000,66.20,0.00,0.00,85.16,0.00,0.00
3.2900,150.0000,150.0000,85.0000,85.0000,66.20,0.00,0.00,0.00,0.00,84.71
3.2920,150.0000,150.0000,85.0000,85.0000,66.20,0.00,0.00,0.00,0.00,84.71
3.2940,150.0000,150.0000,85.0000,85.0000,66.20,0.00,0.00,0.00,0.00,84.71
3.2960,150.0000,150.0000,85.0000,85.0000,66.20,0.00,0.00,0.00,0.00,84.71
3.2980,150.0000,150.0000,85.0000,85.0000,66.20,0.00,0.00,0.00,0.00,84.71
3.3000,150.0000,150.0000,85.0000,85.0000,66.20,0.00,0.00,0.00,0.00,84.71
3.3020,150.0000,150.0000,85.0000,85.0000,66.20,0.00,0.00,0.00,0.00,84.71
3.3040,150.0000,150.0000,85.0000,85.0000,66.20,0.00,0.00,0.00,0.00,84.71
3.3060,150.0000,150.0000,85.0000,85.0000,66.20,0.00,0.00,0.00,0.00,84.71
3.3080,150.0000,150.0000,85.0000,85.0000,66.20,0.00,0.00,0.00,0.00,84.71
3.3100,150.0000,150.0000,85.0000,85.0000,66.20,0.00,0.00,0.00,0.00,84.71
3.3120,150.0000,150.0000,85.0000,85.0000,66.20,0.00,0.00,0.00,0.00,84.71
3.3140,150.0000,150.0000,85.0000,85.0000,66.20,0.00,0.00,0.00,0.00,84.71
3.3160,150.0000,150.0000,85.0000,85.0000,66.20,0.00,0.00,0.00,0.00,84.71
3.3180,150.0000,150.0000,85.0000,85.0000,66.20,0.00,0.00,0.00,0.00,84.71
3.3200,150.0000,150.0000,85.0000,85.0000,66.20,0.00,0.00,0.00,0.00,84.71
3.3220,150.0000,150.0000,85.0000,85.0000,66.20,0.00,0.00,0.00,0.00,84.71
3.3240,150.0000,150.0000,85.0000,85.0000,66.20,0.00,0.00,0.00,0.00,84.71
3.3260,150.0000,150.0000,85.0000,85.0000,66.20,0.00,0.00,0.00,0.00,84.71
3.3280,150.0000,150.0000,85.0000,85.0000,66.20,0.00,0.00,0.00,0.00,84.71
3.3300,150.0000,150.0000,85.0000,85.0000,66.20,0.00,0.00,0.00,0.00,84.71
3.3320,150.0000,150.0000,85.0000,85.0000,66.20,0.00,0.00,0.00,0.00,84.71
3.3340,150.0000,150.0000,85.0000,85.0000,66.20,0.00,0.00,0.00,0.00,84.71
3.3360,150.0000,150.0000,85.0000,85.0000,66.20,0.00,0.00,0.00,0.00,84.71
3.3380,150.0000,150.0000,85.0000,85.0000,66.20,0.00,0.00,0.00,0.00,84.71
3.3400,150.0000,150.0000,85.0000,85.0000,66.20,0.00,0.00,0.00,0.00,84.71
3.3420,150.0000,150.0000,85.0000,85.0000,66.20,0.00,0.00,0.00,0.00,84.71
3.3440,150.0000,150.0000,85.0000,85.0000,66.20,0.00,0.00,0.00,0.00,84.71
3.3460,150.0000,150.0000,85.0000,85.0000,66.20,0.00,0.00,0.00,0.00,84.71
3.3480,150.0000,150.0000,85.0000,85.0000,66.20,0.00,0.00,0.00,0.00,84.71
3.3500,150.0000,150.0000,85.0000,85.0000,66.20,0.00,0.00,0.00,0.00,84.71
3.3520,150.0000,150.0000,85.0000,85.0000,66.20,0.00,0.00,0.00,0.00,84.71
3.3540,150.0000,150.0000,85.0000,85.0000,66.20,0.00,0.00,0.00,0.00,84.71
3.3560,150.0000,150.0000,85.0000,85.0000,66.20,0.00,0.00,0.00,0.00,84.71
3.3580,150.0000,150.0000,85.0000,85.0000,66.20,0.00,0.00,0.00,0.00,84.71
3.3600,150.0000,150.0000,85.0000,85.0000,66.20,0.00,0.00,0.00,0.00,84.71
3.3620,150.0000,150.0000,85.0000,85.0000,66.20,0.00,0.00,0.00,0.00,84.71
3.3640,150.0000,150.0000,85.0000,85.0000,66.20,0.00,0.00,0.00,0.00,84.71
3.3660,150.0000,150.0000,85.0000,85.0000,66.20,0.00,0.00,0.00,0.00,84.71
3.3680,150.0000,150.0000,85.0000,85.0000,66.20,0.00,0.00,0.00,0.00,84.71
3.3700,150.0000,150.0000,85.0000,85.0000,66.20,0.00,0.00,0.00,0.00,84.71
3.3720,150.0000,150.0000,85.0000,85.0000,66.20,0.00,0.00,0.00,0.00,84.71
3.3740,150.0000,150.0000,85.0000,85.0000,66.20,0.00,0.00,0.00,0.00,84.71
3.3760,150.0000,150.0000,85.0000,85.0000,66.20,0.00,0.00,0.00,0.00,84.71
3.3780,150.0000,150.0000,85.0000,85.0000,66.20,0.00,0.00,0.00,0.00,84.71
3.3800,150.0000,150.0000,85.0000,85.0000,66.20,0.00,0.00,0.00,0.00,84.71
3.3820,150.0000,150.0000,85.0000,85.0000,66.20,0.00,0.00,0.00,0.00,84.71
3.3840,150.0000,150.0000,85.0000,85.0000,66.20,0.00,0.00,0.00,0.00,84.71
3.3860,150.0000,150.0000,85.0000,85.0000,66.20,0.00,0.00,0.00,0.00,84.71
3.3880,150.0000,150.0000,85.0000,85.0000,66.20,0.00,0.00,0.00,0.00,84.71
3.3900,150.0000,150.0000,85.0000,85.0000,66.20,0.00,0.00,0.00,0.00,84.71
3.3920,150.0000,150.0000,85.0000,85.0000,66.20,0.00,0.00,0.00,0.00,84.71
3.3940,150.0000,150.0000,85.0000,85.0000,66.20,0.00,0.00,0.00,0.00,84.71
3.3960,150.0000,150.0000,85.0000,85.0000,66.20,0.00,0.00,0.00,0.00,84.71
3.3980,150.0000,150.0000,85.0000,85.0000,66.20,0.00,0.00,0.00,0.00,84.71
3.4000,150.0000,150.0000,85.0000,85.0000,66.20,0.00,0.00,0.00,0.00,84.71
3.4020,150.0000,150.0000,85.0000,85.0000,66.20,0.00,0.00,0.00,0.00,84.71
3.4040,150.0000,150.0000,85.0000,85.0000,66.20,0.00,0.00,0.00,0.00,84.71
3.4060,150.0000,150.0000,85.0000,85.0000,66.20,0.00,0.00,0.00,0.00,84.71
3.4080,150.0000,150.0000,85.0000,85.0000,66.20,0.00,0.00,0.00,0.00,84.71
3.4100,150.0000,150.0000,85.0000,85.0000,66.20,0.00,0.00,0.00,0.00,84.71
3.4120,150.0000,150.0000,85.0000,85.0000,66.20,0.00,0.00,0.00,0.00,84.71
3.4140,150.0000,150.0000,85.0000,85.0000,66.20,0.00,0.00,0.00,0.00,84.71
3.4160,150.0000,150.0000,85.0000,85.0000,66.20,0.00,0.00,0.00,0.00,84.71
3.4180,150.0000,150.0000,85.0000,85.0000,66.20,0.00,0.00,0.00,0.00,84.71
3.4200,150.0000,150.0000,85.0000,85.0000,66.20,0.00,0.00,0.00,0.00,84.71
3.4220,150.0000,150.0000,85.0000,85.0000,66.20,0.00,0.00,0.00,0.00,84.71
3.4240,150.0000,150.0000,85.0000,85.0000,66.20,0.00,0.00,0.00,0.00,84.71
3.4260,150.0000,150.0000,85.0000,85.0000,66.20,0.00,0.00,0.00,0.00,84.71
3.4280,150.0000,150.0000,85.0000,85.0000,66.20,0.00,0.00,0.00,0.00,84.71
3.4300,150.0000,150.0000,85.0000,85.0000,66.20,0.00,0.00,0.00,0.00,84.71
3.4320,150.0000,150.0000,85.0000,85.0000,66.20,0.00,0.00,0.00,0.00,84.71
3.4340,150.0000,150.0000,85.0000,85.0000,66.20,0.00,0.00,0.00,0.00,84.71
3.4360,150.0000,150.0000,85.0000,85.0000,66.20,0.00,0.00,0.00,0.00,84.71
3.4380,150.0000,150.0000,85.0000,85.0000,66.20,0.00,0.00,0.00,0.00,84.71
3.4400,150.0000,150.0000,85.0000,85.0000,66.20,0.00,0.00,0.00,0.00,84.71
3.4420,150.0000,150.0000,85.0000,85.0000,66.20,0.00,0.00,0.00,0.00,84.71
3.4440,150.0000,150.0000,85.0000,85.0000,66.20,0.00,0.00,0.00,0.00,84.71
3.4460,150.0000,150.0000,85.0000,85.0000,66.20,0.00,0.00,0.00,0.00,84.71
3.4480,150.0000,150.0000,85.0000,85.0000,66.20,0.00,0.00,0.00,0.00,84.71
3.4500,150.0000,150.0000,85.0000,85.0000,66.20,0.00,0.00,0.00,0.00,84.71
3.4520,150.0000,150.0000,85.0000,85.0000,66.20,0.00,0.00,0.00,0.00,84.71
3.4540,150.0000,150.0000,85.0000,85.0000,66.20,0.00,0.00,0.00,0.00,84.71
3.4560,150.0000,150.0000,85.0000,85.0000,66.20,0.00,0.00,0.00,0.00,84.71
3.4580,150.0000,150.0000,85.0000,85.0000,66.20,0.00,0.00,85.16,0.00,0.00
3.4600,150.0000,150.0000,85.0000,85.0000,66.20,0.00,0.00,85.16,0.00,0.00
3.4620,150.0000,150.0000,85.0000,85.0000,66.20,0.00,0.00,85.16,0.00,0.00
3.4640,150.0000,150.0000,85.0000,85.0000,66.20,0.00,0.00,85.16,0.00,0.00
3.4660,150.0000,150.0000,85.0000,85.0000,66.20,0.00,0.00,85.16,0.00,0.00
3.4680,150.0000,150.0000,85.0000,85.0000,66.20,0.00,0.00,85.16,0.00,0.00
3.4700,150.0000,150.0000,85.0000,85.0000,66.20,0.00,0.00,85.16,0.00,0.00
3.4720,150.0000,150.0000,85.0000,85.0000,66.20,0.00,0.00,85.16,0.00,0.00
3.4740,150.0000,150.0000,85.0000,85.0000,66.20,0.00,0.00,85.16,0.00,0.00
3.4760,150.0000,150.0000,85.0000,85.0000,66.20,0.00,0.00,85.16,0.00,0.00
3.4780,150.0000,150.0000,85.0000,85.0000,66.20,0.00,0.00,85.16,0.00,0.00
3.4800,150.0000,150.0000,85.0000,85.0000,66.20,0.00,0.00,85.16,0.00,0.00
3.4820,150.0000,150.0000,85.0000,85.0000,66.20,0.00,0.00,85.16,0.00,0.00
3.4840,150.0000,150.0000,85.0000,85.0000,66.20,0.00,0.00,85.16,0.00,0.00
3.4860,150.0000,150.0000,85.0000,85.0000,66.20,0.00,0.00,85.16,0.00,0.00
3.4880,150.0000,150.0000,85.0000,85.0000,66.20,0.00,0.00,85.16,0.00,0.00
3.4900,150.0000,150.0000,85.0000,85.0000,66.20,0.00,0.00,85.16,0.00,0.00
3.4920,150.0000,150.0000,85.0000,85.0000,0.00,0.00,71.70,85.16,0.00,0.00
3.4940,150.0000,150.0000,85.0000,85.0000,0.00,0.00,71.70,85.16,0.00,0.00
3.4960,150.0000,150.0000,85.0000,85.0000,0.00,0.00,71.70,85.16,0.00,0.00
3.4980,150.0000,150.0000,85.0000,85.0000,0.00,0.00,71.70,85.16,0.00,0.00
3.5000,150.0000,150.0000,85.0000,85.0000,0.00,0.00,71.70,85.16,0.00,0.00
3.5020,150.0000,150.0000,85.0000,85.0000,0.00,0.00,71.70,0.00,0.00,84.71
3.5040,150.0000,150.0000,85.0000,85.0000,0.00,0.00,71.70,0.00,0.00,84.71
3.5060,150.0000,150.0000,85.0000,85.0000,0.00,0.00,71.70,0.00,0.00,84.71
3.5080,150.0000,150.0000,85.0000,85.0000,0.00,0.00,71.70,0.00,0.00,84.71
3.5100,150.0000,150.0000,85.0000,85.0000,0.00,0.00,71.70,0.00,0.00,84.71
3.5120,150.0000,150.0000,85.0000,85.0000,0.00,0.00,71.70,0.00,0.00,84.71
3.5140,150.0000,150.0000,85.0000,85.0000,66.20,0.00,0.00,0.00,0.00,84.71
3.5160,150.0000,150.0000,85.0000,85.0000,66.20,0.00,0.00,0.00,0.00,84.71
3.5180,150.0000,150.0000,85.0000,85.0000,66.20,0.00,0.00,0.00,0.00,84.71
3.5200,150.0000,150.0000,85.0000,85.0000,66.20,0.00,0.00,0.00,0.00,84.71
3.5220,150.0000,150.0000,85.0000,85.0000,66.20,0.00,0.00,0.00,0.00,84.71
3.5240,150.0000,150.0000,85.0000,85.0000,66.20,0.00,0.00,0.00,0.00,84.71
3.5260,150.0000,150.0000,85.0000,85.0000,66.20,0.00,0.00,0.00,0.00,84.71
3.5280,150.0000,150.0000,85.0000,85.0000,66.20,0.00,0.00,0.00,0.00,84.71
3.5300,150.0000,150.0000,85.0000,85.0000,66.20,0.00,0.00,0.00,0.00,84.71
3.5320,150.0000,150.0000,85.0000,85.0000,66.20,0.00,0.00,0.00,0.00,84.71
3.5340,150.0000,150.0000,85.0000,85.0000,66.20,0.00,0.00,0.00,0.00,84.71
3.5360,150.0000,150.0000,85.0000,85.0000,66.20,0.00,0.00,0.00,0.00,84.71
3.5380,150.0000,150.0000,85.0000,85.0000,66.20,0.00,0.00,0.00,0.00,84.71
3.5400,150.0000,150.0000,85.0000,85.0000,66.20,0.00,0.00,0.00,0.00,84.71
3.5420,150.0000,150.0000,85.0000,85.0000,66.20,0.00,0.00,0.00,0.00,84.71
3.5440,150.0000,150.0000,85.0000,85.0000,66.20,0.00,0.00,0.00,0.00,84.71
3.5460,150.0000,150.0000,85.0000,85.0000,66.20,0.00,0.00,0.00,0.00,84.71
3.5480,150.0000,150.0000,85.0000,85.0000,66.20,0.00,0.00,0.00,0.00,84.71
3.5500,150.0000,150.0000,85.0000,85.0000,66.20,0.00,0.00,0.00,0.00,84.71
3.5520,150.0000,150.0000,85.0000,85.0000,66.20,0.00,0.00,0.00,0.00,84.71
3.5540,150.0000,150.0000,85.0000,85.0000,66.20,0.00,0.00,0.00,0.00,84.71
3.5560,150.0000,150.0000,85.0000,85.0000,66.20,0.00,0.00,0.00,0.00,84.71
3.5580,150.0000,150.0000,85.0000,85.0000,66.20,0.00,0.00,0.00,0.00,84.71
3.5600,150.0000,150.0000,85.0000,85.0000,66.20,0.00,0.00,0.00,0.00,84.71
3.5620,150.0000,150.0000,85.0000,85.0000,66.20,0.00,0.00,0.00,0.00,84.71
3.5640,150.0000,150.0000,85.0000,85.0000,66.20,0.00,0.00,0.00,0.00,84.71
3.5660,150.0000,150.0000,85.0000,85.0000,66.20,0.00,0.00,0.00,0.00,84.71
3.5680,150.0000,150.0000,85.0000,85.0000,66.20,0.00,0.00,0.00,0.00,84.71
3.5700,150.0000,150.0000,85.0000,85.0000,66.20,0.00,0.00,0.00,0.00,84.71
3.5720,150.0000,150.0000,85.0000,85.0000,66.20,0.00,0.00,0.00,0.00,84.71
3.5740,150.0000,150.0000,85.0000,85.0000,66.20,0.00,0.00,0.00,0.00,84.71
3.5760,150.0000,150.0000,85.0000,85.0000,66.20,0.00,0.00,0.00,0.00,84.71
3.5780,150.0000,150.0000,85.0000,85.0000,66.20,0.00,0.00,0.00,0.00,84.71
3.5800,150.0000,150.0000,85.0000,85.0000,66.20,0.00,0.00,0.00,0.00,84.71
3.5820,150.0000,150.0000,85.0000,85.0000,66.20,0.00,0.00,0.00,0.00,84.71
3.5840,150.0000,150.0000,85.0000,85.0000,66.20,0.00,0.00,0.00,0.00,84.71
3.5860,150.0000,150.0000,85.0000,85.0000,66.20,0.00,0.00,0.00,0.00,84.71
3.5880,150.0000,150.0000,85.0000,85.0000,66.20,0.00,0.00,0.00,0.00,84.71
3.5900,150.0000,150.0000,85.0000,85.0000,66.20,0.00,0.00,0.00,0.00,84.71
3.5920,150.0000,150.0000,85.0000,85.0000,66.20,0.00,0.00,0.00,0.00,84.71
3.5940,150.0000,150.0000,85.0000,85.0000,66.20,0.00,0.00,0.00,0.00,84.71
3.5960,150.0000,150.0000,85.0000,85.0000,66.20,0.00,0.00,0.00,0.00,84.71
3.5980,150.0000,150.0000,85.0000,85.0000,66.20,0.00,0.00,0.00,0.00,84.71
3.6000,150.0000,150.0000,85.0000,85.0000,66.20,0.00,0.00,0.00,0.00,84.71
3.6020,150.0000,150.0000,85.0000,85.0000,66.20,0.00,0.00,0.00,0.00,84.71
3.6040,150.0000,150.0000,85.0000,85.0000,66.20,0.00,0.00,0.00,0.00,84.71
3.6060,150.0000,150.0000,85.0000,85.0000,66.20,0.00,0.00,0.00,0.00,84.71
3.6080,150.0000,150.0000,85.0000,85.0000,66.20,0.00,0.00,0.00,0.00,84.71
3.6100,150.0000,150.0000,85.0000,85.0000,66.20,0.00,0.00,0.00,0.00,84.71
3.6120,150.0000,150.0000,85.0000,85.0000,66.20,0.00,0.00,0.00,0.00,84.71
3.6140,150.0000,150.0000,85.0000,85.0000,66.20,0.00,0.00,0.00,0.00,84.71
3.6160,150.0000,150.0000,85.0000,85.0000,66.20,0.00,0.00,0.00,0.00,84.71
3.6180,150.0000,150.0000,85.0000,85.0000,66.20,0.00,0.00,0.00,0.00,84.71
3.6200,150.0000,150.0000,85.0000,85.0000,66.20,0.00,0.00,0.00,0.00,84.71
3.6220,150.0000,150.0000,85.0000,85.0000,66.20,0.00,0.00,0.00,0.00,84.71
3.6240,150.0000,150.0000,85.0000,85.0000,66.20,0.00,0.00,0.00,0.00,84.71
3.6260,150.0000,150.0000,85.0000,85.0000,66.20,0.00,0.00,0.00,0.00,84.71
3.6280,150.0000,150.0000,85.0000,85.0000,66.20,0.00,0.00,0.00,0.00,84.71
3.6300,150.0000,150.0000,85.0000,85.0000,66.20,0.00,0.00,0.00,0.00,84.71
3.6320,150.0000,150.0000,85.0000,85.0000,66.20,0.00,0.00,0.00,0.00,84.71
3.6340,150.0000,150.0000,85.0000,85.0000,66.20,0.00,0.00,0.00,0.00,84.71
3.6360,150.0000,150.0000,85.0000,85.0000,66.20,0.00,0.00,0.00,0.00,84.71
3.6380,150.0000,150.0000,85.0000,85.0000,66.20,0.00,0.00,0.00,0.00,84.71
3.6400,150.0000,150.0000,85.0000,85.0000,66.20,0.00,0.00,0.00,0.00,84.71
3.6420,150.0000,150.0000,85.0000,85.0000,66.20,0.00,0.00,0.00,0.00,84.71
3.6440,150.0000,150.0000,85.0000,85.0000,66.20,0.00,0.00,0.00,0.00,84.71
3.6460,150.0000,150.0000,85.0000,85.0000,66.20,0.00,0.00,0.00,0.00,84.71
3.6480,150.0000,150.0000,85.0000,85.0000,66.20,0.00,0.00,0.00,0.00,84.71
3.6500,150.0000,150.0000,85.0000,85.0000,66.20,0.00,0.00,0.00,0.00,84.71
3.6520,150.0000,150.0000,85.0000,85.0000,66.20,0.00,0.00,0.00,0.00,84.71
3.6540,150.0000,150.0000,85.0000,85.0000,66.20,0.00,0.00,0.00,0.00,84.71
3.6560,150.0000,150.0000,85.0000,85.0000,66.20,0.00,0.00,0.00,0.00,84.71
3.6580,150.0000,150.0000,85.0000,85.0000,66.20,0.00,0.00,0.00,0.00,84.71
3.6600,150.0000,150.0000,85.0000,85.0000,66.20,0.00,0.00,0.00,0.00,84.71
3.6620,150.0000,150.0000,85.0000,85.0000,66.20,0.00,0.00,0.00,0.00,84.71
3.6640,150.0000,150.0000,85.0000,85.0000,66.20,0.00,0.00,0.00,0.00,84.71
3.6660,150.0000,150.0000,85.0000,85.0000,66.20,0.00,0.00,0.00,0.00,84.71
3.6680,150.0000,150.0000,85.0000,85.0000,66.20,0.00,0.00,0.00,0.00,84.71
3.6700,150.0000,150.0000,85.0000,85.0000,66.20,0.00,0.00,85.16,0.00,0.00
3.6720,150.0000,150.0000,85.0000,85.0000,66.20,0.00,0.00,85.16,0.00,0.00
3.6740,150.0000,150.0000,85.0000,85.0000,66.20,0.00,0.00,85.16,0.00,0.00
3.6760,150.0000,150.0000,85.0000,85.0000,66.20,0.00,0.00,85.16,0.00,0.00
3.6780,150.0000,150.0000,85.0000,85.0000,66.20,0.00,0.00,85.16,0.00,0.00
3.6800,150.0000,150.0000,85.0000,85.0000,66.20,0.00,0.00,85.16,0.00,0.00
3.6820,150.0000,150.0000,85.0000,85.0000,66.20,0.00,0.00,85.16,0.00,0.00
3.6840,150.0000,150.0000,85.0000,85.0000,66.20,0.00,0.00,85.16,0.00,0.00
3.6860,150.0000,150.0000,85.0000,85.0000,66.20,0.00,0.00,85.16,0.00,0.00
3.6880,150.0000,150.0000,85.0000,85.0000,66.20,0.00,0.00,85.16,0.00,0.00
3.6900,150.0000,150.0000,85.0000,85.0000,66.20,0.00,0.00,85.16,0.00,0.00
3.6920,150.0000,150.0000,85.0000,85.0000,66.20,0.00,0.00,85.16,0.00,0.00
3.6940,150.0000,150.0000,85.0000,85.0000,66.20,0.00,0.00,85.16,0.00,0.00
3.6960,150.0000,150.0000,85.0000,85.0000,66.20,0.00,0.00,85.16,0.00,0.00
3.6980,150.0000,150.0000,85.0000,85.0000,66.20,0.00,0.00,85.16,0.00,0.00
3.7000,150.0000,150.0000,85.0000,85.0000,66.20,0.00,0.00,85.16,0.00,0.00
3.7020,150.0000,150.0000,85.0000,85.0000,66.20,0.00,0.00,85.16,0.00,0.00
3.7040,150.0000,150.0000,85.0000,85.0000,66.20,0.00,0.00,85.16,0.00,0.00
3.7060,150.0000,150.0000,85.0000,85.0000,66.20,0.00,0.00,85.16,0.00,0.00
3.7080,150.0000,150.0000,85.0000,85.0000,66.20,0.00,0.00,85.16,0.00,0.00
3.7100,150.0000,150.0000,85.0000,85.0000,66.20,0.00,0.00,85.16,0.00,0.00
3.7120,150.0000,150.0000,85.0000,85.0000,66.20,0.00,0.00,85.16,0.00,0.00
3.7140,150.0000,150.0000,85.0000,85.0000,66.20,0.00,0.00,0.00,0.00,84.71
3.7160,150.0000,150.0000,85.0000,85.0000,66.20,0.00,0.00,0.00,0.00,84.71
3.7180,150.0000,150.0000,85.0000,85.0000,66.20,0.00,0.00,0.00,0.00,84.71
3.7200,150.0000,150.0000,85.0000,85.0000,66.20,0.00,0.00,0.00,0.00,84.71
3.7220,150.0000,150.0000,85.0000,85.0000,66.20,0.00,0.00,0.00,0.00,84.71
3.7240,150.0000,150.0000,85.0000,85.0000,0.00,0.00,71.70,0.00,0.00,84.71
3.7260,150.0000,150.0000,85.0000,85.0000,0.00,0.00,71.70,0.00,0.00,84.71
3.7280,150.0000,150.0000,85.0000,85.0000,0.00,0.00,71.70,0.00,0.00,84.71
3.7300,150.0000,150.0000,85.0000,85.0000,0.00,0.00,71.70,0.00,0.00,84.71
3.7320,150.0000,150.0000,85.0000,85.0000,0.00,0.00,71.70,0.00,0.00,84.71
3.7340,150.0000,150.0000,85.0000,85.0000,0.00,0.00,71.70,0.00,0.00,84.71
3.7360,150.0000,150.0000,85.0000,85.0000,0.00,0.00,71.70,0.00,0.00,84.71
3.7380,150.0000,150.0000,85.0000,85.0000,0.00,0.00,71.70,0.00,0.00,84.71
3.7400,150.0000,150.0000,85.0000,85.0000,0.00,0.00,71.70,0.00,0.00,84.71
3.7420,150.0000,150.0000,85.0000,85.0000,0.00,0.00,71.70,0.00,0.00,84.71
3.7440,150.0000,150.0000,85.0000,85.0000,0.00,0.00,71.70,0.00,0.00,84.71
3.7460,150.0000,150.0000,85.0000,85.0000,66.20,0.00,0.00,0.00,0.00,84.71
3.7480,150.0000,150.0000,85.0000,85.0000,66.20,0.00,0.00,0.00,0.00,84.71
3.7500,150.0000,150.0000,85.0000,85.0000,66.20,0.00,0.00,0.00,0.00,84.71
3.7520,150.0000,150.0000,85.0000,85.0000,66.20,0.00,0.00,0.00,0.00,84.71
3.7540,150.0000,150.0000,85.0000,85.0000,66.20,0.00,0.00,0.00,0.00,84.71
3.7560,150.0000,150.0000,85.0000,85.0000,66.20,0.00,0.00,0.00,0.00,84.71
3.7580,150.0000,150.0000,85.0000,85.0000,66.20,0.00,0.00,0.00,0.00,84.71
3.7600,150.0000,150.0000,85.0000,85.0000,66.20,0.00,0.00,0.00,0.00,84.71
3.7620,150.0000,150.0000,85.0000,85.0000,66.20,0.00,0.00,0.00,0.00,84.71
3.7640,150.0000,150.0000,85.0000,85.0000,66.20,0.00,0.00,0.00,0.00,84.71
3.7660,150.0000,150.0000,85.0000,85.0000,66.20,0.00,0.00,0.00,0.00,84.71
3.7680,150.0000,150.0000,85.0000,85.0000,66.20,0.00,0.00,0.00,0.00,84.71
3.7700,150.0000,150.0000,85.0000,85.0000,66.20,0.00,0.00,0.00,0.00,84.71
3.7720,150.0000,150.0000,85.0000,85.0000,66.20,0.00,0.00,0.00,0.00,84.71
3.7740,150.0000,150.0000,85.0000,85.0000,66.20,0.00,0.00,0.00,0.00,84.71
3.7760,150.0000,150.0000,85.0000,85.0000,66.20,0.00,0.00,0.00,0.00,84.71
3.7780,150.0000,150.0000,85.0000,85.0000,66.20,0.00,0.00,0.00,0.00,84.71
3.7800,150.0000,150.0000,85.0000,85.0000,66.20,0.00,0.00,0.00,0.00,84.71
3.7820,150.0000,150.0000,85.0000,85.0000,66.20,0.00,0.00,0.00,0.00,84.71
3.7840,150.0000,150.0000,85.0000,85.0000,66.20,0.00,0.00,0.00,0.00,84.71
3.7860,150.0000,150.0000,85.0000,85.0000,66.20,0.00,0.00,0.00,0.00,84.71
3.7880,150.0000,150.0000,85.0000,85.0000,66.20,0.00,0.00,0.00,0.00,84.71
3.7900,150.0000,150.0000,85.0000,85.0000,66.20,0.00,0.00,0.00,0.00,84.71
3.7920,150.0000,150.0000,85.0000,85.0000,66.20,0.00,0.00,0.00,0.00,84.71
3.7940,150.0000,150.0000,85.0000,85.0000,66.20,0.00,0.00,0.00,0.00,84.71
3.7960,150.0000,150.0000,85.0000,85.0000,66.20,0.00,0.00,0.00,0.00,84.71
3.7980,150.0000,150.0000,85.0000,85.0000,66.20,0.00,0.00,0.00,0.00,84.71
3.8000,150.0000,150.0000,85.0000,85.0000,66.20,0.00,0.00,0.00,0.00,84.71
3.8020,150.0000,150.0000,85.0000,85.0000,66.20,0.00,0.00,0.00,0.00,84.71
3.8040,150.0000,150.0000,85.0000,85.0000,66.20,0.00,0.00,0.00,0.00,84.71
3.8060,150.0000,150.0000,85.0000,85.0000,66.20,0.00,0.00,0.00,0.00,84.71
3.8080,150.0000,150.0000,85.0000,85.0000,66.20,0.00,0.00,0.00,0.00,84.71
3.8100,150.0000,150.0000,85.0000,85.0000,66.20,0.00,0.00,0.00,0.00,84.71
3.8120,150.0000,150.0000,85.0000,85.0000,66.20,0.00,0.00,0.00,0.00,84.71
3.8140,150.0000,150.0000,85.0000,85.0000,66.20,0.00,0.00,0.00,0.00,84.71
3.8160,150.0000,150.0000,85.0000,85.0000,66.20,0.00,0.00,0.00,0.00,84.71
3.8180,150.0000,150.0000,85.0000,85.0000,66.20,0.00,0.00,0.00,0.00,84.71
3.8200,150.0000,150.0000,85.0000,85.0000,66.20,0.00,0.00,0.00,0.00,84.71
3.8220,150.0000,150.0000,85.0000,85.0000,66.20,0.00,0.00,0.00,0.00,84.71
3.8240,150.0000,150.0000,85.0000,85.0000,66.20,0.00,0.00,0.00,0.00,84.71
3.8260,150.0000,150.0000,85.0000,85.0000,66.20,0.00,0.00,0.00,0.00,84.71
3.8280,150.0000,150.0000,85.0000,85.0000,66.20,0.00,0.00,0.00,0.00,84.71
3.8300,150.0000,150.0000,85.0000,85.0000,66.20,0.00,0.00,0.00,0.00,84.71
3.8320,150.0000,150.0000,85.0000,85.0000,66.20,0.00,0.00,0.00,0.00,84.71
3.8340,150.0000,150.0000,85.0000,85.0000,66.20,0.00,0.00,0.00,0.00,84.71
3.8360,150.0000,150.0000,85.0000,85.0000,66.20,0.00,0.00,0.00,0.00,84.71
3.8380,150.0000,150.0000,85.0000,85.0000,66.20,0.00,0.00,0.00,0.00,84.71
3.8400,150.0000,150.0000,85.0000,85.0000,66.20,0.00,0.00,0.00,0.00,84.71
3.8420,150.0000,150.0000,85.0000,85.0000,66.20,0.00,0.00,0.00,0.00,84.71
3.8440,150.0000,150.0000,85.0000,85.0000,66.20,0.00,0.00,0.00,0.00,84.71
3.8460,150.0000,150.0000,85.0000,85.0000,66.20,0.00,0.00,0.00,0.00,84.71
3.8480,150.0000,150.0000,85.0000,85.0000,66.20,0.00,0.00,0.00,0.00,84.71
3.8500,150.0000,150.0000,85.0000,85.0000,66.20,0.00,0.00,0.00,0.00,84.71
3.8520,150.0000,150.0000,85.0000,85.0000,66.20,0.00,0.00,0.00,0.00,84.71
3.8540,150.0000,150.0000,85.0000,85.0000,66.20,0.00,0.00,0.00,0.00,84.71
3.8560,150.0000,150.0000,85.0000,85.0000,66.20,0.00,0.00,0.00,0.00,84.71
3.8580,150.0000,150.0000,85.0000,85.0000,66.20,0.00,0.00,0.00,0.00,84.71
3.8600,150.0000,150.0000,85.0000,85.0000,66.20,0.00,0.00,0.00,0.00,84.71
3.8620,150.0000,150.0000,85.0000,85.0000,66.20,0.00,0.00,0.00,0.00,84.71
3.8640,150.0000,150.0000,85.0000,85.0000,66.20,0.00,0.00,0.00,0.00,84.71
3.8660,150.0000,150.0000,85.0000,85.0000,66.20,0.00,0.00,0.00,0.00,84.71
3.8680,150.0000,150.0000,85.0000,85.0000,66.20,0.00,0.00,0.00,0.00,84.71
3.8700,150.0000,150.0000,85.0000,85.0000,66.20,0.00,0.00,0.00,0.00,84.71
3.8720,150.0000,150.0000,85.0000,85.0000,66.20,0.00,0.00,0.00,0.00,84.71
3.8740,150.0000,150.0000,85.0000,85.0000,66.20,0.00,0.00,0.00,0.00,84.71
3.8760,150.0000,150.0000,85.0000,85.0000,66.20,0.00,0.00,0.00,0.00,84.71
3.8780,150.0000,150.0000,85.0000,85.0000,66.20,0.00,0.00,0.00,0.00,84.71
3.8800,150.0000,150.0000,85.0000,85.0000,66.20,0.00,0.00,0.00,0.00,84.71
3.8820,150.0000,150.0000,85.0000,85.0000,66.20,0.00,0.00,85.16,0.00,0.00
3.8840,150.0000,150.0000,85.0000,85.0000,66.20,0.00,0.00,85.16,0.00,0.00
3.8860,150.0000,150.0000,85.0000,85.0000,66.20,0.00,0.00,85.16,0.00,0.00
3.8880,150.0000,150.0000,85.0000,85.0000,66.20,0.00,0.00,85.16,0.00,0.00
3.8900,150.0000,150.0000,85.0000,85.0000,66.20,0.00,0.00,85.16,0.00,0.00
3.8920,150.0000,150.0000,85.0000,85.0000,66.20,0.00,0.00,85.16,0.00,0.00
3.8940,150.0000,150.0000,85.0000,85.0000,66.20,0.00,0.00,85.16,0.00,0.00
3.8960,150.0000,150.0000,85.0000,85.0000,66.20,0.00,0.00,85.16,0.00,0.00
3.8980,150.0000,150.0000,85.0000,85.0000,66.20,0.00,0.00,85.16,0.00,0.00
3.9000,150.0000,150.0000,85.0000,85.0000,66.20,0.00,0.00,85.16,0.00,0.00
3.9020,150.0000,150.0000,85.0000,85.0000,66.20,0.00,0.00,85.16,0.00,0.00
3.9040,150.0000,150.0000,85.0000,85.0000,66.20,0.00,0.00,85.16,0.00,0.00
3.9060,150.0000,150.0000,85.0000,85.0000,66.20,0.00,0.00,85.16,0.00,0.00
3.9080,150.0000,150.0000,85.0000,85.0000,66.20,0.00,0.00,85.16,0.00,0.00
3.9100,150.0000,150.0000,85.0000,85.0000,66.20,0.00,0.00,85.16,0.00,0.00
3.9120,150.0000,150.0000,85.0000,85.0000,66.20,0.00,0.00,85.16,0.00,0.00
3.9140,150.0000,150.0000,85.0000,85.0000,66.20,0.00,0.00,85.16,0.00,0.00
3.9160,150.0000,150.0000,85.0000,85.0000,66.20,0.00,0.00,85.16,0.00,0.00
3.9180,150.0000,150.0000,85.0000,85.0000,66.20,0.00,0.00,85.16,0.00,0.00
3.9200,150.0000,150.0000,85.0000,85.0000,66.20,0.00,0.00,85.16,0.00,0.00
3.9220,150.0000,150.0000,85.0000,85.0000,66.20,0.00,0.00,85.16,0.00,0.00
3.9240,150.0000,150.0000,85.0000,85.0000,66.20,0.00,0.00,85.16,0.00,0.00
3.9260,150.0000,150.0000,85.0000,85.0000,66.20,0.00,0.00,0.00,0.00,84.71
3.9280,150.0000,150.0000,85.0000,85.0000,66.20,0.00,0.00,0.00,0.00,84.71
3.9300,150.0000,150.0000,85.0000,85.0000,66.20,0.00,0.00,0.00,0.00,84.71
3.9320,150.0000,150.0000,85.0000,85.0000,66.20,0.00,0.00,0.00,0.00,84.71
3.9340,150.0000,150.0000,85.0000,85.0000,66.20,0.00,0.00,0.00,0.00,84.71
3.9360,150.0000,150.0000,85.0000,85.0000,66.20,0.00,0.00,0.00,0.00,84.71
3.9380,150.0000,150.0000,85.0000,85.0000,66.20,0.00,0.00,0.00,0.00,84.71
3.9400,150.0000,150.0000,85.0000,85.0000,66.20,0.00,0.00,0.00,0.00,84.71
3.9420,150.0000,150.0000,85.0000,85.0000,66.20,0.00,0.00,0.00,0.00,84.71
3.9440,150.0000,150.0000,85.0000,85.0000,66.20,0.00,0.00,0.00,0.00,84.71
3.9460,150.0000,150.0000,85.0000,85.0000,66.20,0.00,0.00,0.00,0.00,84.71
3.9480,150.0000,150.0000,85.0000,85.0000,66.20,0.00,0.00,0.00,0.00,84.71
3.9500,150.0000,150.0000,85.0000,85.0000,66.20,0.00,0.00,0.00,0.00,84.71
3.9520,150.0000,150.0000,85.0000,85.0000,66.20,0.00,0.00,0.00,0.00,84.71
3.9540,150.0000,150.0000,85.0000,85.0000,66.20,0.00,0.00,0.00,0.00,84.71
3.9560,150.0000,150.0000,85.0000,85.0000,0.00,0.00,71.70,0.00,0.00,84.71
3.9580,150.0000,150.0000,85.0000,85.0000,0.00,0.00,71.70,0.00,0.00,84.71
3.9600,150.0000,150.0000,85.0000,85.0000,0.00,0.00,71.70,0.00,0.00,84.71
3.9620,150.0000,150.0000,85.0000,85.0000,0.00,0.00,71.70,0.00,0.00,84.71
3.9640,150.0000,150.0000,85.0000,85.0000,0.00,0.00,71.70,0.00,0.00,84.71
3.9660,150.0000,150.0000,85.0000,85.0000,0.00,0.00,71.70,0.00,0.00,84.71
3.9680,150.0000,150.0000,85.0000,85.0000,0.00,0.00,71.70,0.00,0.00,84.71
3.9700,150.0000,150.0000,85.0000,85.0000,0.00,0.00,71.70,0.00,0.00,84.71
3.9720,150.0000,150.0000,85.0000,85.0000,0.00,0.00,71.70,0.00,0.00,84.71
3.9740,150.0000,150.0000,85.0000,85.0000,0.00,0.00,71.70,0.00,0.00,84.71
3.9760,150.0000,150.0000,85.0000,85.0000,0.00,0.00,71.70,0.00,0.00,84.71
3.9780,150.0000,150.0000,85.0000,85.0000,66.20,0.00,0.00,0.00,0.00,84.71
3.9800,150.0000,150.0000,85.0000,85.0000,66.20,0.00,0.00,0.00,0.00,84.71
3.9820,150.0000,150.0000,85.0000,85.0000,66.20,0.00,0.00,0.00,0.00,84.71
3.9840,150.0000,150.0000,85.0000,85.0000,66.20,0.00,0.00,0.00,0.00,84.71
3.9860,150.0000,150.0000,85.0000,85.0000,66.20,0.00,0.00,0.00,0.00,84.71
3.9880,150.0000,150.0000,85.0000,85.0000,66.20,0.00,0.00,0.00,0.00,84.71
3.9900,150.0000,150.0000,85.0000,85.0000,66.20,0.00,0.00,0.00,0.00,84.71
3.9920,150.0000,150.0000,85.0000,85.0000,66.20,0.00,0.00,0.00,0.00,84.71
3.9940,150.0000,150.0000,85.0000,85.0000,66.20,0.00,0.00,0.00,0.00,84.71
3.9960,150.0000,150.0000,85.0000,85.0000,66.20,0.00,0.00,0.00,0.00,84.71
3.9980,150.0000,150.0000,85.0000,85.0000,66.20,0.00,0.00,0.00,0.00,84.71
4.0000,150.0000,150.0000,85.0000,85.0000,66.20,0.00,0.00,0.00,0.00,84.71
4.0020,150.0000,150.0000,85.0000,85.0000,66.20,0.00,0.00,0.00,0.00,84.71
4.0040,150.0000,150.0000,85.0000,85.0000,66.20,0.00,0.00,0.00,0.00,84.71
4.0060,150.0000,150.0000,85.0000,85.0000,66.20,0.00,0.00,0.00,0.00,84.71
4.0080,150.0000,150.0000,85.0000,85.0000,66.20,0.00,0.00,0.00,0.00,84.71
4.0100,150.0000,150.0000,85.0000,85.0000,66.20,0.00,0.00,0.00,0.00,84.71
4.0120,150.0000,150.0000,85.0000,85.0000,66.20,0.00,0.00,0.00,0.00,84.71
4.0140,150.0000,150.0000,85.0000,85.0000,66.20,0.00,0.00,0.00,0.00,84.71
4.0160,150.0000,150.0000,85.0000,85.0000,66.20,0.00,0.00,0.00,0.00,84.71
4.0180,150.0000,150.0000,85.0000,85.0000,66.20,0.00,0.00,0.00,0.00,84.71
4.0200,150.0000,150.0000,85.0000,85.0000,66.20,0.00,0.00,0.00,0.00,84.71
4.0220,150.0000,150.0000,85.0000,85.0000,66.20,0.00,0.00,0.00,0.00,84.71
4.0240,150.0000,150.0000,85.0000,85.0000,66.20,0.00,0.00,0.00,0.00,84.71
4.0260,150.0000,150.0000,85.0000,85.0000,66.20,0.00,0.00,0.00,0.00,84.71
4.0280,150.0000,150.0000,85.0000,85.0000,66.20,0.00,0.00,0.00,0.00,84.71
4.0300,150.0000,150.0000,85.0000,85.0000,66.20,0.00,0.00,0.00,0.00,84.71
4.0320,150.0000,150.0000,85.0000,85.0000,66.20,0.00,0.00,0.00,0.00,84.71
4.0340,150.0000,150.0000,85.0000,85.0000,66.20,0.00,0.00,0.00,0.00,84.71
4.0360,150.0000,150.0000,85.0000,85.0000,66.20,0.00,0.00,0.00,0.00,84.71
4.0380,150.0000,150.0000,85.0000,85.0000,66.20,0.00,0.00,0.00,0.00,84.71
4.0400,150.0000,150.0000,85.0000,85.0000,66.20,0.00,0.00,0.00,0.00,84.71
4.0420,150.0000,150.0000,85.0000,85.0000,66.20,0.00,0.00,0.00,0.00,84.71
4.0440,150.0000,150.0000,85.0000,85.0000,66.20,0.00,0.00,0.00,0.00,84.71
4.0460,150.0000,150.0000,85.0000,85.0000,66.20,0.00,0.00,0.00,0.00,84.71
4.0480,150.0000,150.0000,85.0000,85.0000,66.20,0.00,0.00,0.00,0.00,84.71
4.0500,150.0000,150.0000,85.0000,85.0000,66.20,0.00,0.00,0.00,0.00,84.71
4.0520,150.0000,150.0000,85.0000,85.0000,66.20,0.00,0.00,0.00,0.00,84.71
4.0540,150.0000,150.0000,85.0000,85.0000,66.20,0.00,0.00,0.00,0.00,84.71
4.0560,150.0000,150.0000,85.0000,85.0000,66.20,0.00,0.00,0.00,0.00,84.71
4.0580,150.0000,150.0000,85.0000,85.0000,66.20,0.00,0.00,0.00,0.00,84.71
4.0600,150.0000,150.0000,85.0000,85.0000,66.20,0.00,0.00,0.00,0.00,84.71
4.0620,150.0000,150.0000,85.0000,85.0000,66.20,0.00,0.00,0.00,0.00,84.71
4.0640,150.0000,150.0000,85.0000,85.0000,66.20,0.00,0.00,0.00,0.00,84.71
4.0660,150.0000,150.0000,85.0000,85.0000,66.20,0.00,0.00,0.00,0.00,84.71
4.0680,150.0000,150.0000,85.0000,85.0000,66.20,0.00,0.00,0.00,0.00,84.71
4.0700,150.0000,150.0000,85.0000,85.0000,66.20,0.00,0.00,0.00,0.00,84.71
4.0720,150.0000,150.0000,85.0000,85.0000,66.20,0.00,0.00,0.00,0.00,84.71
4.0740,150.0000,150.0000,85.0000,85.0000,66.20,0.00,0.00,0.00,0.00,84.71
4.0760,150.0000,150.0000,85.0000,85.0000,66.20,0.00,0.00,0.00,0.00,84.71
4.0780,150.0000,150.0000,85.0000,85.0000,66.20,0.00,0.00,0.00,0.00,84.71
4.0800,150.0000,150.0000,85.0000,85.0000,66.20,0.00,0.00,0.00,0.00,84.71
4.0820,150.0000,150.0000,85.0000,85.0000,66.20,0.00,0.00,0.00,0.00,84.71
4.0840,150.0000,150.0000,85.0000,85.0000,66.20,0.00,0.00,0.00,0.00,84.71
4.0860,150.0000,150.0000,85.0000,85.0000,66.20,0.00,0.00,0.00,0.00,84.71
4.0880,150.0000,150.0000,85.0000,85.0000,66.20,0.00,0.00,0.00,0.00,84.71
4.0900,150.0000,150.0000,85.0000,85.0000,66.20,0.00,0.00,0.00,0.00,84.71
4.0920,150.0000,150.0000,85.0000,85.0000,66.20,0.00,0.00,0.00,0.00,84.71
4.0940,150.0000,150.0000,85.0000,85.0000,66.20,0.00,0.00,85.16,0.00,0.00
4.0960,150.0000,150.0000,85.0000,85.0000,66.20,0.00,0.00,85.16,0.00,0.00
4.0980,150.0000,150.0000,85.0000,85.0000,66.20,0.00,0.00,85.16,0.00,0.00
4.1000,150.0000,150.0000,85.0000,85.0000,66.20,0.00,0.00,85.16,0.00,0.00
4.1020,150.0000,150.0000,85.0000,85.0000,66.20,0.00,0.00,85.16,0.00,0.00
4.1040,150.0000,150.0000,85.0000,85.0000,66.20,0.00,0.00,85.16,0.00,0.00
4.1060,150.0000,150.0000,85.0000,85.0000,66.20,0.00,0.00,85.16,0.00,0.00
4.1080,150.0000,150.0000,85.0000,85.0000,66.20,0.00,0.00,85.16,0.00,0.00
4.1100,150.0000,150.0000,85.0000,85.0000,66.20,0.00,0.00,85.16,0.00,0.00
4.1120,150.0000,150.0000,85.0000,85.0000,66.20,0.00,0.00,85.16,0.00,0.00
4.1140,150.0000,150.0000,85.0000,85.0000,66.20,0.00,0.00,85.16,0.00,0.00
4.1160,150.0000,150.0000,85.0000,85.0000,66.20,0.00,0.00,85.16,0.00,0.00
4.1180,150.0000,150.0000,85.0000,85.0000,66.20,0.00,0.00,85.16,0.00,0.00
4.1200,150.0000,150.0000,85.0000,85.0000,66.20,0.00,0.00,85.16,0.00,0.00
4.1220,150.0000,150.0000,85.0000,85.0000,66.20,0.00,0.00,85.16,0.00,0.00
4.1240,150.0000,150.0000,85.0000,85.0000,66.20,0.00,0.00,85.16,0.00,0.00
4.1260,150.0000,150.0000,85.0000,85.0000,66.20,0.00,0.00,85.16,0.00,0.00
4.1280,150.0000,150.0000,85.0000,85.0000,66.20,0.00,0.00,85.16,0.00,0.00
4.1300,150.0000,150.0000,85.0000,85.0000,66.20,0.00,0.00,85.16,0.00,0.00
4.1320,150.0000,150.0000,85.0000,85.0000,66.20,0.00,0.00,85.16,0.00,0.00
4.1340,150.0000,150.0000,85.0000,85.0000,66.20,0.00,0.00,85.16,0.00,0.00
4.1360,150.0000,150.0000,85.0000,85.0000,66.20,0.00,0.00,85.16,0.00,0.00
4.1380,150.0000,150.0000,85.0000,85.0000,66.20,0.00,0.00,0.00,0.00,84.71
4.1400,150.0000,150.0000,85.0000,85.0000,66.20,0.00,0.00,0.00,0.00,84.71
4.1420,150.0000,150.0000,85.0000,85.0000,66.20,0.00,0.00,0.00,0.00,84.71
4.1440,150.0000,150.0000,85.0000,85.0000,66.20,0.00,0.00,0.00,0.00,84.71
4.1460,150.0000,150.0000,85.0000,85.0000,66.20,0.00,0.00,0.00,0.00,84.71
4.1480,150.0000,150.0000,85.0000,85.0000,66.20,0.00,0.00,0.00,0.00,84.71
4.1500,150.0000,150.0000,85.0000,85.0000,66.20,0.00,0.00,0.00,0.00,84.71
4.1520,150.0000,150.0000,85.0000,85.0000,66.20,0.00,0.00,0.00,0.00,84.71
4.1540,150.0000,150.0000,85.0000,85.0000,66.20,0.00,0.00,0.00,0.00,84.71
4.1560,150.0000,150.0000,85.0000,85.0000,66.20,0.00,0.00,0.00,0.00,84.71
4.1580,150.0000,150.0000,85.0000,85.0000,66.20,0.00,0.00,0.00,0.00,84.71
4.1600,150.0000,150.0000,85.0000,85.0000,66.20,0.00,0.00,0.00,0.00,84.71
4.1620,150.0000,150.0000,85.0000,85.0000,66.20,0.00,0.00,0.00,0.00,84.71
4.1640,150.0000,150.0000,85.0000,85.0000,66.20,0.00,0.00,0.00,0.00,84.71
4.1660,150.0000,150.0000,85.0000,85.0000,66.20,0.00,0.00,0.00,0.00,84.71
4.1680,150.0000,150.0000,85.0000,85.0000,66.20,0.00,0.00,0.00,0.00,84.71
4.1700,150.0000,150.0000,85.0000,85.0000,66.20,0.00,0.00,0.00,0.00,84.71
4.1720,150.0000,150.0000,85.0000,85.0000,66.20,0.00,0.00,0.00,0.00,84.71
4.1740,150.0000,150.0000,85.0000,85.0000,66.20,0.00,0.00,0.00,0.00,84.71
4.1760,150.0000,150.0000,85.0000,85.0000,66.20,0.00,0.00,0.00,0.00,84.71
4.1780,150.0000,150.0000,85.0000,85.0000,66.20,0.00,0.00,0.00,0.00,84.71
4.1800,150.0000,150.0000,85.0000,85.0000,66.20,0.00,0.00,0.00,0.00,84.71
4.1820,150.0000,150.0000,85.0000,85.0000,66.20,0.00,0.00,0.00,0.00,84.71
4.1840,150.0000,150.0000,85.0000,85.0000,66.20,0.00,0.00,0.00,0.00,84.71
4.1860,150.0000,150.0000,85.0000,85.0000,66.20,0.00,0.00,0.00,0.00,84.71
4.1880,150.0000,150.0000,85.0000,85.0000,0.00,0.00,71.70,0.00,0.00,84.71
4.1900,150.0000,150.0000,85.0000,85.0000,0.00,0.00,71.70,0.00,0.00,84.71
4.1920,150.0000,150.0000,85.0000,85.0000,0.00,0.00,71.70,0.00,0.00,84.71
4.1940,150.0000,150.0000,85.0000,85.0000,0.00,0.00,71.70,0.00,0.00,84.71
4.1960,150.0000,150.0000,85.0000,85.0000,0.00,0.00,71.70,0.00,0.00,84.71
4.1980,150.0000,150.0000,85.0000,85.0000,0.00,0.00,71.70,0.00,0.00,84.71
4.2000,150.0000,150.0000,85.0000,85.0000,0.00,0.00,71.70,0.00,0.00,84.71
4.2020,150.0000,150.0000,85.0000,85.0000,0.00,0.00,71.70,0.00,0.00,84.71
4.2040,150.0000,150.0000,85.0000,85.0000,0.00,0.00,71.70,0.00,0.00,84.71
4.2060,150.0000,150.0000,85.0000,85.0000,0.00,0.00,71.70,0.00,0.00,84.71
4.2080,150.0000,150.0000,85.0000,85.0000,0.00,0.00,71.70,0.00,0.00,84.71
4.2100,150.0000,150.0000,85.0000,85.0000,66.20,0.00,0.00,0.00,0.00,84.71
4.2120,150.0000,150.0000,85.0000,85.0000,66.20,0.00,0.00,0.00,0.00,84.71
4.2140,150.0000,150.0000,85.0000,85.0000,66.20,0.00,0.00,0.00,0.00,84.71
4.2160,150.0000,150.0000,85.0000,85.0000,66.20,0.00,0.00,0.00,0.00,84.71
4.2180,150.0000,150.0000,85.0000,85.0000,66.20,0.00,0.00,0.00,0.00,84.71
4.2200,150.0000,150.0000,85.0000,85.0000,66.20,0.00,0.00,0.00,0.00,84.71
4.2220,150.0000,150.0000,85.0000,85.0000,66.20,0.00,0.00,0.00,0.00,84.71
4.2240,150.0000,150.0000,85.0000,85.0000,66.20,0.00,0.00,0.00,0.00,84.71
4.2260,150.0000,150.0000,85.0000,85.0000,66.20,0.00,0.00,0.00,0.00,84.71
4.2280,150.0000,150.0000,85.0000,85.0000,66.20,0.00,0.00,0.00,0.00,84.71
4.2300,150.0000,150.0000,85.0000,85.0000,66.20,0.00,0.00,0.00,0.00,84.71
4.2320,150.0000,150.0000,85.0000,85.0000,66.20,0.00,0.00,0.00,0.00,84.71
4.2340,150.0000,150.0000,85.0000,85.0000,66.20,0.00,0.00,0.00,0.00,84.71
4.2360,150.0000,150.0000,85.0000,85.0000,66.20,0.00,0.00,0.00,0.00,84.71
4.2380,150.0000,150.0000,85.0000,85.0000,66.20,0.00,0.00,0.00,0.00,84.71
4.2400,150.0000,150.0000,85.0000,85.0000,66.20,0.00,0.00,0.00,0.00,84.71
4.2420,150.0000,150.0000,85.0000,85.0000,66.20,0.00,0.00,0.00,0.00,84.71
4.2440,150.0000,150.0000,85.0000,85.0000,66.20,0.00,0.00,0.00,0.00,84.71
4.2460,150.0000,150.0000,85.0000,85.0000,66.20,0.00,0.00,0.00,0.00,84.71
4.2480,150.0000,150.0000,85.0000,85.0000,66.20,0.00,0.00,0.00,0.00,84.71
4.2500,150.0000,150.0000,85.0000,85.0000,66.20,0.00,0.00,0.00,0.00,84.71
4.2520,150.0000,150.0000,85.0000,85.0000,66.20,0.00,0.00,0.00,0.00,84.71
4.2540,150.0000,150.0000,85.0000,85.0000,66.20,0.00,0.00,0.00,0.00,84.71
4.2560,150.0000,150.0000,85.0000,85.0000,66.20,0.00,0.00,0.00,0.00,84.71
4.2580,150.0000,150.0000,85.0000,85.0000,66.20,0.00,0.00,0.00,0.00,84.71
4.2600,150.0000,150.0000,85.0000,85.0000,66.20,0.00,0.00,0.00,0.00,84.71
4.2620,150.0000,150.0000,85.0000,85.0000,66.20,0.00,0.00,0.00,0.00,84.71
4.2640,150.0000,150.0000,85.0000,85.0000,66.20,0.00,0.00,0.00,0.00,84.71
4.2660,150.0000,150.0000,85.0000,85.0000,66.20,0.00,0.00,0.00,0.00,84.71
4.2680,150.0000,150.0000,85.0000,85.0000,66.20,0.00,0.00,0.00,0.00,84.71
4.2700,150.0000,150.0000,85.0000,85.0000,66.20,0.00,0.00,0.00,0.00,84.71
4.2720,150.0000,150.0000,85.0000,85.0000,66.20,0.00,0.00,0.00,0.00,84.71
4.2740,150.0000,150.0000,85.0000,85.0000,66.20,0.00,0.00,0.00,0.00,84.71
4.2760,150.0000,150.0000,85.0000,85.0000,66.20,0.00,0.00,0.00,0.00,84.71
4.2780,150.0000,150.0000,85.0000,85.0000,66.20,0.00,0.00,0.00,0.00,84.71
4.2800,150.0000,150.0000,85.0000,85.0000,66.20,0.00,0.00,0.00,0.00,84.71
4.2820,150.0000,150.0000,85.0000,85.0000,66.20,0.00,0.00,0.00,0.00,84.71
4.2840,150.0000,150.0000,85.0000,85.0000,66.20,0.00,0.00,0.00,0.00,84.71
4.2860,150.0000,150.0000,85.0000,85.0000,66.20,0.00,0.00,0.00,0.00,84.71
4.2880,150.0000,150.0000,85.0000,85.0000,66.20,0.00,0.00,0.00,0.00,84.71
4.2900,150.0000,150.0000,85.0000,85.0000,66.20,0.00,0.00,0.00,0.00,84.71
4.2920,150.0000,150.0000,85.0000,85.0000,66.20,0.00,0.00,0.00,0.00,84.71
4.2940,150.0000,150.0000,85.0000,85.0000,66.20,0.00,0.00,0.00,0.00,84.71
4.2960,150.0000,150.0000,85.0000,85.0000,66.20,0.00,0.00,0.00,0.00,84.71
4.2980,150.0000,150.0000,85.0000,85.0000,66.20,0.00,0.00,0.00,0.00,84.71
4.3000,150.0000,150.0000,85.0000,85.0000,66.20,0.00,0.00,0.00,0.00,84.71
4.3020,150.0000,150.0000,85.0000,85.0000,66.20,0.00,0.00,0.00,0.00,84.71
4.3040,150.0000,150.0000,85.0000,85.0000,66.20,0.00,0.00,0.00,0.00,84.71
4.3060,150.0000,150.0000,85.0000,85.0000,66.20,0.00,0.00,85.16,0.00,0.00
4.3080,150.0000,150.0000,85.0000,85.0000,66.20,0.00,0.00,85.16,0.00,0.00
4.3100,150.0000,150.0000,85.0000,85.0000,66.20,0.00,0.00,85.16,0.00,0.00
4.3120,150.0000,150.0000,85.0000,85.0000,66.20,0.00,0.00,85.16,0.00,0.00
4.3140,150.0000,150.0000,85.0000,85.0000,66.20,0.00,0.00,85.16,0.00,0.00
4.3160,150.0000,150.0000,85.0000,85.0000,66.20,0.00,0.00,85.16,0.00,0.00
4.3180,150.0000,150.0000,85.0000,85.0000,66.20,0.00,0.00,85.16,0.00,0.00
4.3200,150.0000,150.0000,85.0000,85.0000,66.20,0.00,0.00,85.16,0.00,0.00
4.3220,150.0000,150.0000,85.0000,85.0000,66.20,0.00,0.00,85.16,0.00,0.00
4.3240,150.0000,150.0000,85.0000,85.0000,66.20,0.00,0.00,85.16,0.00,0.00
4.3260,150.0000,150.0000,85.0000,85.0000,66.20,0.00,0.00,85.16,0.00,0.00
4.3280,150.0000,150.0000,85.0000,85.0000,66.20,0.00,0.00,85.16,0.00,0.00
4.3300,150.0000,150.0000,85.0000,85.0000,66.20,0.00,0.00,85.16,0.00,0.00
4.3320,150.0000,150.0000,85.0000,85.0000,66.20,0.00,0.00,85.16,0.00,0.00
4.3340,150.0000,150.0000,85.0000,85.0000,66.20,0.00,0.00,85.16,0.00,0.00
4.3360,150.0000,150.0000,85.0000,85.0000,66.20,0.00,0.00,85.16,0.00,0.00
4.3380,150.0000,150.0000,85.0000,85.0000,66.20,0.00,0.00,85.16,0.00,0.00
4.3400,150.0000,150.0000,85.0000,85.0000,66.20,0.00,0.00,85.16,0.00,0.00
4.3420,150.0000,150.0000,85.0000,85.0000,66.20,0.00,0.00,85.16,0.00,0.00
4.3440,150.0000,150.0000,85.0000,85.0000,66.20,0.00,0.00,85.16,0.00,0.00
4.3460,150.0000,150.0000,85.0000,85.0000,66.20,0.00,0.00,85.16,0.00,0.00
4.3480,150.0000,150.0000,85.0000,85.0000,66.20,0.00,0.00,85.16,0.00,0.00
4.3500,150.0000,150.0000,85.0000,85.0000,66.20,0.00,0.00,0.00,0.00,84.71
4.3520,150.0000,150.0000,85.0000,85.0000,66.20,0.00,0.00,0.00,0.00,84.71
4.3540,150.0000,150.0000,85.0000,85.0000,66.20,0.00,0.00,0.00,0.00,84.71
4.3560,150.0000,150.0000,85.0000,85.0000,66.20,0.00,0.00,0.00,0.00,84.71
4.3580,150.0000,150.0000,85.0000,85.0000,66.20,0.00,0.00,0.00,0.00,84.71
4.3600,150.0000,150.0000,85.0000,85.0000,66.20,0.00,0.00,0.00,0.00,84.71
4.3620,150.0000,150.0000,85.0000,85.0000,66.20,0.00,0.00,0.00,0.00,84.71
4.3640,150.0000,150.0000,85.0000,85.0000,66.20,0.00,0.00,0.00,0.00,84.71
4.3660,150.0000,150.0000,85.0000,85.0000,66.20,0.00,0.00,0.00,0.00,84.71
4.3680,150.0000,150.0000,85.0000,85.0000,66.20,0.00,0.00,0.00,0.00,84.71
4.3700,150.0000,150.0000,85.0000,85.0000,66.20,0.00,0.00,0.00,0.00,84.71
4.3720,150.0000,150.0000,85.0000,85.0000,66.20,0.00,0.00,0.00,0.00,84.71
4.3740,150.0000,150.0000,85.0000,85.0000,66.20,0.00,0.00,0.00,0.00,84.71
4.3760,150.0000,150.0000,85.0000,85.0000,66.20,0.00,0.00,0.00,0.00,84.71
4.3780,150.0000,150.0000,85.0000,85.0000,66.20,0.00,0.00,0.00,0.00,84.71
4.3800,150.0000,150.0000,85.0000,85.0000,66.20,0.00,0.00,0.00,0.00,84.71
4.3820,150.0000,150.0000,85.0000,85.0000,66.20,0.00,0.00,0.00,0.00,84.71
4.3840,150.0000,150.0000,85.0000,85.0000,66.20,0.00,0.00,0.00,0.00,84.71
4.3860,150.0000,150.0000,85.0000,85.0000,66.20,0.00,0.00,0.00,0.00,84.71
4.3880,150.0000,150.0000,85.0000,85.0000,66.20,0.00,0.00,0.00,0.00,84.71
4.3900,150.0000,150.0000,85.0000,85.0000,66.20,0.00,0.00,0.00,0.00,84.71
4.3920,150.0000,150.0000,85.0000,85.0000,66.20,0.00,0.00,0.00,0.00,84.71
4.3940,150.0000,150.0000,85.0000,85.0000,66.20,0.00,0.00,0.00,0.00,84.71
4.3960,150.0000,150.0000,85.0000,85.0000,66.20,0.00,0.00,0.00,0.00,84.71
4.3980,150.0000,150.0000,85.0000,85.0000,66.20,0.00,0.00,0.00,0.00,84.71
4.4000,150.0000,150.0000,85.0000,85.0000,66.20,0.00,0.00,0.00,0.00,84.71
4.4020,150.0000,150.0000,85.0000,85.0000,66.20,0.00,0.00,0.00,0.00,84.71
4.4040,150.0000,150.0000,85.0000,85.0000,66.20,0.00,0.00,0.00,0.00,84.71
4.4060,150.0000,150.0000,85.0000,85.0000,66.20,0.00,0.00,0.00,0.00,84.71
4.4080,150.0000,150.0000,85.0000,85.0000,66.20,0.00,0.00,0.00,0.00,84.71
4.4100,150.0000,150.0000,85.0000,85.0000,66.20,0.00,0.00,0.00,0.00,84.71
4.4120,150.0000,150.0000,85.0000,85.0000,66.20,0.00,0.00,0.00,0.00,84.71
4.4140,150.0000,150.0000,85.0000,85.0000,66.20,0.00,0.00,0.00,0.00,84.71
4.4160,150.0000,150.0000,85.0000,85.0000,66.20,0.00,0.00,0.00,0.00,84.71
4.4180,150.0000,150.0000,85.0000,85.0000,66.20,0.00,0.00,0.00,0.00,84.71
4.4200,150.0000,150.0000,85.0000,85.0000,0.00,0.00,71.70,0.00,0.00,84.71
4.4220,150.0000,150.0000,85.0000,85.0000,0.00,0.00,71.70,0.00,0.00,84.71
4.4240,150.0000,150.0000,85.0000,85.0000,0.00,0.00,71.70,0.00,0.00,84.71
4.4260,150.0000,150.0000,85.0000,85.0000,0.00,0.00,71.70,0.00,0.00,84.71
4.4280,150.0000,150.0000,85.0000,85.0000,0.00,0.00,71.70,0.00,0.00,84.71
4.4300,150.0000,150.0000,85.0000,85.0000,0.00,0.00,71.70,0.00,0.00,84.71
4.4320,150.0000,150.0000,85.0000,85.0000,0.00,0.00,71.70,0.00,0.00,84.71
4.4340,150.0000,150.0000,85.0000,85.0000,0.00,0.00,71.70,0.00,0.00,84.71
4.4360,150.0000,150.0000,85.0000,85.0000,0.00,0.00,71.70,0.00,0.00,84.71
4.4380,150.0000,150.0000,85.0000,85.0000,0.00,0.00,71.70,0.00,0.00,84.71
4.4400,150.0000,150.0000,85.0000,85.0000,0.00,0.00,71.70,0.00,0.00,84.71
4.4420,150.0000,150.0000,85.0000,85.0000,66.20,0.00,0.00,0.00,0.00,84.71
4.4440,150.0000,150.0000,85.0000,85.0000,66.20,0.00,0.00,0.00,0.00,84.71
4.4460,150.0000,150.0000,85.0000,85.0000,66.20,0.00,0.00,0.00,0.00,84.71
4.4480,150.0000,150.0000,85.0000,85.0000,66.20,0.00,0.00,0.00,0.00,84.71
4.4500,150.0000,150.0000,85.0000,85.0000,66.20,0.00,0.00,0.00,0.00,84.71
4.4520,150.0000,150.0000,85.0000,85.0000,66.20,0.00,0.00,0.00,0.00,84.71
4.4540,150.0000,150.0000,85.0000,85.0000,66.20,0.00,0.00,0.00,0.00,84.71
4.4560,150.0000,150.0000,85.0000,85.0000,66.20,0.00,0.00,0.00,0.00,84.71
4.4580,150.0000,150.0000,85.0000,85.0000,66.20,0.00,0.00,0.00,0.00,84.71
4.4600,150.0000,150.0000,85.0000,85.0000,66.20,0.00,0.00,0.00,0.00,84.71
4.4620,150.0000,150.0000,85.0000,85.0000,66.20,0.00,0.00,0.00,0.00,84.71
4.4640,150.0000,150.0000,85.0000,85.0000,66.20,0.00,0.00,0.00,0.00,84.71
4.4660,150.0000,150.0000,85.0000,85.0000,66.20,0.00,0.00,0.00,0.00,84.71
4.4680,150.0000,150.0000,85.0000,85.0000,66.20,0.00,0.00,0.00,0.00,84.71
4.4700,150.0000,150.0000,85.0000,85.0000,66.20,0.00,0.00,0.00,0.00,84.71
4.4720,150.0000,150.0000,85.0000,85.0000,66.20,0.00,0.00,0.00,0.00,84.71
4.4740,150.0000,150.0000,85.0000,85.0000,66.20,0.00,0.00,0.00,0.00,84.71
4.4760,150.0000,150.0000,85.0000,85.0000,66.20,0.00,0.00,0.00,0.00,84.71
4.4780,150.0000,150.0000,85.0000,85.0000,66.20,0.00,0.00,0.00,0.00,84.71
4.4800,150.0000,150.0000,85.0000,85.0000,66.20,0.00,0.00,0.00,0.00,84.71
4.4820,150.0000,150.0000,85.0000,85.0000,66.20,0.00,0.00,0.00,0.00,84.71
4.4840,150.0000,150.0000,85.0000,85.0000,66.20,0.00,0.00,0.00,0.00,84.71
4.4860,150.0000,150.0000,85.0000,85.0000,66.20,0.00,0.00,0.00,0.00,84.71
4.4880,150.0000,150.0000,85.0000,85.0000,66.20,0.00,0.00,0.00,0.00,84.71
4.4900,150.0000,150.0000,85.0000,85.0000,66.20,0.00,0.00,0.00,0.00,84.71
4.4920,150.0000,150.0000,85.0000,85.0000,66.20,0.00,0.00,0.00,0.00,84.71
4.4940,150.0000,150.0000,85.0000,85.0000,66.20,0.00,0.00,0.00,0.00,84.71
4.4960,150.0000,150.0000,85.0000,85.0000,66.20,0.00,0.00,0.00,0.00,84.71
4.4980,150.0000,150.0000,85.0000,85.0000,66.20,0.00,0.00,0.00,0.00,84.71
4.5000,150.0000,150.0000,85.0000,85.0000,66.20,0.00,0.00,0.00,0.00,84.71
4.5020,150.0000,150.0000,85.0000,85.0000,66.20,0.00,0.00,0.00,0.00,84.71
4.5040,150.0000,150.0000,85.0000,85.0000,66.20,0.00,0.00,0.00,0.00,84.71
4.5060,150.0000,150.0000,85.0000,85.0000,66.20,0.00,0.00,0.00,0.00,84.71
4.5080,150.0000,150.0000,85.0000,85.0000,66.20,0.00,0.00,0.00,0.00,84.71
4.5100,150.0000,150.0000,85.0000,85.0000,66.20,0.00,0.00,0.00,0.00,84.71
4.5120,150.0000,150.0000,85.0000,85.0000,66.20,0.00,0.00,0.00,0.00,84.71
4.5140,150.0000,150.0000,85.0000,85.0000,66.20,0.00,0.00,0.00,0.00,84.71
4.5160,150.0000,150.0000,85.0000,85.0000,66.20,0.00,0.00,0.00,0.00,84.71
4.5180,150.0000,150.0000,85.0000,85.0000,66.20,0.00,0.00,85.16,0.00,0.00
4.5200,150.0000,150.0000,85.0000,85.0000,66.20,0.00,0.00,85.16,0.00,0.00
4.5220,150.0000,150.0000,85.0000,85.0000,66.20,0.00,0.00,85.16,0.00,0.00
4.5240,150.0000,150.0000,85.0000,85.0000,66.20,0.00,0.00,85.16,0.00,0.00
4.5260,150.0000,150.0000,85.0000,85.0000,66.20,0.00,0.00,85.16,0.00,0.00
4.5280,150.0000,150.0000,85.0000,85.0000,66.20,0.00,0.00,85.16,0.00,0.00
4.5300,150.0000,150.0000,85.0000,85.0000,66.20,0.00,0.00,85.16,0.00,0.00
4.5320,150.0000,150.0000,85.0000,85.0000,66.20,0.00,0.00,85.16,0.00,0.00
4.5340,150.0000,150.0000,85.0000,85.0000,66.20,0.00,0.00,85.16,0.00,0.00
4.5360,150.0000,150.0000,85.0000,85.0000,66.20,0.00,0.00,85.16,0.00,0.00
4.5380,150.0000,150.0000,85.0000,85.0000,66.20,0.00,0.00,85.16,0.00,0.00
4.5400,150.0000,150.0000,85.0000,85.0000,66.20,0.00,0.00,85.16,0.00,0.00
4.5420,150.0000,150.0000,85.0000,85.0000,66.20,0.00,0.00,85.16,0.00,0.00
4.5440,150.0000,150.0000,85.0000,85.0000,66.20,0.00,0.00,85.16,0.00,0.00
4.5460,150.0000,150.0000,85.0000,85.0000,66.20,0.00,0.00,85.16,0.00,0.00
4.5480,150.0000,150.0000,85.0000,85.0000,66.20,0.00,0.00,85.16,0.00,0.00
4.5500,150.0000,150.0000,85.0000,85.0000,66.20,0.00,0.00,85.16,0.00,0.00
4.5520,150.0000,150.0000,85.0000,85.0000,66.20,0.00,0.00,85.16,0.00,0.00
4.5540,150.0000,150.0000,85.0000,85.0000,66.20,0.00,0.00,85.16,0.00,0.00
4.5560,150.0000,150.0000,85.0000,85.0000,66.20,0.00,0.00,85.16,0.00,0.00
4.5580,150.0000,150.0000,85.0000,85.0000,66.20,0.00,0.00,85.16,0.00,0.00
4.5600,150.0000,150.0000,85.0000,85.0000,66.20,0.00,0.00,85.16,0.00,0.00
4.5620,150.0000,150.0000,85.0000,85.0000,66.20,0.00,0.00,0.00,0.00,84.71
4.5640,150.0000,150.0000,85.0000,85.0000,66.20,0.00,0.00,0.00,0.00,84.71
4.5660,150.0000,150.0000,85.0000,85.0000,66.20,0.00,0.00,0.00,0.00,84.71
4.5680,150.0000,150.0000,85.0000,85.0000,66.20,0.00,0.00,0.00,0.00,84.71
4.5700,150.0000,150.0000,85.0000,85.0000,66.20,0.00,0.00,0.00,0.00,84.71
4.5720,150.0000,150.0000,85.0000,85.0000,66.20,0.00,0.00,0.00,0.00,84.71
4.5740,150.0000,150.0000,85.0000,85.0000,66.20,0.00,0.00,0.00,0.00,84.71
4.5760,150.0000,150.0000,85.0000,85.0000,66.20,0.00,0.00,0.00,0.00,84.71
4.5780,150.0000,150.0000,85.0000,85.0000,66.20,0.00,0.00,0.00,0.00,84.71
4.5800,150.0000,150.0000,85.0000,85.0000,66.20,0.00,0.00,0.00,0.00,84.71
4.5820,150.0000,150.0000,85.0000,85.0000,66.20,0.00,0.00,0.00,0.00,84.71
4.5840,150.0000,150.0000,85.0000,85.0000,66.20,0.00,0.00,0.00,0.00,84.71
4.5860,150.0000,150.0000,85.0000,85.0000,66.20,0.00,0.00,0.00,0.00,84.71
4.5880,150.0000,150.0000,85.0000,85.0000,66.20,0.00,0.00,0.00,0.00,84.71
4.5900,150.0000,150.0000,85.0000,85.0000,66.20,0.00,0.00,0.00,0.00,84.71
4.5920,150.0000,150.0000,85.0000,85.0000,66.20,0.00,0.00,0.00,0.00,84.71
4.5940,150.0000,150.0000,85.0000,85.0000,66.20,0.00,0.00,0.00,0.00,84.71
4.5960,150.0000,150.0000,85.0000,85.0000,66.20,0.00,0.00,0.00,0.00,84.71
4.5980,150.0000,150.0000,85.0000,85.0000,66.20,0.00,0.00,0.00,0.00,84.71
4.6000,150.0000,150.0000,85.0000,85.0000,66.20,0.00,0.00,0.00,0.00,84.71
4.6020,150.0000,150.0000,85.0000,85.0000,66.20,0.00,0.00,0.00,0.00,84.71
4.6040,150.0000,150.0000,85.0000,85.0000,66.20,0.00,0.00,0.00,0.00,84.71
4.6060,150.0000,150.0000,85.0000,85.0000,66.20,0.00,0.00,0.00,0.00,84.71
4.6080,150.0000,150.0000,85.0000,85.0000,66.20,0.00,0.00,0.00,0.00,84.71
4.6100,150.0000,150.0000,85.0000,85.0000,66.20,0.00,0.00,0.00,0.00,84.71
4.6120,150.0000,150.0000,85.0000,85.0000,66.20,0.00,0.00,0.00,0.00,84.71
4.6140,150.0000,150.0000,85.0000,85.0000,66.20,0.00,0.00,0.00,0.00,84.71
4.6160,150.0000,150.0000,85.0000,85.0000,66.20,0.00,0.00,0.00,0.00,84.71
4.6180,150.0000,150.0000,85.0000,85.0000,66.20,0.00,0.00,0.00,0.00,84.71
4.6200,150.0000,150.0000,85.0000,85.0000,66.20,0.00,0.00,0.00,0.00,84.71
4.6220,150.0000,150.0000,85.0000,85.0000,66.20,0.00,0.00,0.00,0.00,84.71
4.6240,150.0000,150.0000,85.0000,85.0000,66.20,0.00,0.00,0.00,0.00,84.71
4.6260,150.0000,150.0000,85.0000,85.0000,66.20,0.00,0.00,0.00,0.00,84.71
4.6280,150.0000,150.0000,85.0000,85.0000,66.20,0.00,0.00,0.00,0.00,84.71
4.6300,150.0000,150.0000,85.0000,85.0000,66.20,0.00,0.00,0.00,0.00,84.71
4.6320,150.0000,150.0000,85.0000,85.0000,66.20,0.00,0.00,0.00,0.00,84.71
4.6340,150.0000,150.0000,85.0000,85.0000,66.20,0.00,0.00,0.00,0.00,84.71
4.6360,150.0000,150.0000,85.0000,85.0000,66.20,0.00,0.00,0.00,0.00,84.71
4.6380,150.0000,150.0000,85.0000,85.0000,66.20,0.00,0.00,0.00,0.00,84.71
4.6400,150.0000,150.0000,85.0000,85.0000,66.20,0.00,0.00,0.00,0.00,84.71
4.6420,150.0000,150.0000,85.0000,85.0000,66.20,0.00,0.00,0.00,0.00,84.71
4.6440,150.0000,150.0000,85.0000,85.0000,66.20,0.00,0.00,0.00,0.00,84.71
4.6460,150.0000,150.0000,85.0000,85.0000,66.20,0.00,0.00,0.00,0.00,84.71
4.6480,150.0000,150.0000,85.0000,85.0000,66.20,0.00,0.00,0.00,0.00,84.71
4.6500,150.0000,150.0000,85.0000,85.0000,66.20,0.00,0.00,0.00,0.00,84.71
4.6520,150.0000,150.0000,85.0000,85.0000,0.00,0.00,71.70,0.00,0.00,84.71
4.6540,150.0000,150.0000,85.0000,85.0000,0.00,0.00,71.70,0.00,0.00,84.71
4.6560,150.0000,150.0000,85.0000,85.0000,0.00,0.00,71.70,0.00,0.00,84.71
4.6580,150.0000,150.0000,85.0000,85.0000,0.00,0.00,71.70,0.00,0.00,84.71
4.6600,150.0000,150.0000,85.0000,85.0000,0.00,0.00,71.70,0.00,0.00,84.71
4.6620,150.0000,150.0000,85.0000,85.0000,0.00,0.00,71.70,0.00,0.00,84.71
4.6640,150.0000,150.0000,85.0000,85.0000,0.00,0.00,71.70,0.00,0.00,84.71
4.6660,150.0000,150.0000,85.0000,85.0000,0.00,0.00,71.70,0.00,0.00,84.71
4.6680,150.0000,150.0000,85.0000,85.0000,0.00,0.00,71.70,0.00,0.00,84.71
4.6700,150.0000,150.0000,85.0000,85.0000,0.00,0.00,71.70,0.00,0.00,84.71
4.6720,150.0000,150.0000,85.0000,85.0000,0.00,0.00,71.70,0.00,0.00,84.71
4.6740,150.0000,150.0000,85.0000,85.0000,66.20,0.00,0.00,0.00,0.00,84.71
4.6760,150.0000,150.0000,85.0000,85.0000,66.20,0.00,0.00,0.00,0.00,84.71
4.6780,150.0000,150.0000,85.0000,85.0000,66.20,0.00,0.00,0.00,0.00,84.71
4.6800,150.0000,150.0000,85.0000,85.0000,66.20,0.00,0.00,0.00,0.00,84.71
4.6820,150.0000,150.0000,85.0000,85.0000,66.20,0.00,0.00,0.00,0.00,84.71
4.6840,150.0000,150.0000,85.0000,85.0000,66.20,0.00,0.00,0.00,0.00,84.71
4.6860,150.0000,150.0000,85.0000,85.0000,66.20,0.00,0.00,0.00,0.00,84.71
4.6880,150.0000,150.0000,85.0000,85.0000,66.20,0.00,0.00,0.00,0.00,84.71
4.6900,150.0000,150.0000,85.0000,85.0000,66.20,0.00,0.00,0.00,0.00,84.71
4.6920,150.0000,150.0000,85.0000,85.0000,66.20,0.00,0.00,0.00,0.00,84.71
4.6940,150.0000,150.0000,85.0000,85.0000,66.20,0.00,0.00,0.00,0.00,84.71
4.6960,150.0000,150.0000,85.0000,85.0000,66.20,0.00,0.00,0.00,0.00,84.71
4.6980,150.0000,150.0000,85.0000,85.0000,66.20,0.00,0.00,0.00,0.00,84.71
4.7000,150.0000,150.0000,85.0000,85.0000,66.20,0.00,0.00,0.00,0.00,84.71
4.7020,150.0000,150.0000,85.0000,85.0000,66.20,0.00,0.00,0.00,0.00,84.71
4.7040,150.0000,150.0000,85.0000,85.0000,66.20,0.00,0.00,0.00,0.00,84.71
4.7060,150.0000,150.0000,85.0000,85.0000,66.20,0.00,0.00,0.00,0.00,84.71
4.7080,150.0000,150.0000,85.0000,85.0000,66.20,0.00,0.00,0.00,0.00,84.71
4.7100,150.0000,150.0000,85.0000,85.0000,66.20,0.00,0.00,0.00,0.00,84.71
4.7120,150.0000,150.0000,85.0000,85.0000,66.20,0.00,0.00,0.00,0.00,84.71
4.7140,150.0000,150.0000,85.0000,85.0000,66.20,0.00,0.00,0.00,0.00,84.71
4.7160,150.0000,150.0000,85.0000,85.0000,66.20,0.00,0.00,0.00,0.00,84.71
4.7180,150.0000,150.0000,85.0000,85.0000,66.20,0.00,0.00,0.00,0.00,84.71
4.7200,150.0000,150.0000,85.0000,85.0000,66.20,0.00,0.00,0.00,0.00,84.71
4.7220,150.0000,150.0000,85.0000,85.0000,66.20,0.00,0.00,0.00,0.00,84.71
4.7240,150.0000,150.0000,85.0000,85.0000,66.20,0.00,0.00,0.00,0.00,84.71
4.7260,150.0000,150.0000,85.0000,85.0000,66.20,0.00,0.00,0.00,0.00,84.71
4.7280,150.0000,150.0000,85.0000,85.0000,66.20,0.00,0.00,0.00,0.00,84.71
4.7300,150.0000,150.0000,85.0000,85.0000,66.20,0.00,0.00,85.16,0.00,0.00
4.7320,150.0000,150.0000,85.0000,85.0000,66.20,0.00,0.00,85.16,0.00,0.00
4.7340,150.0000,150.0000,85.0000,85.0000,66.20,0.00,0.00,85.16,0.00,0.00
4.7360,150.0000,150.0000,85.0000,85.0000,66.20,0.00,0.00,85.16,0.00,0.00
4.7380,150.0000,150.0000,85.0000,85.0000,66.20,0.00,0.00,85.16,0.00,0.00
4.7400,150.0000,150.0000,85.0000,85.0000,66.20,0.00,0.00,85.16,0.00,0.00
4.7420,150.0000,150.0000,85.0000,85.0000,66.20,0.00,0.00,85.16,0.00,0.00
4.7440,150.0000,150.0000,85.0000,85.0000,66.20,0.00,0.00,85.16,0.00,0.00
4.7460,150.0000,150.0000,85.0000,85.0000,66.20,0.00,0.00,85.16,0.00,0.00
4.7480,150.0000,150.0000,85.0000,85.0000,66.20,0.00,0.00,85.16,0.00,0.00
4.7500,150.0000,150.0000,85.0000,85.0000,66.20,0.00,0.00,85.16,0.00,0.00
4.7520,150.0000,150.0000,85.0000,85.0000,66.20,0.00,0.00,85.16,0.00,0.00
4.7540,150.0000,150.0000,85.0000,85.0000,66.20,0.00,0.00,85.16,0.00,0.00
4.7560,150.0000,150.0000,85.0000,85.0000,66.20,0.00,0.00,85.16,0.00,0.00
4.7580,150.0000,150.0000,85.0000,85.0000,66.20,0.00,0.00,85.16,0.00,0.00
4.7600,150.0000,150.0000,85.0000,85.0000,66.20,0.00,0.00,85.16,0.00,0.00
4.7620,150.0000,150.0000,85.0000,85.0000,66.20,0.00,0.00,85.16,0.00,0.00
4.7640,150.0000,150.0000,85.0000,85.0000,66.20,0.00,0.00,85.16,0.00,0.00
4.7660,150.0000,150.0000,85.0000,85.0000,66.20,0.00,0.00,85.16,0.00,0.00
4.7680,150.0000,150.0000,85.0000,85.0000,66.20,0.00,0.00,85.16,0.00,0.00
4.7700,150.0000,150.0000,85.0000,85.0000,66.20,0.00,0.00,85.16,0.00,0.00
4.7720,150.0000,150.0000,85.0000,85.0000,66.20,0.00,0.00,85.16,0.00,0.00
4.7740,150.0000,150.0000,85.0000,85.0000,66.20,0.00,0.00,0.00,0.00,84.71
4.7760,150.0000,150.0000,85.0000,85.0000,66.20,0.00,0.00,0.00,0.00,84.71
4.7780,150.0000,150.0000,85.0000,85.0000,66.20,0.00,0.00,0.00,0.00,84.71
4.7800,150.0000,150.0000,85.0000,85.0000,66.20,0.00,0.00,0.00,0.00,84.71
4.7820,150.0000,150.0000,85.0000,85.0000,66.20,0.00,0.00,0.00,0.00,84.71
4.7840,150.0000,150.0000,85.0000,85.0000,66.20,0.00,0.00,0.00,0.00,84.71
4.7860,150.0000,150.0000,85.0000,85.0000,66.20,0.00,0.00,0.00,0.00,84.71
4.7880,150.0000,150.0000,85.0000,85.0000,66.20,0.00,0.00,0.00,0.00,84.71
4.7900,150.0000,150.0000,85.0000,85.0000,66.20,0.00,0.00,0.00,0.00,84.71
4.7920,150.0000,150.0000,85.0000,85.0000,66.20,0.00,0.00,0.00,0.00,84.71
4.7940,150.0000,150.0000,85.0000,85.0000,66.20,0.00,0.00,0.00,0.00,84.71
4.7960,150.0000,150.0000,85.0000,85.0000,66.20,0.00,0.00,0.00,0.00,84.71
4.7980,150.0000,150.0000,85.0000,85.0000,66.20,0.00,0.00,0.00,0.00,84.71
4.8000,150.0000,150.0000,85.0000,85.0000,66.20,0.00,0.00,0.00,0.00,84.71
4.8020,150.0000,150.0000,85.0000,85.0000,66.20,0.00,0.00,0.00,0.00,84.71
4.8040,150.0000,150.0000,85.0000,85.0000,66.20,0.00,0.00,0.00,0.00,84.71
4.8060,150.0000,150.0000,85.0000,85.0000,66.20,0.00,0.00,0.00,0.00,84.71
4.8080,150.0000,150.0000,85.0000,85.0000,66.20,0.00,0.00,0.00,0.00,84.71
4.8100,150.0000,150.0000,85.0000,85.0000,66.20,0.00,0.00,0.00,0.00,84.71
4.8120,150.0000,150.0000,85.0000,85.0000,66.20,0.00,0.00,0.00,0.00,84.71
4.8140,150.0000,150.0000,85.0000,85.0000,66.20,0.00,0.00,0.00,0.00,84.71
4.8160,150.0000,150.0000,85.0000,85.0000,66.20,0.00,0.00,0.00,0.00,84.71
4.8180,150.0000,150.0000,85.0000,85.0000,66.20,0.00,0.00,0.00,0.00,84.71
4.8200,150.0000,150.0000,85.0000,85.0000,66.20,0.00,0.00,0.00,0.00,84.71
4.8220,150.0000,150.0000,85.0000,85.0000,66.20,0.00,0.00,0.00,0.00,84.71
4.8240,150.0000,150.0000,85.0000,85.0000,66.20,0.00,0.00,0.00,0.00,84.71
4.8260,150.0000,150.0000,85.0000,85.0000,66.20,0.00,0.00,0.00,0.00,84.71
4.8280,150.0000,150.0000,85.0000,85.0000,66.20,0.00,0.00,0.00,0.00,84.71
4.8300,150.0000,150.0000,85.0000,85.0000,66.20,0.00,0.00,0.00,0.00,84.71
4.8320,150.0000,150.0000,85.0000,85.0000,66.20,0.00,0.00,0.00,0.00,84.71
4.8340,150.0000,150.0000,85.0000,85.0000,66.20,0.00,0.00,0.00,0.00,84.71
4.8360,150.0000,150.0000,85.0000,85.0000,66.20,0.00,0.00,0.00,0.00,84.71
4.8380,150.0000,150.0000,85.0000,85.0000,66.20,0.00,0.00,0.00,0.00,84.71
4.8400,150.0000,150.0000,85.0000,85.0000,66.20,0.00,0.00,0.00,0.00,84.71
4.8420,150.0000,150.0000,85.0000,85.0000,66.20,0.00,0.00,0.00,0.00,84.71
4.8440,150.0000,150.0000,85.0000,85.0000,66.20,0.00,0.00,0.00,0.00,84.71
4.8460,150.0000,150.0000,85.0000,85.0000,66.20,0.00,0.00,0.00,0.00,84.71
4.8480,150.0000,150.0000,85.0000,85.0000,66.20,0.00,0.00,0.00,0.00,84.71
4.8500,150.0000,150.0000,85.0000,85.0000,66.20,0.00,0.00,0.00,0.00,84.71
4.8520,150.0000,150.0000,85.0000,85.0000,66.20,0.00,0.00,0.00,0.00,84.71
4.8540,150.0000,150.0000,85.0000,85.0000,66.20,0.00,0.00,0.00,0.00,84.71
4.8560,150.0000,150.0000,85.0000,85.0000,66.20,0.00,0.00,0.00,0.00,84.71
4.8580,150.0000,150.0000,85.0000,85.0000,66.20,0.00,0.00,0.00,0.00,84.71
4.8600,150.0000,150.0000,85.0000,85.0000,66.20,0.00,0.00,0.00,0.00,84.71
4.8620,150.0000,150.0000,85.0000,85.0000,66.20,0.00,0.00,0.00,0.00,84.71
4.8640,150.0000,150.0000,85.0000,85.0000,66.20,0.00,0.00,0.00,0.00,84.71
4.8660,150.0000,150.0000,85.0000,85.0000,66.20,0.00,0.00,0.00,0.00,84.71
4.8680,150.0000,150.0000,85.0000,85.0000,66.20,0.00,0.00,0.00,0.00,84.71
4.8700,150.0000,150.0000,85.0000,85.0000,66.20,0.00,0.00,0.00,0.00,84.71
4.8720,150.0000,150.0000,85.0000,85.0000,66.20,0.00,0.00,0.00,0.00,84.71
4.8740,150.0000,150.0000,85.0000,85.0000,66.20,0.00,0.00,0.00,0.00,84.71
4.8760,150.0000,150.0000,85.0000,85.0000,66.20,0.00,0.00,0.00,0.00,84.71
4.8780,150.0000,150.0000,85.0000,85.0000,66.20,0.00,0.00,0.00,0.00,84.71
4.8800,150.0000,150.0000,85.0000,85.0000,66.20,0.00,0.00,0.00,0.00,84.71
4.8820,150.0000,150.0000,85.0000,85.0000,66.20,0.00,0.00,0.00,0.00,84.71
4.8840,150.0000,150.0000,85.0000,85.0000,0.00,0.00,71.70,0.00,0.00,84.71
4.8860,150.0000,150.0000,85.0000,85.0000,0.00,0.00,71.70,0.00,0.00,84.71
4.8880,150.0000,150.0000,85.0000,85.0000,0.00,0.00,71.70,0.00,0.00,84.71
4.8900,150.0000,150.0000,85.0000,85.0000,0.00,0.00,71.70,0.00,0.00,84.71
4.8920,150.0000,150.0000,85.0000,85.0000,0.00,0.00,71.70,0.00,0.00,84.71
4.8940,150.0000,150.0000,85.0000,85.0000,0.00,0.00,71.70,0.00,0.00,84.71
4.8960,150.0000,150.0000,85.0000,85.0000,0.00,0.00,71.70,0.00,0.00,84.71
4.8980,150.0000,150.0000,85.0000,85.0000,0.00,0.00,71.70,0.00,0.00,84.71
4.9000,150.0000,150.0000,85.0000,85.0000,0.00,0.00,71.70,0.00,0.00,84.71
4.9020,150.0000,150.0000,85.0000,85.0000,0.00,0.00,71.70,0.00,0.00,84.71
4.9040,150.0000,150.0000,85.0000,85.0000,0.00,0.00,71.70,0.00,0.00,84.71
4.9060,150.0000,150.0000,85.0000,85.0000,66.20,0.00,0.00,0.00,0.00,84.71
4.9080,150.0000,150.0000,85.0000,85.0000,66.20,0.00,0.00,0.00,0.00,84.71
4.9100,150.0000,150.0000,85.0000,85.0000,66.20,0.00,0.00,0.00,0.00,84.71
4.9120,150.0000,150.0000,85.0000,85.0000,66.20,0.00,0.00,0.00,0.00,84.71
4.9140,150.0000,150.0000,85.0000,85.0000,66.20,0.00,0.00,0.00,0.00,84.71
4.9160,150.0000,150.0000,85.0000,85.0000,66.20,0.00,0.00,0.00,0.00,84.71
4.9180,150.0000,150.0000,85.0000,85.0000,66.20,0.00,0.00,0.00,0.00,84.71
4.9200,150.0000,150.0000,85.0000,85.0000,66.20,0.00,0.00,0.00,0.00,84.71
4.9220,150.0000,150.0000,85.0000,85.0000,66.20,0.00,0.00,0.00,0.00,84.71
4.9240,150.0000,150.0000,85.0000,85.0000,66.20,0.00,0.00,0.00,0.00,84.71
4.9260,150.0000,150.0000,85.0000,85.0000,66.20,0.00,0.00,0.00,0.00,84.71
4.9280,150.0000,150.0000,85.0000,85.0000,66.20,0.00,0.00,0.00,0.00,84.71
4.9300,150.0000,150.0000,85.0000,85.0000,66.20,0.00,0.00,0.00,0.00,84.71
4.9320,150.0000,150.0000,85.0000,85.0000,66.20,0.00,0.00,0.00,0.00,84.71
4.9340,150.0000,150.0000,85.0000,85.0000,66.20,0.00,0.00,0.00,0.00,84.71
4.9360,150.0000,150.0000,85.0000,85.0000,66.20,0.00,0.00,0.00,0.00,84.71
4.9380,150.0000,150.0000,85.0000,85.0000,66.20,0.00,0.00,0.00,0.00,84.71
4.9400,150.0000,150.0000,85.0000,85.0000,66.20,0.00,0.00,0.00,0.00,84.71
4.9420,150.0000,150.0000,85.0000,85.0000,66.20,0.00,0.00,85.16,0.00,0.00
4.9440,150.0000,150.0000,85.0000,85.0000,66.20,0.00,0.00,85.16,0.00,0.00
4.9460,150.0000,150.0000,85.0000,85.0000,66.20,0.00,0.00,85.16,0.00,0.00
4.9480,150.0000,150.0000,85.0000,85.0000,66.20,0.00,0.00,85.16,0.00,0.00
4.9500,150.0000,150.0000,85.0000,85.0000,66.20,0.00,0.00,85.16,0.00,0.00
4.9520,150.0000,150.0000,85.0000,85.0000,66.20,0.00,0.00,85.16,0.00,0.00
4.9540,150.0000,150.0000,85.0000,85.0000,66.20,0.00,0.00,85.16,0.00,0.00
4.9560,150.0000,150.0000,85.0000,85.0000,66.20,0.00,0.00,85.16,0.00,0.00
4.9580,150.0000,150.0000,85.0000,85.0000,66.20,0.00,0.00,85.16,0.00,0.00
4.9600,150.0000,150.0000,85.0000,85.0000,66.20,0.00,0.00,85.16,0.00,0.00
4.9620,150.0000,150.0000,85.0000,85.0000,66.20,0.00,0.00,85.16,0.00,0.00
4.9640,150.0000,150.0000,85.0000,85.0000,66.20,0.00,0.00,85.16,0.00,0.00
4.9660,150.0000,150.0000,85.0000,85.0000,66.20,0.00,0.00,85.16,0.00,0.00
4.9680,150.0000,150.0000,85.0000,85.0000,66.20,0.00,0.00,85.16,0.00,0.00
4.9700,150.0000,150.0000,85.0000,85.0000,66.20,0.00,0.00,85.16,0.00,0.00
4.9720,150.0000,150.0000,85.0000,85.0000,66.20,0.00,0.00,85.16,0.00,0.00
4.9740,150.0000,150.0000,85.0000,85.0000,66.20,0.00,0.00,85.16,0.00,0.00
4.9760,150.0000,150.0000,85.0000,85.0000,66.20,0.00,0.00,85.16,0.00,0.00
4.9780,150.0000,150.0000,85.0000,85.0000,66.20,0.00,0.00,85.16,0.00,0.00
4.9800,150.0000,150.0000,85.0000,85.0000,66.20,0.00,0.00,85.16,0.00,0.00
4.9820,150.0000,150.0000,85.0000,85.0000,66.20,0.00,0.00,85.16,0.00,0.00
4.9840,150.0000,150.0000,85.0000,85.0000,66.20,0.00,0.00,85.16,0.00,0.00
4.9860,150.0000,150.0000,85.0000,85.0000,66.20,0.00,0.00,0.00,0.00,84.71
4.9880,150.0000,150.0000,85.0000,85.0000,66.20,0.00,0.00,0.00,0.00,84.71
4.9900,150.0000,150.0000,85.0000,85.0000,66.20,0.00,0.00,0.00,0.00,84.71
4.9920,150.0000,150.0000,85.0000,85.0000,66.20,0.00,0.00,0.00,0.00,84.71
4.9940,150.0000,150.0000,85.0000,85.0000,66.20,0.00,0.00,0.00,0.00,84.71
4.9960,150.0000,150.0000,85.0000,85.0000,66.20,0.00,0.00,0.00,0.00,84.71
4.9980,150.0000,150.0000,85.0000,85.0000,66.20,0.00,0.00,0.00,0.00,84.71
5.0000,150.0000,150.0000,85.0000,85.0000,66.20,0.00,0.00,0.00,0.00,84.71
5.0020,150.0000,150.0000,85.0000,85.0000,66.20,0.00,0.00,0.00,0.00,84.71
5.0040,150.0000,150.0000,85.0000,85.0000,66.20,0.00,0.00,0.00,0.00,84.71
5.0060,150.0000,150.0000,85.0000,85.0000,66.20,0.00,0.00,0.00,0.00,84.71
5.0080,150.0000,150.0000,85.0000,85.0000,66.20,0.00,0.00,0.00,0.00,84.71
5.0100,150.0000,150.0000,85.0000,85.0000,66.20,0.00,0.00,0.00,0.00,84.71
5.0120,150.0000,150.0000,85.0000,85.0000,66.20,0.00,0.00,0.00,0.00,84.71
5.0140,150.0000,150.0000,85.0000,85.0000,66.20,0.00,0.00,0.00,0.00,84.71
5.0160,150.0000,150.0000,85.0000,85.0000,66.20,0.00,0.00,0.00,0.00,84.71
5.0180,150.0000,150.0000,85.0000,85.0000,66.20,0.00,0.00,0.00,0.00,84.71
5.0200,150.0000,150.0000,85.0000,85.0000,66.20,0.00,0.00,0.00,0.00,84.71
5.0220,150.0000,150.0000,85.0000,85.0000,66.20,0.00,0.00,0.00,0.00,84.71
5.0240,150.0000,150.0000,85.0000,85.0000,66.20,0.00,0.00,0.00,0.00,84.71
5.0260,150.0000,150.0000,85.0000,85.0000,66.20,0.00,0.00,0.00,0.00,84.71
5.0280,150.0000,150.0000,85.0000,85.0000,66.20,0.00,0.00,0.00,0.00,84.71
5.0300,150.0000,150.0000,85.0000,85.0000,66.20,0.00,0.00,0.00,0.00,84.71
5.0320,150.0000,150.0000,85.0000,85.0000,66.20,0.00,0.00,0.00,0.00,84.71
5.0340,150.0000,150.0000,85.0000,85.0000,66.20,0.00,0.00,0.00,0.00,84.71
5.0360,150.0000,150.0000,85.0000,85.0000,66.20,0.00,0.00,0.00,0.00,84.71
5.0380,150.0000,150.0000,85.0000,85.0000,66.20,0.00,0.00,0.00,0.00,84.71
5.0400,150.0000,150.0000,85.0000,85.0000,66.20,0.00,0.00,0.00,0.00,84.71
5.0420,150.0000,150.0000,85.0000,85.0000,66.20,0.00,0.00,0.00,0.00,84.71
5.0440,150.0000,150.0000,85.0000,85.0000,66.20,0.00,0.00,0.00,0.00,84.71
5.0460,150.0000,150.0000,85.0000,85.0000,66.20,0.00,0.00,0.00,0.00,84.71
5.0480,150.0000,150.0000,85.0000,85.0000,66.20,0.00,0.00,0.00,0.00,84.71
5.0500,150.0000,150.0000,85.0000,85.0000,66.20,0.00,0.00,0.00,0.00,84.71
5.0520,150.0000,150.0000,85.0000,85.0000,66.20,0.00,0.00,0.00,0.00,84.71
5.0540,150.0000,150.0000,85.0000,85.0000,66.20,0.00,0.00,0.00,0.00,84.71
5.0560,150.0000,150.0000,85.0000,85.0000,66.20,0.00,0.00,0.00,0.00,84.71
5.0580,150.0000,150.0000,85.0000,85.0000,66.20,0.00,0.00,0.00,0.00,84.71
5.0600,150.0000,150.0000,85.0000,85.0000,66.20,0.00,0.00,0.00,0.00,84.71
5.0620,150.0000,150.0000,85.0000,85.0000,66.20,0.00,0.00,0.00,0.00,84.71
5.0640,150.0000,150.0000,85.0000,85.0000,66.20,0.00,0.00,0.00,0.00,84.71
5.0660,150.0000,150.0000,85.0000,85.0000,66.20,0.00,0.00,0.00,0.00,84.71
5.0680,150.0000,150.0000,85.0000,85.0000,66.20,0.00,0.00,0.00,0.00,84.71
5.0700,150.0000,150.0000,85.0000,85.0000,66.20,0.00,0.00,0.00,0.00,84.71
5.0720,150.0000,150.0000,85.0000,85.0000,66.20,0.00,0.00,0.00,0.00,84.71
5.0740,150.0000,150.0000,85.0000,85.0000,66.20,0.00,0.00,0.00,0.00,84.71
5.0760,150.0000,150.0000,85.0000,85.0000,66.20,0.00,0.00,0.00,0.00,84.71
5.0780,150.0000,150.0000,85.0000,85.0000,66.20,0.00,0.00,0.00,0.00,84.71
5.0800,150.0000,150.0000,85.0000,85.0000,66.20,0.00,0.00,0.00,0.00,84.71
5.0820,150.0000,150.0000,85.0000,85.0000,66.20,0.00,0.00,0.00,0.00,84.71
5.0840,150.0000,150.0000,85.0000,85.0000,66.20,0.00,0.00,0.00,0.00,84.71
5.0860,150.0000,150.0000,85.0000,85.0000,66.20,0.00,0.00,0.00,0.00,84.71
5.0880,150.0000,150.0000,85.0000,85.0000,66.20,0.00,0.00,0.00,0.00,84.71
5.0900,150.0000,150.0000,85.0000,85.0000,66.20,0.00,0.00,0.00,0.00,84.71
5.0920,150.0000,150.0000,85.0000,85.0000,66.20,0.00,0.00,0.00,0.00,84.71
5.0940,150.0000,150.0000,85.0000,85.0000,66.20,0.00,0.00,0.00,0.00,84.71
5.0960,150.0000,150.0000,85.0000,85.0000,66.20,0.00,0.00,0.00,0.00,84.71
5.0980,150.0000,150.0000,85.0000,85.0000,66.20,0.00,0.00,0.00,0.00,84.71
5.1000,150.0000,150.0000,85.0000,85.0000,66.20,0.00,0.00,0.00,0.00,84.71
5.1020,150.0000,150.0000,85.0000,85.0000,66.20,0.00,0.00,0.00,0.00,84.71
5.1040,150.0000,150.0000,85.0000,85.0000,66.20,0.00,0.00,0.00,0.00,84.71
5.1060,150.0000,150.0000,85.0000,85.0000,66.20,0.00,0.00,0.00,0.00,84.71
5.1080,150.0000,150.0000,85.0000,85.0000,66.20,0.00,0.00,0.00,0.00,84.71
5.1100,150.0000,150.0000,85.0000,85.0000,66.20,0.00,0.00,0.00,0.00,84.71
5.1120,150.0000,150.0000,85.0000,85.0000,66.20,0.00,0.00,0.00,0.00,84.71
5.1140,150.0000,150.0000,85.0000,85.0000,66.20,0.00,0.00,0.00,0.00,84.71
5.1160,150.0000,150.0000,85.0000,85.0000,0.00,0.00,71.70,0.00,0.00,84.71
5.1180,150.0000,150.0000,85.0000,85.0000,0.00,0.00,71.70,0.00,0.00,84.71
5.1200,150.0000,150.0000,85.0000,85.0000,0.00,0.00,71.70,0.00,0.00,84.71
5.1220,150.0000,150.0000,85.0000,85.0000,0.00,0.00,71.70,0.00,0.00,84.71
5.1240,150.0000,150.0000,85.0000,85.0000,0.00,0.00,71.70,0.00,0.00,84.71
5.1260,150.0000,150.0000,85.0000,85.0000,0.00,0.00,71.70,0.00,0.00,84.71
5.1280,150.0000,150.0000,85.0000,85.0000,0.00,0.00,71.70,0.00,0.00,84.71
5.1300,150.0000,150.0000,85.0000,85.0000,0.00,0.00,71.70,0.00,0.00,84.71
5.1320,150.0000,150.0000,85.0000,85.0000,0.00,0.00,71.70,0.00,0.00,84.71
5.1340,150.0000,150.0000,85.0000,85.0000,0.00,0.00,71.70,0.00,0.00,84.71
5.1360,150.0000,150.0000,85.0000,85.0000,0.00,0.00,71.70,0.00,0.00,84.71
5.1380,150.0000,150.0000,85.0000,85.0000,66.20,0.00,0.00,0.00,0.00,84.71
5.1400,150.0000,150.0000,85.0000,85.0000,66.20,0.00,0.00,0.00,0.00,84.71
5.1420,150.0000,150.0000,85.0000,85.0000,66.20,0.00,0.00,0.00,0.00,84.71
5.1440,150.0000,150.0000,85.0000,85.0000,66.20,0.00,0.00,0.00,0.00,84.71
5.1460,150.0000,150.0000,85.0000,85.0000,66.20,0.00,0.00,0.00,0.00,84.71
5.1480,150.0000,150.0000,85.0000,85.0000,66.20,0.00,0.00,0.00,0.00,84.71
5.1500,150.0000,150.0000,85.0000,85.0000,66.20,0.00,0.00,0.00,0.00,84.71
5.1520,150.0000,150.0000,85.0000,85.0000,66.20,0.00,0.00,0.00,0.00,84.71
5.1540,150.0000,150.0000,85.0000,85.0000,66.20,0.00,0.00,85.16,0.00,0.00
5.1560,150.0000,150.0000,85.0000,85.0000,66.20,0.00,0.00,85.16,0.00,0.00
5.1580,150.0000,150.0000,85.0000,85.0000,66.20,0.00,0.00,85.16,0.00,0.00
5.1600,150.0000,150.0000,85.0000,85.0000,66.20,0.00,0.00,85.16,0.00,0.00
5.1620,150.0000,150.0000,85.0000,85.0000,66.20,0.00,0.00,85.16,0.00,0.00
5.1640,150.0000,150.0000,85.0000,85.0000,66.20,0.00,0.00,85.16,0.00,0.00
5.1660,150.0000,150.0000,85.0000,85.0000,66.20,0.00,0.00,85.16,0.00,0.00
5.1680,150.0000,150.0000,85.0000,85.0000,66.20,0.00,0.00,85.16,0.00,0.00
5.1700,150.0000,150.0000,85.0000,85.0000,66.20,0.00,0.00,85.16,0.00,0.00
5.1720,150.0000,150.0000,85.0000,85.0000,66.20,0.00,0.00,85.16,0.00,0.00
5.1740,150.0000,150.0000,85.0000,85.0000,66.20,0.00,0.00,85.16,0.00,0.00
5.1760,150.0000,150.0000,85.0000,85.0000,66.20,0.00,0.00,85.16,0.00,0.00
5.1780,150.0000,150.0000,85.0000,85.0000,66.20,0.00,0.00,85.16,0.00,0.00
5.1800,150.0000,150.0000,85.0000,85.0000,66.20,0.00,0.00,85.16,0.00,0.00
5.1820,150.0000,150.0000,85.0000,85.0000,66.20,0.00,0.00,85.16,0.00,0.00
5.1840,150.0000,150.0000,85.0000,85.0000,66.20,0.00,0.00,85.16,0.00,0.00
5.1860,150.0000,150.0000,85.0000,85.0000,66.20,0.00,0.00,85.16,0.00,0.00
5.1880,150.0000,150.0000,85.0000,85.0000,66.20,0.00,0.00,85.16,0.00,0.00
5.1900,150.0000,150.0000,85.0000,85.0000,66.20,0.00,0.00,85.16,0.00,0.00
5.1920,150.0000,150.0000,85.0000,85.0000,66.20,0.00,0.00,85.16,0.00,0.00
5.1940,150.0000,150.0000,85.0000,85.0000,66.20,0.00,0.00,85.16,0.00,0.00
5.1960,150.0000,150.0000,85.0000,85.0000,66.20,0.00,0.00,85.16,0.00,0.00
5.1980,150.0000,150.0000,85.0000,85.0000,66.20,0.00,0.00,0.00,0.00,84.71
5.2000,150.0000,150.0000,85.0000,85.0000,66.20,0.00,0.00,0.00,0.00,84.71
5.2020,150.0000,150.0000,85.0000,85.0000,66.20,0.00,0.00,0.00,0.00,84.71
5.2040,150.0000,150.0000,85.0000,85.0000,66.20,0.00,0.00,0.00,0.00,84.71
5.2060,150.0000,150.0000,85.0000,85.0000,66.20,0.00,0.00,0.00,0.00,84.71
5.2080,150.0000,150.0000,85.0000,85.0000,66.20,0.00,0.00,0.00,0.00,84.71
5.2100,150.0000,150.0000,85.0000,85.0000,66.20,0.00,0.00,0.00,0.00,84.71
5.2120,150.0000,150.0000,85.0000,85.0000,66.20,0.00,0.00,0.00,0.00,84.71
5.2140,150.0000,150.0000,85.0000,85.0000,66.20,0.00,0.00,0.00,0.00,84.71
5.2160,150.0000,150.0000,85.0000,85.0000,66.20,0.00,0.00,0.00,0.00,84.71
5.2180,150.0000,150.0000,85.0000,85.0000,66.20,0.00,0.00,0.00,0.00,84.71
5.2200,150.0000,150.0000,85.0000,85.0000,66.20,0.00,0.00,0.00,0.00,84.71
5.2220,150.0000,150.0000,85.0000,85.0000,66.20,0.00,0.00,0.00,0.00,84.71
5.2240,150.0000,150.0000,85.0000,85.0000,66.20,0.00,0.00,0.00,0.00,84.71
5.2260,150.0000,150.0000,85.0000,85.0000,66.20,0.00,0.00,0.00,0.00,84.71
5.2280,150.0000,150.0000,85.0000,85.0000,66.20,0.00,0.00,0.00,0.00,84.71
5.2300,150.0000,150.0000,85.0000,85.0000,66.20,0.00,0.00,0.00,0.00,84.71
5.2320,150.0000,150.0000,85.0000,85.0000,66.20,0.00,0.00,0.00,0.00,84.71
5.2340,150.0000,150.0000,85.0000,85.0000,66.20,0.00,0.00,0.00,0.00,84.71
5.2360,150.0000,150.0000,85.0000,85.0000,66.20,0.00,0.00,0.00,0.00,84.71
5.2380,150.0000,150.0000,85.0000,85.0000,66.20,0.00,0.00,0.00,0.00,84.71
5.2400,150.0000,150.0000,85.0000,85.0000,66.20,0.00,0.00,0.00,0.00,84.71
5.2420,150.0000,150.0000,85.0000,85.0000,66.20,0.00,0.00,0.00,0.00,84.71
5.2440,150.0000,150.0000,85.0000,85.0000,66.20,0.00,0.00,0.00,0.00,84.71
5.2460,150.0000,150.0000,85.0000,85.0000,66.20,0.00,0.00,0.00,0.00,84.71
5.2480,150.0000,150.0000,85.0000,85.0000,66.20,0.00,0.00,0.00,0.00,84.71
5.2500,150.0000,150.0000,85.0000,85.0000,66.20,0.00,0.00,0.00,0.00,84.71
5.2520,150.0000,150.0000,85.0000,85.0000,66.20,0.00,0.00,0.00,0.00,84.71
5.2540,150.0000,150.0000,85.0000,85.0000,66.20,0.00,0.00,0.00,0.00,84.71
5.2560,150.0000,150.0000,85.0000,85.0000,66.20,0.00,0.00,0.00,0.00,84.71
5.2580,150.0000,150.0000,85.0000,85.0000,66.20,0.00,0.00,0.00,0.00,84.71
5.2600,150.0000,150.0000,85.0000,85.0000,66.20,0.00,0.00,0.00,0.00,84.71
5.2620,150.0000,150.0000,85.0000,85.0000,66.20,0.00,0.00,0.00,0.00,84.71
5.2640,150.0000,150.0000,85.0000,85.0000,66.20,0.00,0.00,0.00,0.00,84.71
5.2660,150.0000,150.0000,85.0000,85.0000,66.20,0.00,0.00,0.00,0.00,84.71
5.2680,150.0000,150.0000,85.0000,85.0000,66.20,0.00,0.00,0.00,0.00,84.71
5.2700,150.0000,150.0000,85.0000,85.0000,66.20,0.00,0.00,0.00,0.00,84.71
5.2720,150.0000,150.0000,85.0000,85.0000,66.20,0.00,0.00,0.00,0.00,84.71
5.2740,150.0000,150.0000,85.0000,85.0000,66.20,0.00,0.00,0.00,0.00,84.71
5.2760,150.0000,150.0000,85.0000,85.0000,66.20,0.00,0.00,0.00,0.00,84.71
5.2780,150.0000,150.0000,85.0000,85.0000,66.20,0.00,0.00,0.00,0.00,84.71
5.2800,150.0000,150.0000,85.0000,85.0000,66.20,0.00,0.00,0.00,0.00,84.71
5.2820,150.0000,150.0000,85.0000,85.0000,66.20,0.00,0.00,0.00,0.00,84.71
5.2840,150.0000,150.0000,85.0000,85.0000,66.20,0.00,0.00,0.00,0.00,84.71
5.2860,150.0000,150.0000,85.0000,85.0000,66.20,0.00,0.00,0.00,0.00,84.71
5.2880,150.0000,150.0000,85.0000,85.0000,66.20,0.00,0.00,0.00,0.00,84.71
5.2900,150.0000,150.0000,85.0000,85.0000,66.20,0.00,0.00,0.00,0.00,84.71
5.2920,150.0000,150.0000,85.0000,85.0000,66.20,0.00,0.00,0.00,0.00,84.71
5.2940,150.0000,150.0000,85.0000,85.0000,66.20,0.00,0.00,0.00,0.00,84.71
5.2960,150.0000,150.0000,85.0000,85.0000,66.20,0.00,0.00,0.00,0.00,84.71
5.2980,150.0000,150.0000,85.0000,85.0000,66.20,0.00,0.00,0.00,0.00,84.71
5.3000,150.0000,150.0000,85.0000,85.0000,66.20,0.00,0.00,0.00,0.00,84.71
5.3020,150.0000,150.0000,85.0000,85.0000,66.20,0.00,0.00,0.00,0.00,84.71
5.3040,150.0000,150.0000,85.0000,85.0000,66.20,0.00,0.00,0.00,0.00,84.71
5.3060,150.0000,150.0000,85.0000,85.0000,66.20,0.00,0.00,0.00,0.00,84.71
5.3080,150.0000,150.0000,85.0000,85.0000,66.20,0.00,0.00,0.00,0.00,84.71
5.3100,150.0000,150.0000,85.0000,85.0000,66.20,0.00,0.00,0.00,0.00,84.71
5.3120,150.0000,150.0000,85.0000,85.0000,66.20,0.00,0.00,0.00,0.00,84.71
5.3140,150.0000,150.0000,85.0000,85.0000,66.20,0.00,0.00,0.00,0.00,84.71
5.3160,150.0000,150.0000,85.0000,85.0000,66.20,0.00,0.00,0.00,0.00,84.71
5.3180,150.0000,150.0000,85.0000,85.0000,66.20,0.00,0.00,0.00,0.00,84.71
5.3200,150.0000,150.0000,85.0000,85.0000,66.20,0.00,0.00,0.00,0.00,84.71
5.3220,150.0000,150.0000,85.0000,85.0000,66.20,0.00,0.00,0.00,0.00,84.71
5.3240,150.0000,150.0000,85.0000,85.0000,66.20,0.00,0.00,0.00,0.00,84.71
5.3260,150.0000,150.0000,85.0000,85.0000,66.20,0.00,0.00,0.00,0.00,84.71
5.3280,150.0000,150.0000,85.0000,85.0000,66.20,0.00,0.00,0.00,0.00,84.71
5.3300,150.0000,150.0000,85.0000,85.0000,66.20,0.00,0.00,0.00,0.00,84.71
5.3320,150.0000,150.0000,85.0000,85.0000,66.20,0.00,0.00,0.00,0.00,84.71
5.3340,150.0000,150.0000,85.0000,85.0000,66.20,0.00,0.00,0.00,0.00,84.71
5.3360,150.0000,150.0000,85.0000,85.0000,66.20,0.00,0.00,0.00,0.00,84.71
5.3380,150.0000,150.0000,85.0000,85.0000,66.20,0.00,0.00,0.00,0.00,84.71
5.3400,150.0000,150.0000,85.0000,85.0000,66.20,0.00,0.00,0.00,0.00,84.71
5.3420,150.0000,150.0000,85.0000,85.0000,66.20,0.00,0.00,0.00,0.00,84.71
5.3440,150.0000,150.0000,85.0000,85.0000,66.20,0.00,0.00,0.00,0.00,84.71
5.3460,150.0000,150.0000,85.0000,85.0000,66.20,0.00,0.00,0.00,0.00,84.71
5.3480,150.0000,150.0000,85.0000,85.0000,0.00,0.00,71.70,0.00,0.00,84.71
5.3500,150.0000,150.0000,85.0000,85.0000,0.00,0.00,71.70,0.00,0.00,84.71
5.3520,150.0000,150.0000,85.0000,85.0000,0.00,0.00,71.70,0.00,0.00,84.71
5.3540,150.0000,150.0000,85.0000,85.0000,0.00,0.00,71.70,0.00,0.00,84.71
5.3560,150.0000,150.0000,85.0000,85.0000,0.00,0.00,71.70,0.00,0.00,84.71
5.3580,150.0000,150.0000,85.0000,85.0000,0.00,0.00,71.70,0.00,0.00,84.71
5.3600,150.0000,150.0000,85.0000,85.0000,0.00,0.00,71.70,0.00,0.00,84.71
5.3620,150.0000,150.0000,85.0000,85.0000,0.00,0.00,71.70,0.00,0.00,84.71
5.3640,150.0000,150.0000,85.0000,85.0000,0.00,0.00,71.70,0.00,0.00,84.71
5.3660,150.0000,150.0000,85.0000,85.0000,0.00,0.00,71.70,85.16,0.00,0.00
5.3680,150.0000,150.0000,85.0000,85.0000,0.00,0.00,71.70,85.16,0.00,0.00
5.3700,150.0000,150.0000,85.0000,85.0000,66.20,0.00,0.00,85.16,0.00,0.00
5.3720,150.0000,150.0000,85.0000,85.0000,66.20,0.00,0.00,85.16,0.00,0.00
5.3740,150.0000,150.0000,85.0000,85.0000,66.20,0.00,0.00,85.16,0.00,0.00
5.3760,150.0000,150.0000,85.0000,85.0000,66.20,0.00,0.00,85.16,0.00,0.00
5.3780,150.0000,150.0000,85.0000,85.0000,66.20,0.00,0.00,85.16,0.00,0.00
5.3800,150.0000,150.0000,85.0000,85.0000,66.20,0.00,0.00,85.16,0.00,0.00
5.3820,150.0000,150.0000,85.0000,85.0000,66.20,0.00,0.00,85.16,0.00,0.00
5.3840,150.0000,150.0000,85.0000,85.0000,66.20,0.00,0.00,85.16,0.00,0.00
5.3860,150.0000,150.0000,85.0000,85.0000,66.20,0.00,0.00,85.16,0.00,0.00
5.3880,150.0000,150.0000,85.0000,85.0000,66.20,0.00,0.00,85.16,0.00,0.00
5.3900,150.0000,150.0000,85.0000,85.0000,66.20,0.00,0.00,85.16,0.00,0.00
5.3920,150.0000,150.0000,85.0000,85.0000,66.20,0.00,0.00,85.16,0.00,0.00
5.3940,150.0000,150.0000,85.0000,85.0000,66.20,0.00,0.00,85.16,0.00,0.00
5.3960,150.0000,150.0000,85.0000,85.0000,66.20,0.00,0.00,85.16,0.00,0.00
5.3980,150.0000,150.0000,85.0000,85.0000,66.20,0.00,0.00,85.16,0.00,0.00
5.4000,150.0000,150.0000,85.0000,85.0000,66.20,0.00,0.00,85.16,0.00,0.00
5.4020,150.0000,150.0000,85.0000,85.0000,66.20,0.00,0.00,85.16,0.00,0.00
5.4040,150.0000,150.0000,85.0000,85.0000,66.20,0.00,0.00,85.16,0.00,0.00
5.4060,150.0000,150.0000,85.0000,85.0000,66.20,0.00,0.00,85.16,0.00,0.00
5.4080,150.0000,150.0000,85.0000,85.0000,66.20,0.00,0.00,85.16,0.00,0.00
5.4100,150.0000,150.0000,85.0000,85.0000,66.20,0.00,0.00,0.00,0.00,84.71
5.4120,150.0000,150.0000,85.0000,85.0000,66.20,0.00,0.00,0.00,0.00,84.71
5.4140,150.0000,150.0000,85.0000,85.0000,66.20,0.00,0.00,0.00,0.00,84.71
5.4160,150.0000,150.0000,85.0000,85.0000,66.20,0.00,0.00,0.00,0.00,84.71
5.4180,150.0000,150.0000,85.0000,85.0000,66.20,0.00,0.00,0.00,0.00,84.71
5.4200,150.0000,150.0000,85.0000,85.0000,66.20,0.00,0.00,0.00,0.00,84.71
5.4220,150.0000,150.0000,85.0000,85.0000,66.20,0.00,0.00,0.00,0.00,84.71
5.4240,150.0000,150.0000,85.0000,85.0000,66.20,0.00,0.00,0.00,0.00,84.71
5.4260,150.0000,150.0000,85.0000,85.0000,66.20,0.00,0.00,0.00,0.00,84.71
5.4280,150.0000,150.0000,85.0000,85.0000,66.20,0.00,0.00,0.00,0.00,84.71
5.4300,150.0000,150.0000,85.0000,85.0000,66.20,0.00,0.00,0.00,0.00,84.71
5.4320,150.0000,150.0000,85.0000,85.0000,66.20,0.00,0.00,0.00,0.00,84.71
5.4340,150.0000,150.0000,85.0000,85.0000,66.20,0.00,0.00,0.00,0.00,84.71
5.4360,150.0000,150.0000,85.0000,85.0000,66.20,0.00,0.00,0.00,0.00,84.71
5.4380,150.0000,150.0000,85.0000,85.0000,66.20,0.00,0.00,0.00,0.00,84.71
5.4400,150.0000,150.0000,85.0000,85.0000,66.20,0.00,0.00,0.00,0.00,84.71
5.4420,150.0000,150.0000,85.0000,85.0000,66.20,0.00,0.00,0.00,0.00,84.71
5.4440,150.0000,150.0000,85.0000,85.0000,66.20,0.00,0.00,0.00,0.00,84.71
5.4460,150.0000,150.0000,85.0000,85.0000,66.20,0.00,0.00,0.00,0.00,84.71
5.4480,150.0000,150.0000,85.0000,85.0000,66.20,0.00,0.00,0.00,0.00,84.71
5.4500,150.0000,150.0000,85.0000,85.0000,66.20,0.00,0.00,0.00,0.00,84.71
5.4520,150.0000,150.0000,85.0000,85.0000,66.20,0.00,0.00,0.00,0.00,84.71
5.4540,150.0000,150.0000,85.0000,85.0000,66.20,0.00,0.00,0.00,0.00,84.71
5.4560,150.0000,150.0000,85.0000,85.0000,66.20,0.00,0.00,0.00,0.00,84.71
5.4580,150.0000,150.0000,85.0000,85.0000,66.20,0.00,0.00,0.00,0.00,84.71
5.4600,150.0000,150.0000,85.0000,85.0000,66.20,0.00,0.00,0.00,0.00,84.71
5.4620,150.0000,150.0000,85.0000,85.0000,66.20,0.00,0.00,0.00,0.00,84.71
5.4640,150.0000,150.0000,85.0000,85.0000,66.20,0.00,0.00,0.00,0.00,84.71
5.4660,150.0000,150.0000,85.0000,85.0000,66.20,0.00,0.00,0.00,0.00,84.71
5.4680,150.0000,150.0000,85.0000,85.0000,66.20,0.00,0.00,0.00,0.00,84.71
5.4700,150.0000,150.0000,85.0000,85.0000,66.20,0.00,0.00,0.00,0.00,84.71
5.4720,150.0000,150.0000,85.0000,85.0000,66.20,0.00,0.00,0.00,0.00,84.71
5.4740,150.0000,150.0000,85.0000,85.0000,66.20,0.00,0.00,0.00,0.00,84.71
5.4760,150.0000,150.0000,85.0000,85.0000,66.20,0.00,0.00,0.00,0.00,84.71
5.4780,150.0000,150.0000,85.0000,85.0000,66.20,0.00,0.00,0.00,0.00,84.71
5.4800,150.0000,150.0000,85.0000,85.0000,66.20,0.00,0.00,0.00,0.00,84.71
5.4820,150.0000,150.0000,85.0000,85.0000,66.20,0.00,0.00,0.00,0.00,84.71
5.4840,150.0000,150.0000,85.0000,85.0000,66.20,0.00,0.00,0.00,0.00,84.71
5.4860,150.0000,150.0000,85.0000,85.0000,66.20,0.00,0.00,0.00,0.00,84.71
5.4880,150.0000,150.0000,85.0000,85.0000,66.20,0.00,0.00,0.00,0.00,84.71
5.4900,150.0000,150.0000,85.0000,85.0000,66.20,0.00,0.00,0.00,0.00,84.71
5.4920,150.0000,150.0000,85.0000,85.0000,66.20,0.00,0.00,0.00,0.00,84.71
5.4940,150.0000,150.0000,85.0000,85.0000,66.20,0.00,0.00,0.00,0.00,84.71
5.4960,150.0000,150.0000,85.0000,85.0000,66.20,0.00,0.00,0.00,0.00,84.71
5.4980,150.0000,150.0000,85.0000,85.0000,66.20,0.00,0.00,0.00,0.00,84.71
5.5000,150.0000,150.0000,85.0000,85.0000,66.20,0.00,0.00,0.00,0.00,84.71
5.5020,150.0000,150.0000,85.0000,85.0000,66.20,0.00,0.00,0.00,0.00,84.71
5.5040,150.0000,150.0000,85.0000,85.0000,66.20,0.00,0.00,0.00,0.00,84.71
5.5060,150.0000,150.0000,85.0000,85.0000,66.20,0.00,0.00,0.00,0.00,84.71
5.5080,150.0000,150.0000,85.0000,85.0000,66.20,0.00,0.00,0.00,0.00,84.71
5.5100,150.0000,150.0000,85.0000,85.0000,66.20,0.00,0.00,0.00,0.00,84.71
5.5120,150.0000,150.0000,85.0000,85.0000,66.20,0.00,0.00,0.00,0.00,84.71
5.5140,150.0000,150.0000,85.0000,85.0000,66.20,0.00,0.00,0.00,0.00,84.71
5.5160,150.0000,150.0000,85.0000,85.0000,66.20,0.00,0.00,0.00,0.00,84.71
5.5180,150.0000,150.0000,85.0000,85.0000,66.20,0.00,0.00,0.00,0.00,84.71
5.5200,150.0000,150.0000,85.0000,85.0000,66.20,0.00,0.00,0.00,0.00,84.71
5.5220,150.0000,150.0000,85.0000,85.0000,66.20,0.00,0.00,0.00,0.00,84.71
5.5240,150.0000,150.0000,85.0000,85.0000,66.20,0.00,0.00,0.00,0.00,84.71
5.5260,150.0000,150.0000,85.0000,85.0000,66.20,0.00,0.00,0.00,0.00,84.71
5.5280,150.0000,150.0000,85.0000,85.0000,66.20,0.00,0.00,0.00,0.00,84.71
5.5300,150.0000,150.0000,85.0000,85.0000,66.20,0.00,0.00,0.00,0.00,84.71
5.5320,150.0000,150.0000,85.0000,85.0000,66.20,0.00,0.00,0.00,0.00,84.71
5.5340,150.0000,150.0000,85.0000,85.0000,66.20,0.00,0.00,0.00,0.00,84.71
5.5360,150.0000,150.0000,85.0000,85.0000,66.20,0.00,0.00,0.00,0.00,84.71
5.5380,150.0000,150.0000,85.0000,85.0000,66.20,0.00,0.00,0.00,0.00,84.71
5.5400,150.0000,150.0000,85.0000,85.0000,66.20,0.00,0.00,0.00,0.00,84.71
5.5420,150.0000,150.0000,85.0000,85.0000,66.20,0.00,0.00,0.00,0.00,84.71
5.5440,150.0000,150.0000,85.0000,85.0000,66.20,0.00,0.00,0.00,0.00,84.71
5.5460,150.0000,150.0000,85.0000,85.0000,66.20,0.00,0.00,0.00,0.00,84.71
5.5480,150.0000,150.0000,85.0000,85.0000,66.20,0.00,0.00,0.00,0.00,84.71
5.5500,150.0000,150.0000,85.0000,85.0000,66.20,0.00,0.00,0.00,0.00,84.71
5.5520,150.0000,150.0000,85.0000,85.0000,66.20,0.00,0.00,0.00,0.00,84.71
5.5540,150.0000,150.0000,85.0000,85.0000,66.20,0.00,0.00,0.00,0.00,84.71
5.5560,150.0000,150.0000,85.0000,85.0000,66.20,0.00,0.00,0.00,0.00,84.71
5.5580,150.0000,150.0000,85.0000,85.0000,66.20,0.00,0.00,0.00,0.00,84.71
5.5600,150.0000,150.0000,85.0000,85.0000,66.20,0.00,0.00,0.00,0.00,84.71
5.5620,150.0000,150.0000,85.0000,85.0000,66.20,0.00,0.00,0.00,0.00,84.71
5.5640,150.0000,150.0000,85.0000,85.0000,66.20,0.00,0.00,0.00,0.00,84.71
5.5660,150.0000,150.0000,85.0000,85.0000,66.20,0.00,0.00,0.00,0.00,84.71
5.5680,150.0000,150.0000,85.0000,85.0000,66.20,0.00,0.00,0.00,0.00,84.71
5.5700,150.0000,150.0000,85.0000,85.0000,66.20,0.00,0.00,0.00,0.00,84.71
5.5720,150.0000,150.0000,85.0000,85.0000,66.20,0.00,0.00,0.00,0.00,84.71
5.5740,150.0000,150.0000,85.0000,85.0000,66.20,0.00,0.00,0.00,0.00,84.71
5.5760,150.0000,150.0000,85.0000,85.0000,66.20,0.00,0.00,0.00,0.00,84.71
5.5780,150.0000,150.0000,85.0000,85.0000,66.20,0.00,0.00,85.16,0.00,0.00
5.5800,150.0000,150.0000,85.0000,85.0000,0.00,0.00,71.70,85.16,0.00,0.00
5.5820,150.0000,150.0000,85.0000,85.0000,0.00,0.00,71.70,85.16,0.00,0.00
5.5840,150.0000,150.0000,85.0000,85.0000,0.00,0.00,71.70,85.16,0.00,0.00
5.5860,150.0000,150.0000,85.0000,85.0000,0.00,0.00,71.70,85.16,0.00,0.00
5.5880,150.0000,150.0000,85.0000,85.0000,0.00,0.00,71.70,85.16,0.00,0.00
5.5900,150.0000,150.0000,85.0000,85.0000,0.00,0.00,71.70,85.16,0.00,0.00
5.5920,150.0000,150.0000,85.0000,85.0000,0.00,0.00,71.70,85.16,0.00,0.00
5.5940,150.0000,150.0000,85.0000,85.0000,0.00,0.00,71.70,85.16,0.00,0.00
5.5960,150.0000,150.0000,85.0000,85.0000,0.00,0.00,71.70,85.16,0.00,0.00
5.5980,150.0000,150.0000,85.0000,85.0000,0.00,0.00,71.70,85.16,0.00,0.00
5.6000,150.0000,150.0000,85.0000,85.0000,0.00,0.00,71.70,85.16,0.00,0.00
5.6020,150.0000,150.0000,85.0000,85.0000,66.20,0.00,0.00,85.16,0.00,0.00
5.6040,150.0000,150.0000,85.0000,85.0000,66.20,0.00,0.00,85.16,0.00,0.00
5.6060,150.0000,150.0000,85.0000,85.0000,66.20,0.00,0.00,85.16,0.00,0.00
5.6080,150.0000,150.0000,85.0000,85.0000,66.20,0.00,0.00,85.16,0.00,0.00
5.6100,150.0000,150.0000,85.0000,85.0000,66.20,0.00,0.00,85.16,0.00,0.00
5.6120,150.0000,150.0000,85.0000,85.0000,66.20,0.00,0.00,85.16,0.00,0.00
5.6140,150.0000,150.0000,85.0000,85.0000,66.20,0.00,0.00,85.16,0.00,0.00
5.6160,150.0000,150.0000,85.0000,85.0000,66.20,0.00,0.00,85.16,0.00,0.00
5.6180,150.0000,150.0000,85.0000,85.0000,66.20,0.00,0.00,85.16,0.00,0.00
5.6200,150.0000,150.0000,85.0000,85.0000,66.20,0.00,0.00,85.16,0.00,0.00
5.6220,150.0000,150.0000,85.0000,85.0000,66.20,0.00,0.00,0.00,0.00,84.71
5.6240,150.0000,150.0000,85.0000,85.0000,66.20,0.00,0.00,0.00,0.00,84.71
5.6260,150.0000,150.0000,85.0000,85.0000,66.20,0.00,0.00,0.00,0.00,84.71
5.6280,150.0000,150.0000,85.0000,85.0000,66.20,0.00,0.00,0.00,0.00,84.71
5.6300,150.0000,150.0000,85.0000,85.0000,66.20,0.00,0.00,0.00,0.00,84.71
5.6320,150.0000,150.0000,85.0000,85.0000,66.20,0.00,0.00,0.00,0.00,84.71
5.6340,150.0000,150.0000,85.0000,85.0000,66.20,0.00,0.00,0.00,0.00,84.71
5.6360,150.0000,150.0000,85.0000,85.0000,66.20,0.00,0.00,0.00,0.00,84.71
5.6380,150.0000,150.0000,85.0000,85.0000,66.20,0.00,0.00,0.00,0.00,84.71
5.6400,150.0000,150.0000,85.0000,85.0000,66.20,0.00,0.00,0.00,0.00,84.71
5.6420,150.0000,150.0000,85.0000,85.0000,66.20,0.00,0.00,0.00,0.00,84.71
5.6440,150.0000,150.0000,85.0000,85.0000,66.20,0.00,0.00,0.00,0.00,84.71
5.6460,150.0000,150.0000,85.0000,85.0000,66.20,0.00,0.00,0.00,0.00,84.71
5.6480,150.0000,150.0000,85.0000,85.0000,66.20,0.00,0.00,0.00,0.00,84.71
5.6500,150.0000,150.0000,85.0000,85.0000,66.20,0.00,0.00,0.00,0.00,84.71
5.6520,150.0000,150.0000,85.0000,85.0000,66.20,0.00,0.00,0.00,0.00,84.71
5.6540,150.0000,150.0000,85.0000,85.0000,66.20,0.00,0.00,0.00,0.00,84.71
5.6560,150.0000,150.0000,85.0000,85.0000,66.20,0.00,0.00,0.00,0.00,84.71
5.6580,150.0000,150.0000,85.0000,85.0000,66.20,0.00,0.00,0.00,0.00,84.71
5.6600,150.0000,150.0000,85.0000,85.0000,66.20,0.00,0.00,0.00,0.00,84.71
5.6620,150.0000,150.0000,85.0000,85.0000,66.20,0.00,0.00,0.00,0.00,84.71
5.6640,150.0000,150.0000,85.0000,85.0000,66.20,0.00,0.00,0.00,0.00,84.71
5.6660,150.0000,150.0000,85.0000,85.0000,66.20,0.00,0.00,0.00,0.00,84.71
5.6680,150.0000,150.0000,85.0000,85.0000,66.20,0.00,0.00,0.00,0.00,84.71
5.6700,150.0000,150.0000,85.0000,85.0000,66.20,0.00,0.00,0.00,0.00,84.71
5.6720,150.0000,150.0000,85.0000,85.0000,66.20,0.00,0.00,0.00,0.00,84.71
5.6740,150.0000,150.0000,85.0000,85.0000,66.20,0.00,0.00,0.00,0.00,84.71
5.6760,150.0000,150.0000,85.0000,85.0000,66.20,0.00,0.00,0.00,0.00,84.71
5.6780,150.0000,150.0000,85.0000,85.0000,66.20,0.00,0.00,0.00,0.00,84.71
5.6800,150.0000,150.0000,85.0000,85.0000,66.20,0.00,0.00,0.00,0.00,84.71
5.6820,150.0000,150.0000,85.0000,85.0000,66.20,0.00,0.00,0.00,0.00,84.71
5.6840,150.0000,150.0000,85.0000,85.0000,66.20,0.00,0.00,0.00,0.00,84.71
5.6860,150.0000,150.0000,85.0000,85.0000,66.20,0.00,0.00,0.00,0.00,84.71
5.6880,150.0000,150.0000,85.0000,85.0000,66.20,0.00,0.00,0.00,0.00,84.71
5.6900,150.0000,150.0000,85.0000,85.0000,66.20,0.00,0.00,0.00,0.00,84.71
5.6920,150.0000,150.0000,85.0000,85.0000,66.20,0.00,0.00,0.00,0.00,84.71
5.6940,150.0000,150.0000,85.0000,85.0000,66.20,0.00,0.00,0.00,0.00,84.71
5.6960,150.0000,150.0000,85.0000,85.0000,66.20,0.00,0.00,0.00,0.00,84.71
5.6980,150.0000,150.0000,85.0000,85.0000,66.20,0.00,0.00,0.00,0.00,84.71
5.7000,150.0000,150.0000,85.0000,85.0000,66.20,0.00,0.00,0.00,0.00,84.71
5.7020,150.0000,150.0000,85.0000,85.0000,66.20,0.00,0.00,0.00,0.00,84.71
5.7040,150.0000,150.0000,85.0000,85.0000,66.20,0.00,0.00,0.00,0.00,84.71
5.7060,150.0000,150.0000,85.0000,85.0000,66.20,0.00,0.00,0.00,0.00,84.71
5.7080,150.0000,150.0000,85.0000,85.0000,66.20,0.00,0.00,0.00,0.00,84.71
5.7100,150.0000,150.0000,85.0000,85.0000,66.20,0.00,0.00,0.00,0.00,84.71
5.7120,150.0000,150.0000,85.0000,85.0000,66.20,0.00,0.00,0.00,0.00,84.71
5.7140,150.0000,150.0000,85.0000,85.0000,66.20,0.00,0.00,0.00,0.00,84.71
5.7160,150.0000,150.0000,85.0000,85.0000,66.20,0.00,0.00,0.00,0.00,84.71
5.7180,150.0000,150.0000,85.0000,85.0000,66.20,0.00,0.00,0.00,0.00,84.71
5.7200,150.0000,150.0000,85.0000,85.0000,66.20,0.00,0.00,0.00,0.00,84.71
5.7220,150.0000,150.0000,85.0000,85.0000,66.20,0.00,0.00,0.00,0.00,84.71
5.7240,150.0000,150.0000,85.0000,85.0000,66.20,0.00,0.00,0.00,0.00,84.71
5.7260,150.0000,150.0000,85.0000,85.0000,66.20,0.00,0.00,0.00,0.00,84.71
5.7280,150.0000,150.0000,85.0000,85.0000,66.20,0.00,0.00,0.00,0.00,84.71
5.7300,150.0000,150.0000,85.0000,85.0000,66.20,0.00,0.00,0.00,0.00,84.71
5.7320,150.0000,150.0000,85.0000,85.0000,66.20,0.00,0.00,0.00,0.00,84.71
5.7340,150.0000,150.0000,85.0000,85.0000,66.20,0.00,0.00,0.00,0.00,84.71
5.7360,150.0000,150.0000,85.0000,85.0000,66.20,0.00,0.00,0.00,0.00,84.71
5.7380,150.0000,150.0000,85.0000,85.0000,66.20,0.00,0.00,0.00,0.00,84.71
5.7400,150.0000,150.0000,85.0000,85.0000,66.20,0.00,0.00,0.00,0.00,84.71
5.7420,150.0000,150.0000,85.0000,85.0000,66.20,0.00,0.00,0.00,0.00,84.71
5.7440,150.0000,150.0000,85.0000,85.0000,66.20,0.00,0.00,0.00,0.00,84.71
5.7460,150.0000,150.0000,85.0000,85.0000,66.20,0.00,0.00,0.00,0.00,84.71
5.7480,150.0000,150.0000,85.0000,85.0000,66.20,0.00,0.00,0.00,0.00,84.71
5.7500,150.0000,150.0000,85.0000,85.0000,66.20,0.00,0.00,0.00,0.00,84.71
5.7520,150.0000,150.0000,85.0000,85.0000,66.20,0.00,0.00,0.00,0.00,84.71
5.7540,150.0000,150.0000,85.0000,85.0000,66.20,0.00,0.00,0.00,0.00,84.71
5.7560,150.0000,150.0000,85.0000,85.0000,66.20,0.00,0.00,0.00,0.00,84.71
5.7580,150.0000,150.0000,85.0000,85.0000,66.20,0.00,0.00,0.00,0.00,84.71
5.7600,150.0000,150.0000,85.0000,85.0000,66.20,0.00,0.00,0.00,0.00,84.71
5.7620,150.0000,150.0000,85.0000,85.0000,66.20,0.00,0.00,0.00,0.00,84.71
5.7640,150.0000,150.0000,85.0000,85.0000,66.20,0.00,0.00,0.00,0.00,84.71
5.7660,150.0000,150.0000,85.0000,85.0000,66.20,0.00,0.00,0.00,0.00,84.71
5.7680,150.0000,150.0000,85.0000,85.0000,66.20,0.00,0.00,0.00,0.00,84.71
5.7700,150.0000,150.0000,85.0000,85.0000,66.20,0.00,0.00,0.00,0.00,84.71
5.7720,150.0000,150.0000,85.0000,85.0000,66.20,0.00,0.00,0.00,0.00,84.71
5.7740,150.0000,150.0000,85.0000,85.0000,66.20,0.00,0.00,0.00,0.00,84.71
5.7760,150.0000,150.0000,85.0000,85.0000,66.20,0.00,0.00,0.00,0.00,84.71
5.7780,150.0000,150.0000,85.0000,85.0000,66.20,0.00,0.00,0.00,0.00,84.71
5.7800,150.0000,150.0000,85.0000,85.0000,66.20,0.00,0.00,0.00,0.00,84.71
5.7820,150.0000,150.0000,85.0000,85.0000,66.20,0.00,0.00,0.00,0.00,84.71
5.7840,150.0000,150.0000,85.0000,85.0000,66.20,0.00,0.00,0.00,0.00,84.71
5.7860,150.0000,150.0000,85.0000,85.0000,66.20,0.00,0.00,0.00,0.00,84.71
5.7880,150.0000,150.0000,85.0000,85.0000,66.20,0.00,0.00,0.00,0.00,84.71
5.7900,150.0000,150.0000,85.0000,85.0000,66.20,0.00,0.00,85.16,0.00,0.00
5.7920,150.0000,150.0000,85.0000,85.0000,66.20,0.00,0.00,85.16,0.00,0.00
5.7940,150.0000,150.0000,85.0000,85.0000,66.20,0.00,0.00,85.16,0.00,0.00
5.7960,150.0000,150.0000,85.0000,85.0000,66.20,0.00,0.00,85.16,0.00,0.00
5.7980,150.0000,150.0000,85.0000,85.0000,66.20,0.00,0.00,85.16,0.00,0.00
5.8000,150.0000,150.0000,85.0000,85.0000,66.20,0.00,0.00,85.16,0.00,0.00
5.8020,150.0000,150.0000,85.0000,85.0000,66.20,0.00,0.00,85.16,0.00,0.00
5.8040,150.0000,150.0000,85.0000,85.0000,66.20,0.00,0.00,85.16,0.00,0.00
5.8060,150.0000,150.0000,85.0000,85.0000,66.20,0.00,0.00,85.16,0.00,0.00
5.8080,150.0000,150.0000,85.0000,85.0000,66.20,0.00,0.00,85.16,0.00,0.00
5.8100,150.0000,150.0000,85.0000,85.0000,66.20,0.00,0.00,85.16,0.00,0.00
5.8120,150.0000,150.0000,85.0000,85.0000,0.00,0.00,71.70,85.16,0.00,0.00
5.8140,150.0000,150.0000,85.0000,85.0000,0.00,0.00,71.70,85.16,0.00,0.00
5.8160,150.0000,150.0000,85.0000,85.0000,0.00,0.00,71.70,85.16,0.00,0.00
5.8180,150.0000,150.0000,85.0000,85.0000,0.00,0.00,71.70,85.16,0.00,0.00
5.8200,150.0000,150.0000,85.0000,85.0000,0.00,0.00,71.70,85.16,0.00,0.00
5.8220,150.0000,150.0000,85.0000,85.0000,0.00,0.00,71.70,85.16,0.00,0.00
5.8240,150.0000,150.0000,85.0000,85.0000,0.00,0.00,71.70,85.16,0.00,0.00
5.8260,150.0000,150.0000,85.0000,85.0000,0.00,0.00,71.70,85.16,0.00,0.00
5.8280,150.0000,150.0000,85.0000,85.0000,0.00,0.00,71.70,85.16,0.00,0.00
5.8300,150.0000,150.0000,85.0000,85.0000,0.00,0.00,71.70,85.16,0.00,0.00
5.8320,150.0000,150.0000,85.0000,85.0000,0.00,0.00,71.70,85.16,0.00,0.00
5.8340,150.0000,150.0000,85.0000,85.0000,66.20,0.00,0.00,0.00,0.00,84.71
5.8360,150.0000,150.0000,85.0000,85.0000,66.20,0.00,0.00,0.00,0.00,84.71
5.8380,150.0000,150.0000,85.0000,85.0000,66.20,0.00,0.00,0.00,0.00,84.71
5.8400,150.0000,150.0000,85.0000,85.0000,66.20,0.00,0.00,0.00,0.00,84.71
5.8420,150.0000,150.0000,85.0000,85.0000,66.20,0.00,0.00,0.00,0.00,84.71
5.8440,150.0000,150.0000,85.0000,85.0000,66.20,0.00,0.00,0.00,0.00,84.71
5.8460,150.0000,150.0000,85.0000,85.0000,66.20,0.00,0.00,0.00,0.00,84.71
5.8480,150.0000,150.0000,85.0000,85.0000,66.20,0.00,0.00,0.00,0.00,84.71
5.8500,150.0000,150.0000,85.0000,85.0000,66.20,0.00,0.00,0.00,0.00,84.71
5.8520,150.0000,150.0000,85.0000,85.0000,66.20,0.00,0.00,0.00,0.00,84.71
5.8540,150.0000,150.0000,85.0000,85.0000,66.20,0.00,0.00,0.00,0.00,84.71
5.8560,150.0000,150.0000,85.0000,85.0000,66.20,0.00,0.00,0.00,0.00,84.71
5.8580,150.0000,150.0000,85.0000,85.0000,66.20,0.00,0.00,0.00,0.00,84.71
5.8600,150.0000,150.0000,85.0000,85.0000,66.20,0.00,0.00,0.00,0.00,84.71
5.8620,150.0000,150.0000,85.0000,85.0000,66.20,0.00,0.00,0.00,0.00,84.71
5.8640,150.0000,150.0000,85.0000,85.0000,66.20,0.00,0.00,0.00,0.00,84.71
5.8660,150.0000,150.0000,85.0000,85.0000,66.20,0.00,0.00,0.00,0.00,84.71
5.8680,150.0000,150.0000,85.0000,85.0000,66.20,0.00,0.00,0.00,0.00,84.71
5.8700,150.0000,150.0000,85.0000,85.0000,66.20,0.00,0.00,0.00,0.00,84.71
5.8720,150.0000,150.0000,85.0000,85.0000,66.20,0.00,0.00,0.00,0.00,84.71
5.8740,150.0000,150.0000,85.0000,85.0000,66.20,0.00,0.00,0.00,0.00,84.71
5.8760,150.0000,150.0000,85.0000,85.0000,66.20,0.00,0.00,0.00,0.00,84.71
5.8780,150.0000,150.0000,85.0000,85.0000,66.20,0.00,0.00,0.00,0.00,84.71
5.8800,150.0000,150.0000,85.0000,85.0000,66.20,0.00,0.00,0.00,0.00,84.71
5.8820,150.0000,150.0000,85.0000,85.0000,66.20,0.00,0.00,0.00,0.00,84.71
5.8840,150.0000,150.0000,85.0000,85.0000,66.20,0.00,0.00,0.00,0.00,84.71
5.8860,150.0000,150.0000,85.0000,85.0000,66.20,0.00,0.00,0.00,0.00,84.71
5.8880,150.0000,150.0000,85.0000,85.0000,66.20,0.00,0.00,0.00,0.00,84.71
5.8900,150.0000,150.0000,85.0000,85.0000,66.20,0.00,0.00,0.00,0.00,84.71
5.8920,150.0000,150.0000,85.0000,85.0000,66.20,0.00,0.00,0.00,0.00,84.71
5.8940,150.0000,150.0000,85.0000,85.0000,66.20,0.00,0.00,0.00,0.00,84.71
5.8960,150.0000,150.0000,85.0000,85.0000,66.20,0.00,0.00,0.00,0.00,84.71
5.8980,150.0000,150.0000,85.0000,85.0000,66.20,0.00,0.00,0.00,0.00,84.71
5.9000,150.0000,150.0000,85.0000,85.0000,66.20,0.00,0.00,0.00,0.00,84.71
5.9020,150.0000,150.0000,85.0000,85.0000,66.20,0.00,0.00,0.00,0.00,84.71
5.9040,150.0000,150.0000,85.0000,85.0000,66.20,0.00,0.00,0.00,0.00,84.71
5.9060,150.0000,150.0000,85.0000,85.0000,66.20,0.00,0.00,0.00,0.00,84.71
5.9080,150.0000,150.0000,85.0000,85.0000,66.20,0.00,0.00,0.00,0.00,84.71
5.9100,150.0000,150.0000,85.0000,85.0000,66.20,0.00,0.00,0.00,0.00,84.71
5.9120,150.0000,150.0000,85.0000,85.0000,66.20,0.00,0.00,0.00,0.00,84.71
5.9140,150.0000,150.0000,85.0000,85.0000,66.20,0.00,0.00,0.00,0.00,84.71
5.9160,150.0000,150.0000,85.0000,85.0000,66.20,0.00,0.00,0.00,0.00,84.71
5.9180,150.0000,150.0000,85.0000,85.0000,66.20,0.00,0.00,0.00,0.00,84.71
5.9200,150.0000,150.0000,85.0000,85.0000,66.20,0.00,0.00,0.00,0.00,84.71
5.9220,150.0000,150.0000,85.0000,85.0000,66.20,0.00,0.00,0.00,0.00,84.71
5.9240,150.0000,150.0000,85.0000,85.0000,66.20,0.00,0.00,0.00,0.00,84.71
5.9260,150.0000,150.0000,85.0000,85.0000,66.20,0.00,0.00,0.00,0.00,84.71
5.9280,150.0000,150.0000,85.0000,85.0000,66.20,0.00,0.00,0.00,0.00,84.71
5.9300,150.0000,150.0000,85.0000,85.0000,66.20,0.00,0.00,0.00,0.00,84.71
5.9320,150.0000,150.0000,85.0000,85.0000,66.20,0.00,0.00,0.00,0.00,84.71
5.9340,150.0000,150.0000,85.0000,85.0000,66.20,0.00,0.00,0.00,0.00,84.71
5.9360,150.0000,150.0000,85.0000,85.0000,66.20,0.00,0.00,0.00,0.00,84.71
5.9380,150.0000,150.0000,85.0000,85.0000,66.20,0.00,0.00,0.00,0.00,84.71
5.9400,150.0000,150.0000,85.0000,85.0000,66.20,0.00,0.00,0.00,0.00,84.71
5.9420,150.0000,150.0000,85.0000,85.0000,66.20,0.00,0.00,0.00,0.00,84.71
5.9440,150.0000,150.0000,85.0000,85.0000,66.20,0.00,0.00,0.00,0.00,84.71
5.9460,150.0000,150.0000,85.0000,85.0000,66.20,0.00,0.00,0.00,0.00,84.71
5.9480,150.0000,150.0000,85.0000,85.0000,66.20,0.00,0.00,0.00,0.00,84.71
5.9500,150.0000,150.0000,85.0000,85.0000,66.20,0.00,0.00,0.00,0.00,84.71
5.9520,150.0000,150.0000,85.0000,85.0000,66.20,0.00,0.00,0.00,0.00,84.71
5.9540,150.0000,150.0000,85.0000,85.0000,66.20,0.00,0.00,0.00,0.00,84.71
5.9560,150.0000,150.0000,85.0000,85.0000,66.20,0.00,0.00,0.00,0.00,84.71
5.9580,150.0000,150.0000,85.0000,85.0000,66.20,0.00,0.00,0.00,0.00,84.71
5.9600,150.0000,150.0000,85.0000,85.0000,66.20,0.00,0.00,0.00,0.00,84.71
5.9620,150.0000,150.0000,85.0000,85.0000,66.20,0.00,0.00,0.00,0.00,84.71
5.9640,150.0000,150.0000,85.0000,85.0000,66.20,0.00,0.00,0.00,0.00,84.71
5.9660,150.0000,150.0000,85.0000,85.0000,66.20,0.00,0.00,0.00,0.00,84.71
5.9680,150.0000,150.0000,85.0000,85.0000,66.20,0.00,0.00,0.00,0.00,84.71
5.9700,150.0000,150.0000,85.0000,85.0000,66.20,0.00,0.00,0.00,0.00,84.71
5.9720,150.0000,150.0000,85.0000,85.0000,66.20,0.00,0.00,0.00,0.00,84.71
5.9740,150.0000,150.0000,85.0000,85.0000,66.20,0.00,0.00,0.00,0.00,84.71
5.9760,150.0000,150.0000,85.0000,85.0000,66.20,0.00,0.00,0.00,0.00,84.71
5.9780,150.0000,150.0000,85.0000,85.0000,66.20,0.00,0.00,0.00,0.00,84.71
5.9800,150.0000,150.0000,85.0000,85.0000,66.20,0.00,0.00,0.00,0.00,84.71
5.9820,150.0000,150.0000,85.0000,85.0000,66.20,0.00,0.00,0.00,0.00,84.71
5.9840,150.0000,150.0000,85.0000,85.0000,66.20,0.00,0.00,0.00,0.00,84.71
5.9860,150.0000,150.0000,85.0000,85.0000,66.20,0.00,0.00,0.00,0.00,84.71
5.9880,150.0000,150.0000,85.0000,85.0000,66.20,0.00,0.00,0.00,0.00,84.71
5.9900,150.0000,150.0000,85.0000,85.0000,66.20,0.00,0.00,0.00,0.00,84.71
5.9920,150.0000,150.0000,85.0000,85.0000,66.20,0.00,0.00,0.00,0.00,84.71
5.9940,150.0000,150.0000,85.0000,85.0000,66.20,0.00,0.00,0.00,0.00,84.71
5.9960,150.0000,150.0000,85.0000,85.0000,66.20,0.00,0.00,0.00,0.00,84.71
5.9980,150.0000,150.0000,85.0000,85.0000,66.20,0.00,0.00,0.00,0.00,84.71
6.0000,200.0000,158.0385,72.0000,84.5149,66.23,66.22,0.00,85.19,85.18,0.00
6.0020,200.0000,171.7349,72.0000,83.6909,66.26,66.23,0.00,85.22,85.20,0.00
6.0040,200.0000,188.6614,72.0000,82.5621,66.27,66.24,0.00,85.25,85.23,0.00
6.0060,200.0000,200.3721,72.0000,81.1734,66.28,0.00,0.00,85.30,85.27,0.00
6.0080,200.0000,200.3622,72.0000,79.5778,0.00,0.00,70.59,85.35,85.31,0.00
6.0100,200.0000,200.3442,72.0000,78.1351,0.00,0.00,70.59,85.40,0.00,0.00
6.0120,200.0000,200.3186,72.0000,76.6102,0.00,0.00,70.59,85.45,0.00,0.00
6.0140,200.0000,200.2859,72.0000,75.0452,0.00,0.00,70.59,85.50,0.00,0.00
6.0160,200.0000,200.2470,72.0000,73.4795,0.00,0.00,70.59,85.55,0.00,0.00
6.0180,200.0000,200.2027,72.0000,71.9480,0.00,0.00,70.60,85.59,0.00,0.00
6.0200,200.0000,200.1540,72.0000,71.9508,0.00,0.00,70.60,0.00,0.00,84.71
6.0220,200.0000,200.1021,72.0000,71.9557,0.00,0.00,70.60,0.00,0.00,84.71
6.0240,200.0000,200.0481,72.0000,71.9626,0.00,0.00,70.60,0.00,0.00,84.71
6.0260,200.0000,199.9933,72.0000,71.9711,0.00,0.00,70.60,0.00,0.00,84.71
6.0280,200.0000,199.9939,72.0000,71.9808,66.20,0.00,0.00,0.00,0.00,84.71
6.0300,200.0000,199.9951,72.0000,71.9913,66.20,0.00,0.00,0.00,0.00,84.71
6.0320,200.0000,199.9967,72.0000,72.0021,66.20,0.00,0.00,0.00,0.00,84.71
6.0340,200.0000,199.9985,72.0000,72.0020,66.20,0.00,0.00,85.52,0.00,0.00
6.0360,200.0000,200.0005,72.0000,72.0019,66.20,0.00,0.00,85.52,0.00,0.00
6.0380,200.0000,200.0005,72.0000,72.0018,0.00,0.00,70.60,85.52,0.00,0.00
6.0400,200.0000,200.0005,72.0000,72.0016,0.00,0.00,70.60,85.52,0.00,0.00
6.0420,200.0000,200.0004,72.0000,72.0014,0.00,0.00,70.60,85.52,0.00,0.00
6.0440,200.0000,200.0004,72.0000,72.0012,0.00,0.00,70.60,85.52,0.00,0.00
6.0460,200.0000,200.0003,72.0000,72.0010,0.00,0.00,70.60,85.52,0.00,0.00
6.0480,200.0000,200.0003,72.0000,72.0007,0.00,0.00,70.60,85.52,0.00,0.00
6.0500,200.0000,200.0002,72.0000,72.0005,0.00,0.00,70.60,85.52,0.00,0.00
6.0520,200.0000,200.0001,72.0000,72.0002,0.00,0.00,70.60,85.52,0.00,0.00
6.0540,200.0000,200.0001,72.0000,71.9999,0.00,0.00,70.60,85.52,0.00,0.00
6.0560,200.0000,200.0000,72.0000,71.9999,0.00,0.00,70.60,0.00,0.00,84.71
6.0580,200.0000,200.0000,72.0000,71.9999,66.20,0.00,0.00,0.00,0.00,84.71
6.0600,200.0000,200.0000,72.0000,72.0000,66.20,0.00,0.00,0.00,0.00,84.71
6.0620,200.0000,200.0000,72.0000,72.0000,66.20,0.00,0.00,0.00,0.00,84.71
6.0640,200.0000,200.0000,72.0000,72.0000,66.20,0.00,0.00,0.00,0.00,84.71
6.0660,200.0000,200.0000,72.0000,72.0000,66.20,0.00,0.00,0.00,0.00,84.71
6.0680,200.0000,200.0000,72.0000,72.0000,0.00,0.00,70.60,0.00,0.00,84.71
6.0700,200.0000,200.0000,72.0000,72.0000,0.00,0.00,70.60,85.52,0.00,0.00
6.0720,200.0000,200.0000,72.0000,72.0000,0.00,0.00,70.60,85.52,0.00,0.00
6.0740,200.0000,200.0000,72.0000,72.0000,0.00,0.00,70.60,85.52,0.00,0.00
6.0760,200.0000,200.0000,72.0000,72.0000,0.00,0.00,70.60,85.52,0.00,0.00
6.0780,200.0000,200.0000,72.0000,72.0000,0.00,0.00,70.60,85.52,0.00,0.00
6.0800,200.0000,200.0000,72.0000,72.0000,0.00,0.00,70.60,85.52,0.00,0.00
6.0820,200.0000,200.0000,72.0000,72.0000,0.00,0.00,70.60,85.52,0.00,0.00
6.0840,200.0000,200.0000,72.0000,72.0000,0.00,0.00,70.60,85.52,0.00,0.00
6.0860,200.0000,200.0000,72.0000,72.0000,0.00,0.00,70.60,85.52,0.00,0.00
6.0880,200.0000,200.0000,72.0000,72.0000,66.20,0.00,0.00,85.52,0.00,0.00
6.0900,200.0000,200.0000,72.0000,72.0000,66.20,0.00,0.00,85.52,0.00,0.00
6.0920,200.0000,200.0000,72.0000,72.0000,66.20,0.00,0.00,0.00,0.00,84.71
6.0940,200.0000,200.0000,72.0000,72.0000,66.20,0.00,0.00,0.00,0.00,84.71
6.0960,200.0000,200.0000,72.0000,72.0000,66.20,0.00,0.00,0.00,0.00,84.71
6.0980,200.0000,200.0000,72.0000,72.0000,0.00,0.00,70.60,0.00,0.00,84.71
6.1000,200.0000,200.0000,72.0000,72.0000,0.00,0.00,70.60,0.00,0.00,84.71
6.1020,200.0000,200.0000,72.0000,72.0000,0.00,0.00,70.60,0.00,0.00,84.71
6.1040,200.0000,200.0000,72.0000,72.0000,0.00,0.00,70.60,0.00,0.00,84.71
6.1060,200.0000,200.0000,72.0000,72.0000,0.00,0.00,70.60,85.52,0.00,0.00
6.1080,200.0000,200.0000,72.0000,72.0000,0.00,0.00,70.60,85.52,0.00,0.00
6.1100,200.0000,200.0000,72.0000,72.0000,0.00,0.00,70.60,85.52,0.00,0.00
6.1120,200.0000,200.0000,72.0000,72.0000,0.00,0.00,70.60,85.52,0.00,0.00
6.1140,200.0000,200.0000,72.0000,72.0000,0.00,0.00,70.60,85.52,0.00,0.00
6.1160,200.0000,200.0000,72.0000,72.0000,0.00,0.00,70.60,85.52,0.00,0.00
6.1180,200.0000,200.0000,72.0000,72.0000,66.20,0.00,0.00,85.52,0.00,0.00
6.1200,200.0000,200.0000,72.0000,72.0000,66.20,0.00,0.00,85.52,0.00,0.00
6.1220,200.0000,200.0000,72.0000,72.0000,66.20,0.00,0.00,85.52,0.00,0.00
6.1240,200.0000,200.0000,72.0000,72.0000,66.20,0.00,0.00,85.52,0.00,0.00
6.1260,200.0000,200.0000,72.0000,72.0000,66.20,0.00,0.00,85.52,0.00,0.00
6.1280,200.0000,200.0000,72.0000,72.0000,0.00,0.00,70.60,0.00,0.00,84.71
6.1300,200.0000,200.0000,72.0000,72.0000,0.00,0.00,70.60,0.00,0.00,84.71
6.1320,200.0000,200.0000,72.0000,72.0000,0.00,0.00,70.60,0.00,0.00,84.71
6.1340,200.0000,200.0000,72.0000,72.0000,0.00,0.00,70.60,0.00,0.00,84.71
6.1360,200.0000,200.0000,72.0000,72.0000,0.00,0.00,70.60,0.00,0.00,84.71
6.1380,200.0000,200.0000,72.0000,72.0000,0.00,0.00,70.60,0.00,0.00,84.71
6.1400,200.0000,200.0000,72.0000,72.0000,0.00,0.00,70.60,0.00,0.00,84.71
6.1420,200.0000,200.0000,72.0000,72.0000,0.00,0.00,70.60,85.52,0.00,0.00
6.1440,200.0000,200.0000,72.0000,72.0000,0.00,0.00,70.60,85.52,0.00,0.00
6.1460,200.0000,200.0000,72.0000,72.0000,0.00,0.00,70.60,85.52,0.00,0.00
6.1480,200.0000,200.0000,72.0000,72.0000,0.00,0.00,70.60,85.52,0.00,0.00
6.1500,200.0000,200.0000,72.0000,72.0000,0.00,0.00,70.60,85.52,0.00,0.00
6.1520,200.0000,200.0000,72.0000,72.0000,0.00,0.00,70.60,85.52,0.00,0.00
6.1540,200.0000,200.0000,72.0000,72.0000,0.00,0.00,70.60,85.52,0.00,0.00
6.1560,200.0000,200.0000,72.0000,72.0000,0.00,0.00,70.60,85.52,0.00,0.00
6.1580,200.0000,200.0000,72.0000,72.0000,0.00,0.00,70.60,85.52,0.00,0.00
6.1600,200.0000,200.0000,72.0000,72.0000,0.00,0.00,70.60,85.52,0.00,0.00
6.1620,200.0000,200.0000,72.0000,72.0000,0.00,0.00,70.60,85.52,0.00,0.00
6.1640,200.0000,200.0000,72.0000,72.0000,66.20,0.00,0.00,85.52,0.00,0.00
6.1660,200.0000,200.0000,72.0000,72.0000,66.20,0.00,0.00,0.00,0.00,84.71
6.1680,200.0000,200.0000,72.0000,72.0000,66.20,0.00,0.00,0.00,0.00,84.71
6.1700,200.0000,200.0000,72.0000,72.0000,66.20,0.00,0.00,0.00,0.00,84.71
6.1720,200.0000,200.0000,72.0000,72.0000,66.20,0.00,0.00,0.00,0.00,84.71
6.1740,200.0000,200.0000,72.0000,72.0000,66.20,0.00,0.00,0.00,0.00,84.71
6.1760,200.0000,200.0000,72.0000,72.0000,66.20,0.00,0.00,0.00,0.00,84.71
6.1780,200.0000,200.0000,72.0000,72.0000,66.20,0.00,0.00,0.00,0.00,84.71
6.1800,200.0000,200.0000,72.0000,72.0000,66.20,0.00,0.00,0.00,0.00,84.71
6.1820,200.0000,200.0000,72.0000,72.0000,66.20,0.00,0.00,0.00,0.00,84.71
6.1840,200.0000,200.0000,72.0000,72.0000,66.20,0.00,0.00,0.00,0.00,84.71
6.1860,200.0000,200.0000,72.0000,72.0000,66.20,0.00,0.00,0.00,0.00,84.71
6.1880,200.0000,200.0000,72.0000,72.0000,66.20,0.00,0.00,0.00,0.00,84.71
6.1900,200.0000,200.0000,72.0000,72.0000,66.20,0.00,0.00,0.00,0.00,84.71
6.1920,200.0000,200.0000,72.0000,72.0000,66.20,0.00,0.00,0.00,0.00,84.71
6.1940,200.0000,200.0000,72.0000,72.0000,66.20,0.00,0.00,0.00,0.00,84.71
6.1960,200.0000,200.0000,72.0000,72.0000,66.20,0.00,0.00,0.00,0.00,84.71
6.1980,200.0000,200.0000,72.0000,72.0000,66.20,0.00,0.00,0.00,0.00,84.71
6.2000,200.0000,200.0000,72.0000,72.0000,66.20,0.00,0.00,85.52,0.00,0.00
6.2020,200.0000,200.0000,72.0000,72.0000,66.20,0.00,0.00,85.52,0.00,0.00
6.2040,200.0000,200.0000,72.0000,72.0000,66.20,0.00,0.00,85.52,0.00,0.00
6.2060,200.0000,200.0000,72.0000,72.0000,66.20,0.00,0.00,85.52,0.00,0.00
6.2080,200.0000,200.0000,72.0000,72.0000,66.20,0.00,0.00,85.52,0.00,0.00
6.2100,200.0000,200.0000,72.0000,72.0000,66.20,0.00,0.00,85.52,0.00,0.00
6.2120,200.0000,200.0000,72.0000,72.0000,66.20,0.00,0.00,85.52,0.00,0.00
6.2140,200.0000,200.0000,72.0000,72.0000,66.20,0.00,0.00,85.52,0.00,0.00
6.2160,200.0000,200.0000,72.0000,72.0000,66.20,0.00,0.00,85.52,0.00,0.00
6.2180,200.0000,200.0000,72.0000,72.0000,66.20,0.00,0.00,85.52,0.00,0.00
6.2200,200.0000,200.0000,72.0000,72.0000,66.20,0.00,0.00,85.52,0.00,0.00
6.2220,200.0000,200.0000,72.0000,72.0000,66.20,0.00,0.00,85.52,0.00,0.00
6.2240,200.0000,200.0000,72.0000,72.0000,66.20,0.00,0.00,85.52,0.00,0.00
6.2260,200.0000,200.0000,72.0000,72.0000,66.20,0.00,0.00,85.52,0.00,0.00
6.2280,200.0000,200.0000,72.0000,72.0000,66.20,0.00,0.00,85.52,0.00,0.00
6.2300,200.0000,200.0000,72.0000,72.0000,66.20,0.00,0.00,85.52,0.00,0.00
6.2320,200.0000,200.0000,72.0000,72.0000,66.20,0.00,0.00,85.52,0.00,0.00
6.2340,200.0000,200.0000,72.0000,72.0000,66.20,0.00,0.00,85.52,0.00,0.00
6.2360,200.0000,200.0000,72.0000,72.0000,66.20,0.00,0.00,85.52,0.00,0.00
6.2380,200.0000,200.0000,72.0000,72.0000,66.20,0.00,0.00,85.52,0.00,0.00
6.2400,200.0000,200.0000,72.0000,72.0000,66.20,0.00,0.00,85.52,0.00,0.00
6.2420,200.0000,200.0000,72.0000,72.0000,66.20,0.00,0.00,85.52,0.00,0.00
6.2440,200.0000,200.0000,72.0000,72.0000,66.20,0.00,0.00,85.52,0.00,0.00
6.2460,200.0000,200.0000,72.0000,72.0000,66.20,0.00,0.00,85.52,0.00,0.00
6.2480,200.0000,200.0000,72.0000,72.0000,66.20,0.00,0.00,85.52,0.00,0.00
6.2500,200.0000,200.0000,72.0000,72.0000,66.20,0.00,0.00,85.52,0.00,0.00
6.2520,200.0000,200.0000,72.0000,72.0000,66.20,0.00,0.00,85.52,0.00,0.00
6.2540,200.0000,200.0000,72.0000,72.0000,66.20,0.00,0.00,85.52,0.00,0.00
6.2560,200.0000,200.0000,72.0000,72.0000,66.20,0.00,0.00,85.52,0.00,0.00
6.2580,200.0000,200.0000,72.0000,72.0000,66.20,0.00,0.00,85.52,0.00,0.00
6.2600,200.0000,200.0000,72.0000,72.0000,66.20,0.00,0.00,85.52,0.00,0.00
6.2620,200.0000,200.0000,72.0000,72.0000,66.20,0.00,0.00,85.52,0.00,0.00
6.2640,200.0000,200.0000,72.0000,72.0000,66.20,0.00,0.00,85.52,0.00,0.00
6.2660,200.0000,200.0000,72.0000,72.0000,66.20,0.00,0.00,85.52,0.00,0.00
6.2680,200.0000,200.0000,72.0000,72.0000,66.20,0.00,0.00,85.52,0.00,0.00
6.2700,200.0000,200.0000,72.0000,72.0000,66.20,0.00,0.00,85.52,0.00,0.00
6.2720,200.0000,200.0000,72.0000,72.0000,66.20,0.00,0.00,85.52,0.00,0.00
6.2740,200.0000,200.0000,72.0000,72.0000,66.20,0.00,0.00,85.52,0.00,0.00
6.2760,200.0000,200.0000,72.0000,72.0000,66.20,0.00,0.00,85.52,0.00,0.00
6.2780,200.0000,200.0000,72.0000,72.0000,66.20,0.00,0.00,85.52,0.00,0.00
6.2800,200.0000,200.0000,72.0000,72.0000,66.20,0.00,0.00,85.52,0.00,0.00
6.2820,200.0000,200.0000,72.0000,72.0000,66.20,0.00,0.00,85.52,0.00,0.00
6.2840,200.0000,200.0000,72.0000,72.0000,66.20,0.00,0.00,85.52,0.00,0.00
6.2860,200.0000,200.0000,72.0000,72.0000,66.20,0.00,0.00,85.52,0.00,0.00
6.2880,200.0000,200.0000,72.0000,72.0000,66.20,0.00,0.00,85.52,0.00,0.00
6.2900,200.0000,200.0000,72.0000,72.0000,66.20,0.00,0.00,85.52,0.00,0.00
6.2920,200.0000,200.0000,72.0000,72.0000,66.20,0.00,0.00,85.52,0.00,0.00
6.2940,200.0000,200.0000,72.0000,72.0000,66.20,0.00,0.00,85.52,0.00,0.00
6.2960,200.0000,200.0000,72.0000,72.0000,66.20,0.00,0.00,85.52,0.00,0.00
6.2980,200.0000,200.0000,72.0000,72.0000,66.20,0.00,0.00,85.52,0.00,0.00
6.3000,200.0000,200.0000,72.0000,72.0000,66.20,0.00,0.00,85.52,0.00,0.00
6.3020,200.0000,200.0000,72.0000,72.0000,66.20,0.00,0.00,85.52,0.00,0.00
6.3040,200.0000,200.0000,72.0000,72.0000,66.20,0.00,0.00,85.52,0.00,0.00
6.3060,200.0000,200.0000,72.0000,72.0000,66.20,0.00,0.00,85.52,0.00,0.00
6.3080,200.0000,200.0000,72.0000,72.0000,66.20,0.00,0.00,85.52,0.00,0.00
6.3100,200.0000,200.0000,72.0000,72.0000,66.20,0.00,0.00,85.52,0.00,0.00
6.3120,200.0000,200.0000,72.0000,72.0000,66.20,0.00,0.00,85.52,0.00,0.00
6.3140,200.0000,200.0000,72.0000,72.0000,66.20,0.00,0.00,85.52,0.00,0.00
6.3160,200.0000,200.0000,72.0000,72.0000,66.20,0.00,0.00,85.52,0.00,0.00
6.3180,200.0000,200.0000,72.0000,72.0000,66.20,0.00,0.00,85.52,0.00,0.00
6.3200,200.0000,200.0000,72.0000,72.0000,66.20,0.00,0.00,85.52,0.00,0.00
6.3220,200.0000,200.0000,72.0000,72.0000,66.20,0.00,0.00,85.52,0.00,0.00
6.3240,200.0000,200.0000,72.0000,72.0000,66.20,0.00,0.00,85.52,0.00,0.00
6.3260,200.0000,200.0000,72.0000,72.0000,66.20,0.00,0.00,85.52,0.00,0.00
6.3280,200.0000,200.0000,72.0000,72.0000,66.20,0.00,0.00,85.52,0.00,0.00
6.3300,200.0000,200.0000,72.0000,72.0000,66.20,0.00,0.00,85.52,0.00,0.00
6.3320,200.0000,200.0000,72.0000,72.0000,66.20,0.00,0.00,85.52,0.00,0.00
6.3340,200.0000,200.0000,72.0000,72.0000,66.20,0.00,0.00,85.52,0.00,0.00
6.3360,200.0000,200.0000,72.0000,72.0000,66.20,0.00,0.00,85.52,0.00,0.00
6.3380,200.0000,200.0000,72.0000,72.0000,66.20,0.00,0.00,85.52,0.00,0.00
6.3400,200.0000,200.0000,72.0000,72.0000,66.20,0.00,0.00,85.52,0.00,0.00
6.3420,200.0000,200.0000,72.0000,72.0000,66.20,0.00,0.00,85.52,0.00,0.00
6.3440,200.0000,200.0000,72.0000,72.0000,66.20,0.00,0.00,0.00,0.00,84.71
6.3460,200.0000,200.0000,72.0000,72.0000,66.20,0.00,0.00,0.00,0.00,84.71
6.3480,200.0000,200.0000,72.0000,72.0000,66.20,0.00,0.00,0.00,0.00,84.71
6.3500,200.0000,200.0000,72.0000,72.0000,66.20,0.00,0.00,0.00,0.00,84.71
6.3520,200.0000,200.0000,72.0000,72.0000,66.20,0.00,0.00,0.00,0.00,84.71
6.3540,200.0000,200.0000,72.0000,72.0000,66.20,0.00,0.00,0.00,0.00,84.71
6.3560,200.0000,200.0000,72.0000,72.0000,66.20,0.00,0.00,0.00,0.00,84.71
6.3580,200.0000,200.0000,72.0000,72.0000,66.20,0.00,0.00,0.00,0.00,84.71
6.3600,200.0000,200.0000,72.0000,72.0000,66.20,0.00,0.00,0.00,0.00,84.71
6.3620,200.0000,200.0000,72.0000,72.0000,66.20,0.00,0.00,0.00,0.00,84.71
6.3640,200.0000,200.0000,72.0000,72.0000,66.20,0.00,0.00,0.00,0.00,84.71
6.3660,200.0000,200.0000,72.0000,72.0000,66.20,0.00,0.00,0.00,0.00,84.71
6.3680,200.0000,200.0000,72.0000,72.0000,66.20,0.00,0.00,0.00,0.00,84.71
6.3700,200.0000,200.0000,72.0000,72.0000,66.20,0.00,0.00,0.00,0.00,84.71
6.3720,200.0000,200.0000,72.0000,72.0000,66.20,0.00,0.00,0.00,0.00,84.71
6.3740,200.0000,200.0000,72.0000,72.0000,0.00,0.00,70.60,0.00,0.00,84.71
6.3760,200.0000,200.0000,72.0000,72.0000,0.00,0.00,70.60,0.00,0.00,84.71
6.3780,200.0000,200.0000,72.0000,72.0000,0.00,0.00,70.60,85.52,0.00,0.00
6.3800,200.0000,200.0000,72.0000,72.0000,0.00,0.00,70.60,85.52,0.00,0.00
6.3820,200.0000,200.0000,72.0000,72.0000,0.00,0.00,70.60,85.52,0.00,0.00
6.3840,200.0000,200.0000,72.0000,72.0000,0.00,0.00,70.60,85.52,0.00,0.00
6.3860,200.0000,200.0000,72.0000,72.0000,0.00,0.00,70.60,85.52,0.00,0.00
6.3880,200.0000,200.0000,72.0000,72.0000,0.00,0.00,70.60,85.52,0.00,0.00
6.3900,200.0000,200.0000,72.0000,72.0000,0.00,0.00,70.60,85.52,0.00,0.00
6.3920,200.0000,200.0000,72.0000,72.0000,0.00,0.00,70.60,85.52,0.00,0.00
6.3940,200.0000,200.0000,72.0000,72.0000,66.20,0.00,0.00,85.52,0.00,0.00
6.3960,200.0000,200.0000,72.0000,72.0000,66.20,0.00,0.00,85.52,0.00,0.00
6.3980,200.0000,200.0000,72.0000,72.0000,66.20,0.00,0.00,85.52,0.00,0.00
6.4000,200.0000,200.0000,72.0000,72.0000,66.20,0.00,0.00,85.52,0.00,0.00
6.4020,200.0000,200.0000,72.0000,72.0000,66.20,0.00,0.00,85.52,0.00,0.00
6.4040,200.0000,200.0000,72.0000,72.0000,66.20,0.00,0.00,85.52,0.00,0.00
6.4060,200.0000,200.0000,72.0000,72.0000,66.20,0.00,0.00,85.52,0.00,0.00
6.4080,200.0000,200.0000,72.0000,72.0000,66.20,0.00,0.00,85.52,0.00,0.00
6.4100,200.0000,200.0000,72.0000,72.0000,66.20,0.00,0.00,85.52,0.00,0.00
6.4120,200.0000,200.0000,72.0000,72.0000,66.20,0.00,0.00,85.52,0.00,0.00
6.4140,200.0000,200.0000,72.0000,72.0000,66.20,0.00,0.00,85.52,0.00,0.00
6.4160,200.0000,200.0000,72.0000,72.0000,66.20,0.00,0.00,85.52,0.00,0.00
6.4180,200.0000,200.0000,72.0000,72.0000,66.20,0.00,0.00,85.52,0.00,0.00
6.4200,200.0000,200.0000,72.0000,72.0000,66.20,0.00,0.00,85.52,0.00,0.00
6.4220,200.0000,200.0000,72.0000,72.0000,66.20,0.00,0.00,85.52,0.00,0.00
6.4240,200.0000,200.0000,72.0000,72.0000,66.20,0.00,0.00,85.52,0.00,0.00
6.4260,200.0000,200.0000,72.0000,72.0000,66.20,0.00,0.00,85.52,0.00,0.00
6.4280,200.0000,200.0000,72.0000,72.0000,66.20,0.00,0.00,85.52,0.00,0.00
6.4300,200.0000,200.0000,72.0000,72.0000,66.20,0.00,0.00,85.52,0.00,0.00
6.4320,200.0000,200.0000,72.0000,72.0000,66.20,0.00,0.00,85.52,0.00,0.00
6.4340,200.0000,200.0000,72.0000,72.0000,66.20,0.00,0.00,85.52,0.00,0.00
6.4360,200.0000,200.0000,72.0000,72.0000,66.20,0.00,0.00,85.52,0.00,0.00
6.4380,200.0000,200.0000,72.0000,72.0000,66.20,0.00,0.00,85.52,0.00,0.00
6.4400,200.0000,200.0000,72.0000,72.0000,66.20,0.00,0.00,85.52,0.00,0.00
6.4420,200.0000,200.0000,72.0000,72.0000,66.20,0.00,0.00,85.52,0.00,0.00
6.4440,200.0000,200.0000,72.0000,72.0000,66.20,0.00,0.00,85.52,0.00,0.00
6.4460,200.0000,200.0000,72.0000,72.0000,66.20,0.00,0.00,85.52,0.00,0.00
6.4480,200.0000,200.0000,72.0000,72.0000,66.20,0.00,0.00,85.52,0.00,0.00
6.4500,200.0000,200.0000,72.0000,72.0000,66.20,0.00,0.00,85.52,0.00,0.00
6.4520,200.0000,200.0000,72.0000,72.0000,66.20,0.00,0.00,85.52,0.00,0.00
6.4540,200.0000,200.0000,72.0000,72.0000,66.20,0.00,0.00,85.52,0.00,0.00
6.4560,200.0000,200.0000,72.0000,72.0000,66.20,0.00,0.00,85.52,0.00,0.00
6.4580,200.0000,200.0000,72.0000,72.0000,66.20,0.00,0.00,85.52,0.00,0.00
6.4600,200.0000,200.0000,72.0000,72.0000,66.20,0.00,0.00,85.52,0.00,0.00
6.4620,200.0000,200.0000,72.0000,72.0000,66.20,0.00,0.00,85.52,0.00,0.00
6.4640,200.0000,200.0000,72.0000,72.0000,66.20,0.00,0.00,85.52,0.00,0.00
6.4660,200.0000,200.0000,72.0000,72.0000,66.20,0.00,0.00,85.52,0.00,0.00
6.4680,200.0000,200.0000,72.0000,72.0000,66.20,0.00,0.00,85.52,0.00,0.00
6.4700,200.0000,200.0000,72.0000,72.0000,66.20,0.00,0.00,85.52,0.00,0.00
6.4720,200.0000,200.0000,72.0000,72.0000,66.20,0.00,0.00,85.52,0.00,0.00
6.4740,200.0000,200.0000,72.0000,72.0000,66.20,0.00,0.00,85.52,0.00,0.00
6.4760,200.0000,200.0000,72.0000,72.0000,66.20,0.00,0.00,85.52,0.00,0.00
6.4780,200.0000,200.0000,72.0000,72.0000,66.20,0.00,0.00,85.52,0.00,0.00
6.4800,200.0000,200.0000,72.0000,72.0000,66.20,0.00,0.00,85.52,0.00,0.00
6.4820,200.0000,200.0000,72.0000,72.0000,66.20,0.00,0.00,85.52,0.00,0.00
6.4840,200.0000,200.0000,72.0000,72.0000,66.20,0.00,0.00,85.52,0.00,0.00
6.4860,200.0000,200.0000,72.0000,72.0000,66.20,0.00,0.00,85.52,0.00,0.00
6.4880,200.0000,200.0000,72.0000,72.0000,66.20,0.00,0.00,85.52,0.00,0.00
6.4900,200.0000,200.0000,72.0000,72.0000,66.20,0.00,0.00,85.52,0.00,0.00
6.4920,200.0000,200.0000,72.0000,72.0000,66.20,0.00,0.00,85.52,0.00,0.00
6.4940,200.0000,200.0000,72.0000,72.0000,66.20,0.00,0.00,85.52,0.00,0.00
6.4960,200.0000,200.0000,72.0000,72.0000,66.20,0.00,0.00,85.52,0.00,0.00
6.4980,200.0000,200.0000,72.0000,72.0000,66.20,0.00,0.00,85.52,0.00,0.00
6.5000,200.0000,200.0000,72.0000,72.0000,66.20,0.00,0.00,85.52,0.00,0.00
6.5020,200.0000,200.0000,72.0000,72.0000,66.20,0.00,0.00,85.52,0.00,0.00
6.5040,200.0000,200.0000,72.0000,72.0000,66.20,0.00,0.00,85.52,0.00,0.00
6.5060,200.0000,200.0000,72.0000,72.0000,66.20,0.00,0.00,85.52,0.00,0.00
6.5080,200.0000,200.0000,72.0000,72.0000,66.20,0.00,0.00,85.52,0.00,0.00
6.5100,200.0000,200.0000,72.0000,72.0000,66.20,0.00,0.00,85.52,0.00,0.00
6.5120,200.0000,200.0000,72.0000,72.0000,66.20,0.00,0.00,85.52,0.00,0.00
6.5140,200.0000,200.0000,72.0000,72.0000,66.20,0.00,0.00,85.52,0.00,0.00
6.5160,200.0000,200.0000,72.0000,72.0000,66.20,0.00,0.00,85.52,0.00,0.00
6.5180,200.0000,200.0000,72.0000,72.0000,66.20,0.00,0.00,85.52,0.00,0.00
6.5200,200.0000,200.0000,72.0000,72.0000,66.20,0.00,0.00,85.52,0.00,0.00
6.5220,200.0000,200.0000,72.0000,72.0000,66.20,0.00,0.00,0.00,0.00,84.71
6.5240,200.0000,200.0000,72.0000,72.0000,66.20,0.00,0.00,0.00,0.00,84.71
6.5260,200.0000,200.0000,72.0000,72.0000,66.20,0.00,0.00,0.00,0.00,84.71
6.5280,200.0000,200.0000,72.0000,72.0000,66.20,0.00,0.00,0.00,0.00,84.71
6.5300,200.0000,200.0000,72.0000,72.0000,66.20,0.00,0.00,0.00,0.00,84.71
6.5320,200.0000,200.0000,72.0000,72.0000,66.20,0.00,0.00,0.00,0.00,84.71
6.5340,200.0000,200.0000,72.0000,72.0000,66.20,0.00,0.00,0.00,0.00,84.71
6.5360,200.0000,200.0000,72.0000,72.0000,66.20,0.00,0.00,0.00,0.00,84.71
6.5380,200.0000,200.0000,72.0000,72.0000,66.20,0.00,0.00,0.00,0.00,84.71
6.5400,200.0000,200.0000,72.0000,72.0000,66.20,0.00,0.00,0.00,0.00,84.71
6.5420,200.0000,200.0000,72.0000,72.0000,66.20,0.00,0.00,0.00,0.00,84.71
6.5440,200.0000,200.0000,72.0000,72.0000,66.20,0.00,0.00,0.00,0.00,84.71
6.5460,200.0000,200.0000,72.0000,72.0000,66.20,0.00,0.00,0.00,0.00,84.71
6.5480,200.0000,200.0000,72.0000,72.0000,66.20,0.00,0.00,0.00,0.00,84.71
6.5500,200.0000,200.0000,72.0000,72.0000,66.20,0.00,0.00,0.00,0.00,84.71
6.5520,200.0000,200.0000,72.0000,72.0000,66.20,0.00,0.00,0.00,0.00,84.71
6.5540,200.0000,200.0000,72.0000,72.0000,66.20,0.00,0.00,0.00,0.00,84.71
6.5560,200.0000,200.0000,72.0000,72.0000,66.20,0.00,0.00,85.52,0.00,0.00
6.5580,200.0000,200.0000,72.0000,72.0000,66.20,0.00,0.00,85.52,0.00,0.00
6.5600,200.0000,200.0000,72.0000,72.0000,66.20,0.00,0.00,85.52,0.00,0.00
6.5620,200.0000,200.0000,72.0000,72.0000,66.20,0.00,0.00,85.52,0.00,0.00
6.5640,200.0000,200.0000,72.0000,72.0000,66.20,0.00,0.00,85.52,0.00,0.00
6.5660,200.0000,200.0000,72.0000,72.0000,66.20,0.00,0.00,85.52,0.00,0.00
6.5680,200.0000,200.0000,72.0000,72.0000,66.20,0.00,0.00,85.52,0.00,0.00
6.5700,200.0000,200.0000,72.0000,72.0000,66.20,0.00,0.00,85.52,0.00,0.00
6.5720,200.0000,200.0000,72.0000,72.0000,66.20,0.00,0.00,85.52,0.00,0.00
6.5740,200.0000,200.0000,72.0000,72.0000,66.20,0.00,0.00,85.52,0.00,0.00
6.5760,200.0000,200.0000,72.0000,72.0000,66.20,0.00,0.00,85.52,0.00,0.00
6.5780,200.0000,200.0000,72.0000,72.0000,66.20,0.00,0.00,85.52,0.00,0.00
6.5800,200.0000,200.0000,72.0000,72.0000,66.20,0.00,0.00,85.52,0.00,0.00
6.5820,200.0000,200.0000,72.0000,72.0000,66.20,0.00,0.00,85.52,0.00,0.00
6.5840,200.0000,200.0000,72.0000,72.0000,66.20,0.00,0.00,85.52,0.00,0.00
6.5860,200.0000,200.0000,72.0000,72.0000,66.20,0.00,0.00,85.52,0.00,0.00
6.5880,200.0000,200.0000,72.0000,72.0000,66.20,0.00,0.00,85.52,0.00,0.00
6.5900,200.0000,200.0000,72.0000,72.0000,66.20,0.00,0.00,85.52,0.00,0.00
6.5920,200.0000,200.0000,72.0000,72.0000,66.20,0.00,0.00,85.52,0.00,0.00
6.5940,200.0000,200.0000,72.0000,72.0000,66.20,0.00,0.00,85.52,0.00,0.00
6.5960,200.0000,200.0000,72.0000,72.0000,66.20,0.00,0.00,85.52,0.00,0.00
6.5980,200.0000,200.0000,72.0000,72.0000,66.20,0.00,0.00,85.52,0.00,0.00
6.6000,200.0000,200.0000,72.0000,72.0000,66.20,0.00,0.00,85.52,0.00,0.00
6.6020,200.0000,200.0000,72.0000,72.0000,66.20,0.00,0.00,85.52,0.00,0.00
6.6040,200.0000,200.0000,72.0000,72.0000,0.00,0.00,70.60,85.52,0.00,0.00
6.6060,200.0000,200.0000,72.0000,72.0000,0.00,0.00,70.60,85.52,0.00,0.00
6.6080,200.0000,200.0000,72.0000,72.0000,0.00,0.00,70.60,85.52,0.00,0.00
6.6100,200.0000,200.0000,72.0000,72.0000,0.00,0.00,70.60,85.52,0.00,0.00
6.6120,200.0000,200.0000,72.0000,72.0000,0.00,0.00,70.60,85.52,0.00,0.00
6.6140,200.0000,200.0000,72.0000,72.0000,0.00,0.00,70.60,85.52,0.00,0.00
6.6160,200.0000,200.0000,72.0000,72.0000,0.00,0.00,70.60,85.52,0.00,0.00
6.6180,200.0000,200.0000,72.0000,72.0000,0.00,0.00,70.60,85.52,0.00,0.00
6.6200,200.0000,200.0000,72.0000,72.0000,0.00,0.00,70.60,85.52,0.00,0.00
6.6220,200.0000,200.0000,72.0000,72.0000,0.00,0.00,70.60,85.52,0.00,0.00
6.6240,200.0000,200.0000,72.0000,72.0000,66.20,0.00,0.00,85.52,0.00,0.00
6.6260,200.0000,200.0000,72.0000,72.0000,66.20,0.00,0.00,85.52,0.00,0.00
6.6280,200.0000,200.0000,72.0000,72.0000,66.20,0.00,0.00,85.52,0.00,0.00
6.6300,200.0000,200.0000,72.0000,72.0000,66.20,0.00,0.00,85.52,0.00,0.00
6.6320,200.0000,200.0000,72.0000,72.0000,66.20,0.00,0.00,85.52,0.00,0.00
6.6340,200.0000,200.0000,72.0000,72.0000,66.20,0.00,0.00,85.52,0.00,0.00
6.6360,200.0000,200.0000,72.0000,72.0000,66.20,0.00,0.00,85.52,0.00,0.00
6.6380,200.0000,200.0000,72.0000,72.0000,66.20,0.00,0.00,85.52,0.00,0.00
6.6400,200.0000,200.0000,72.0000,72.0000,66.20,0.00,0.00,85.52,0.00,0.00
6.6420,200.0000,200.0000,72.0000,72.0000,66.20,0.00,0.00,85.52,0.00,0.00
6.6440,200.0000,200.0000,72.0000,72.0000,66.20,0.00,0.00,85.52,0.00,0.00
6.6460,200.0000,200.0000,72.0000,72.0000,66.20,0.00,0.00,85.52,0.00,0.00
6.6480,200.0000,200.0000,72.0000,72.0000,66.20,0.00,0.00,85.52,0.00,0.00
6.6500,200.0000,200.0000,72.0000,72.0000,66.20,0.00,0.00,85.52,0.00,0.00
6.6520,200.0000,200.0000,72.0000,72.0000,66.20,0.00,0.00,85.52,0.00,0.00
6.6540,200.0000,200.0000,72.0000,72.0000,66.20,0.00,0.00,85.52,0.00,0.00
6.6560,200.0000,200.0000,72.0000,72.0000,66.20,0.00,0.00,85.52,0.00,0.00
6.6580,200.0000,200.0000,72.0000,72.0000,66.20,0.00,0.00,85.52,0.00,0.00
6.6600,200.0000,200.0000,72.0000,72.0000,66.20,0.00,0.00,85.52,0.00,0.00
6.6620,200.0000,200.0000,72.0000,72.0000,66.20,0.00,0.00,85.52,0.00,0.00
6.6640,200.0000,200.0000,72.0000,72.0000,66.20,0.00,0.00,85.52,0.00,0.00
6.6660,200.0000,200.0000,72.0000,72.0000,66.20,0.00,0.00,85.52,0.00,0.00
6.6680,200.0000,200.0000,72.0000,72.0000,66.20,0.00,0.00,85.52,0.00,0.00
6.6700,200.0000,200.0000,72.0000,72.0000,66.20,0.00,0.00,85.52,0.00,0.00
6.6720,200.0000,200.0000,72.0000,72.0000,66.20,0.00,0.00,85.52,0.00,0.00
6.6740,200.0000,200.0000,72.0000,72.0000,66.20,0.00,0.00,85.52,0.00,0.00
6.6760,200.0000,200.0000,72.0000,72.0000,66.20,0.00,0.00,85.52,0.00,0.00
6.6780,200.0000,200.0000,72.0000,72.0000,66.20,0.00,0.00,85.52,0.00,0.00
6.6800,200.0000,200.0000,72.0000,72.0000,66.20,0.00,0.00,85.52,0.00,0.00
6.6820,200.0000,200.0000,72.0000,72.0000,66.20,0.00,0.00,85.52,0.00,0.00
6.6840,200.0000,200.0000,72.0000,72.0000,66.20,0.00,0.00,85.52,0.00,0.00
6.6860,200.0000,200.0000,72.0000,72.0000,66.20,0.00,0.00,85.52,0.00,0.00
6.6880,200.0000,200.0000,72.0000,72.0000,66.20,0.00,0.00,85.52,0.00,0.00
6.6900,200.0000,200.0000,72.0000,72.0000,66.20,0.00,0.00,85.52,0.00,0.00
6.6920,200.0000,200.0000,72.0000,72.0000,66.20,0.00,0.00,85.52,0.00,0.00
6.6940,200.0000,200.0000,72.0000,72.0000,66.20,0.00,0.00,85.52,0.00,0.00
6.6960,200.0000,200.0000,72.0000,72.0000,66.20,0.00,0.00,85.52,0.00,0.00
6.6980,200.0000,200.0000,72.0000,72.0000,66.20,0.00,0.00,85.52,0.00,0.00
6.7000,200.0000,200.0000,72.0000,72.0000,66.20,0.00,0.00,0.00,0.00,84.71
6.7020,200.0000,200.0000,72.0000,72.0000,66.20,0.00,0.00,0.00,0.00,84.71
6.7040,200.0000,200.0000,72.0000,72.0000,66.20,0.00,0.00,0.00,0.00,84.71
6.7060,200.0000,200.0000,72.0000,72.0000,66.20,0.00,0.00,0.00,0.00,84.71
6.7080,200.0000,200.0000,72.0000,72.0000,66.20,0.00,0.00,0.00,0.00,84.71
6.7100,200.0000,200.0000,72.0000,72.0000,66.20,0.00,0.00,0.00,0.00,84.71
6.7120,200.0000,200.0000,72.0000,72.0000,66.20,0.00,0.00,0.00,0.00,84.71
6.7140,200.0000,200.0000,72.0000,72.0000,66.20,0.00,0.00,0.00,0.00,84.71
6.7160,200.0000,200.0000,72.0000,72.0000,66.20,0.00,0.00,0.00,0.00,84.71
6.7180,200.0000,200.0000,72.0000,72.0000,66.20,0.00,0.00,0.00,0.00,84.71
6.7200,200.0000,200.0000,72.0000,72.0000,66.20,0.00,0.00,0.00,0.00,84.71
6.7220,200.0000,200.0000,72.0000,72.0000,66.20,0.00,0.00,0.00,0.00,84.71
6.7240,200.0000,200.0000,72.0000,72.0000,66.20,0.00,0.00,0.00,0.00,84.71
6.7260,200.0000,200.0000,72.0000,72.0000,66.20,0.00,0.00,0.00,0.00,84.71
6.7280,200.0000,200.0000,72.0000,72.0000,66.20,0.00,0.00,0.00,0.00,84.71
6.7300,200.0000,200.0000,72.0000,72.0000,66.20,0.00,0.00,0.00,0.00,84.71
6.7320,200.0000,200.0000,72.0000,72.0000,66.20,0.00,0.00,0.00,0.00,84.71
6.7340,200.0000,200.0000,72.0000,72.0000,66.20,0.00,0.00,85.52,0.00,0.00
6.7360,200.0000,200.0000,72.0000,72.0000,66.20,0.00,0.00,85.52,0.00,0.00
6.7380,200.0000,200.0000,72.0000,72.0000,66.20,0.00,0.00,85.52,0.00,0.00
6.7400,200.0000,200.0000,72.0000,72.0000,66.20,0.00,0.00,85.52,0.00,0.00
6.7420,200.0000,200.0000,72.0000,72.0000,66.20,0.00,0.00,85.52,0.00,0.00
6.7440,200.0000,200.0000,72.0000,72.0000,66.20,0.00,0.00,85.52,0.00,0.00
6.7460,200.0000,200.0000,72.0000,72.0000,66.20,0.00,0.00,85.52,0.00,0.00
6.7480,200.0000,200.0000,72.0000,72.0000,66.20,0.00,0.00,85.52,0.00,0.00
6.7500,200.0000,200.0000,72.0000,72.0000,66.20,0.00,0.00,85.52,0.00,0.00
6.7520,200.0000,200.0000,72.0000,72.0000,66.20,0.00,0.00,85.52,0.00,0.00
6.7540,200.0000,200.0000,72.0000,72.0000,66.20,0.00,0.00,85.52,0.00,0.00
6.7560,200.0000,200.0000,72.0000,72.0000,66.20,0.00,0.00,85.52,0.00,0.00
6.7580,200.0000,200.0000,72.0000,72.0000,66.20,0.00,0.00,85.52,0.00,0.00
6.7600,200.0000,200.0000,72.0000,72.0000,66.20,0.00,0.00,85.52,0.00,0.00
6.7620,200.0000,200.0000,72.0000,72.0000,66.20,0.00,0.00,85.52,0.00,0.00
6.7640,200.0000,200.0000,72.0000,72.0000,66.20,0.00,0.00,85.52,0.00,0.00
6.7660,200.0000,200.0000,72.0000,72.0000,66.20,0.00,0.00,85.52,0.00,0.00
6.7680,200.0000,200.0000,72.0000,72.0000,66.20,0.00,0.00,85.52,0.00,0.00
6.7700,200.0000,200.0000,72.0000,72.0000,66.20,0.00,0.00,85.52,0.00,0.00
6.7720,200.0000,200.0000,72.0000,72.0000,66.20,0.00,0.00,85.52,0.00,0.00
6.7740,200.0000,200.0000,72.0000,72.0000,66.20,0.00,0.00,85.52,0.00,0.00
6.7760,200.0000,200.0000,72.0000,72.0000,66.20,0.00,0.00,85.52,0.00,0.00
6.7780,200.0000,200.0000,72.0000,72.0000,66.20,0.00,0.00,85.52,0.00,0.00
6.7800,200.0000,200.0000,72.0000,72.0000,66.20,0.00,0.00,85.52,0.00,0.00
6.7820,200.0000,200.0000,72.0000,72.0000,66.20,0.00,0.00,85.52,0.00,0.00
6.7840,200.0000,200.0000,72.0000,72.0000,66.20,0.00,0.00,85.52,0.00,0.00
6.7860,200.0000,200.0000,72.0000,72.0000,66.20,0.00,0.00,85.52,0.00,0.00
6.7880,200.0000,200.0000,72.0000,72.0000,66.20,0.00,0.00,85.52,0.00,0.00
6.7900,200.0000,200.0000,72.0000,72.0000,66.20,0.00,0.00,85.52,0.00,0.00
6.7920,200.0000,200.0000,72.0000,72.0000,66.20,0.00,0.00,85.52,0.00,0.00
6.7940,200.0000,200.0000,72.0000,72.0000,66.20,0.00,0.00,85.52,0.00,0.00
6.7960,200.0000,200.0000,72.0000,72.0000,66.20,0.00,0.00,85.52,0.00,0.00
6.7980,200.0000,200.0000,72.0000,72.0000,66.20,0.00,0.00,85.52,0.00,0.00
6.8000,200.0000,200.0000,72.0000,72.0000,66.20,0.00,0.00,85.52,0.00,0.00
6.8020,200.0000,200.0000,72.0000,72.0000,66.20,0.00,0.00,85.52,0.00,0.00
6.8040,200.0000,200.0000,72.0000,72.0000,66.20,0.00,0.00,85.52,0.00,0.00
6.8060,200.0000,200.0000,72.0000,72.0000,66.20,0.00,0.00,85.52,0.00,0.00
6.8080,200.0000,200.0000,72.0000,72.0000,66.20,0.00,0.00,85.52,0.00,0.00
6.8100,200.0000,200.0000,72.0000,72.0000,66.20,0.00,0.00,85.52,0.00,0.00
6.8120,200.0000,200.0000,72.0000,72.0000,66.20,0.00,0.00,85.52,0.00,0.00
6.8140,200.0000,200.0000,72.0000,72.0000,66.20,0.00,0.00,85.52,0.00,0.00
6.8160,200.0000,200.0000,72.0000,72.0000,66.20,0.00,0.00,85.52,0.00,0.00
6.8180,200.0000,200.0000,72.0000,72.0000,66.20,0.00,0.00,85.52,0.00,0.00
6.8200,200.0000,200.0000,72.0000,72.0000,66.20,0.00,0.00,85.52,0.00,0.00
6.8220,200.0000,200.0000,72.0000,72.0000,66.20,0.00,0.00,85.52,0.00,0.00
6.8240,200.0000,200.0000,72.0000,72.0000,66.20,0.00,0.00,85.52,0.00,0.00
6.8260,200.0000,200.0000,72.0000,72.0000,66.20,0.00,0.00,85.52,0.00,0.00
6.8280,200.0000,200.0000,72.0000,72.0000,66.20,0.00,0.00,85.52,0.00,0.00
6.8300,200.0000,200.0000,72.0000,72.0000,66.20,0.00,0.00,85.52,0.00,0.00
6.8320,200.0000,200.0000,72.0000,72.0000,66.20,0.00,0.00,85.52,0.00,0.00
6.8340,200.0000,200.0000,72.0000,72.0000,0.00,0.00,70.60,85.52,0.00,0.00
6.8360,200.0000,200.0000,72.0000,72.0000,0.00,0.00,70.60,85.52,0.00,0.00
6.8380,200.0000,200.0000,72.0000,72.0000,0.00,0.00,70.60,85.52,0.00,0.00
6.8400,200.0000,200.0000,72.0000,72.0000,0.00,0.00,70.60,85.52,0.00,0.00
6.8420,200.0000,200.0000,72.0000,72.0000,0.00,0.00,70.60,85.52,0.00,0.00
6.8440,200.0000,200.0000,72.0000,72.0000,0.00,0.00,70.60,85.52,0.00,0.00
6.8460,200.0000,200.0000,72.0000,72.0000,0.00,0.00,70.60,85.52,0.00,0.00
6.8480,200.0000,200.0000,72.0000,72.0000,0.00,0.00,70.60,85.52,0.00,0.00
6.8500,200.0000,200.0000,72.0000,72.0000,0.00,0.00,70.60,85.52,0.00,0.00
6.8520,200.0000,200.0000,72.0000,72.0000,0.00,0.00,70.60,85.52,0.00,0.00
6.8540,200.0000,200.0000,72.0000,72.0000,66.20,0.00,0.00,85.52,0.00,0.00
6.8560,200.0000,200.0000,72.0000,72.0000,66.20,0.00,0.00,85.52,0.00,0.00
6.8580,200.0000,200.0000,72.0000,72.0000,66.20,0.00,0.00,85.52,0.00,0.00
6.8600,200.0000,200.0000,72.0000,72.0000,66.20,0.00,0.00,85.52,0.00,0.00
6.8620,200.0000,200.0000,72.0000,72.0000,66.20,0.00,0.00,85.52,0.00,0.00
6.8640,200.0000,200.0000,72.0000,72.0000,66.20,0.00,0.00,85.52,0.00,0.00
6.8660,200.0000,200.0000,72.0000,72.0000,66.20,0.00,0.00,85.52,0.00,0.00
6.8680,200.0000,200.0000,72.0000,72.0000,66.20,0.00,0.00,85.52,0.00,0.00
6.8700,200.0000,200.0000,72.0000,72.0000,66.20,0.00,0.00,85.52,0.00,0.00
6.8720,200.0000,200.0000,72.0000,72.0000,66.20,0.00,0.00,85.52,0.00,0.00
6.8740,200.0000,200.0000,72.0000,72.0000,66.20,0.00,0.00,85.52,0.00,0.00
6.8760,200.0000,200.0000,72.0000,72.0000,66.20,0.00,0.00,85.52,0.00,0.00
6.8780,200.0000,200.0000,72.0000,72.0000,66.20,0.00,0.00,0.00,0.00,84.71
6.8800,200.0000,200.0000,72.0000,72.0000,66.20,0.00,0.00,0.00,0.00,84.71
6.8820,200.0000,200.0000,72.0000,72.0000,66.20,0.00,0.00,0.00,0.00,84.71
6.8840,200.0000,200.0000,72.0000,72.0000,66.20,0.00,0.00,0.00,0.00,84.71
6.8860,200.0000,200.0000,72.0000,72.0000,66.20,0.00,0.00,0.00,0.00,84.71
6.8880,200.0000,200.0000,72.0000,72.0000,66.20,0.00,0.00,0.00,0.00,84.71
6.8900,200.0000,200.0000,72.0000,72.0000,66.20,0.00,0.00,0.00,0.00,84.71
6.8920,200.0000,200.0000,72.0000,72.0000,66.20,0.00,0.00,0.00,0.00,84.71
6.8940,200.0000,200.0000,72.0000,72.0000,66.20,0.00,0.00,0.00,0.00,84.71
6.8960,200.0000,200.0000,72.0000,72.0000,66.20,0.00,0.00,0.00,0.00,84.71
6.8980,200.0000,200.0000,72.0000,72.0000,66.20,0.00,0.00,0.00,0.00,84.71
6.9000,200.0000,200.0000,72.0000,72.0000,66.20,0.00,0.00,0.00,0.00,84.71
6.9020,200.0000,200.0000,72.0000,72.0000,66.20,0.00,0.00,0.00,0.00,84.71
6.9040,200.0000,200.0000,72.0000,72.0000,66.20,0.00,0.00,0.00,0.00,84.71
6.9060,200.0000,200.0000,72.0000,72.0000,66.20,0.00,0.00,0.00,0.00,84.71
6.9080,200.0000,200.0000,72.0000,72.0000,66.20,0.00,0.00,0.00,0.00,84.71
6.9100,200.0000,200.0000,72.0000,72.0000,66.20,0.00,0.00,0.00,0.00,84.71
6.9120,200.0000,200.0000,72.0000,72.0000,66.20,0.00,0.00,85.52,0.00,0.00
6.9140,200.0000,200.0000,72.0000,72.0000,66.20,0.00,0.00,85.52,0.00,0.00
6.9160,200.0000,200.0000,72.0000,72.0000,66.20,0.00,0.00,85.52,0.00,0.00
6.9180,200.0000,200.0000,72.0000,72.0000,66.20,0.00,0.00,85.52,0.00,0.00
6.9200,200.0000,200.0000,72.0000,72.0000,66.20,0.00,0.00,85.52,0.00,0.00
6.9220,200.0000,200.0000,72.0000,72.0000,66.20,0.00,0.00,85.52,0.00,0.00
6.9240,200.0000,200.0000,72.0000,72.0000,66.20,0.00,0.00,85.52,0.00,0.00
6.9260,200.0000,200.0000,72.0000,72.0000,66.20,0.00,0.00,85.52,0.00,0.00
6.9280,200.0000,200.0000,72.0000,72.0000,66.20,0.00,0.00,85.52,0.00,0.00
6.9300,200.0000,200.0000,72.0000,72.0000,66.20,0.00,0.00,85.52,0.00,0.00
6.9320,200.0000,200.0000,72.0000,72.0000,66.20,0.00,0.00,85.52,0.00,0.00
6.9340,200.0000,200.0000,72.0000,72.0000,66.20,0.00,0.00,85.52,0.00,0.00
6.9360,200.0000,200.0000,72.0000,72.0000,66.20,0.00,0.00,85.52,0.00,0.00
6.9380,200.0000,200.0000,72.0000,72.0000,66.20,0.00,0.00,85.52,0.00,0.00
6.9400,200.0000,200.0000,72.0000,72.0000,66.20,0.00,0.00,85.52,0.00,0.00
6.9420,200.0000,200.0000,72.0000,72.0000,66.20,0.00,0.00,85.52,0.00,0.00
6.9440,200.0000,200.0000,72.0000,72.0000,66.20,0.00,0.00,85.52,0.00,0.00
6.9460,200.0000,200.0000,72.0000,72.0000,66.20,0.00,0.00,85.52,0.00,0.00
6.9480,200.0000,200.0000,72.0000,72.0000,66.20,0.00,0.00,85.52,0.00,0.00
6.9500,200.0000,200.0000,72.0000,72.0000,66.20,0.00,0.00,85.52,0.00,0.00
6.9520,200.0000,200.0000,72.0000,72.0000,66.20,0.00,0.00,85.52,0.00,0.00
6.9540,200.0000,200.0000,72.0000,72.0000,66.20,0.00,0.00,85.52,0.00,0.00
6.9560,200.0000,200.0000,72.0000,72.0000,66.20,0.00,0.00,85.52,0.00,0.00
6.9580,200.0000,200.0000,72.0000,72.0000,66.20,0.00,0.00,85.52,0.00,0.00
6.9600,200.0000,200.0000,72.0000,72.0000,66.20,0.00,0.00,85.52,0.00,0.00
6.9620,200.0000,200.0000,72.0000,72.0000,66.20,0.00,0.00,85.52,0.00,0.00
6.9640,200.0000,200.0000,72.0000,72.0000,66.20,0.00,0.00,85.52,0.00,0.00
6.9660,200.0000,200.0000,72.0000,72.0000,66.20,0.00,0.00,85.52,0.00,0.00
6.9680,200.0000,200.0000,72.0000,72.0000,66.20,0.00,0.00,85.52,0.00,0.00
6.9700,200.0000,200.0000,72.0000,72.0000,66.20,0.00,0.00,85.52,0.00,0.00
6.9720,200.0000,200.0000,72.0000,72.0000,66.20,0.00,0.00,85.52,0.00,0.00
6.9740,200.0000,200.0000,72.0000,72.0000,66.20,0.00,0.00,85.52,0.00,0.00
6.9760,200.0000,200.0000,72.0000,72.0000,66.20,0.00,0.00,85.52,0.00,0.00
6.9780,200.0000,200.0000,72.0000,72.0000,66.20,0.00,0.00,85.52,0.00,0.00
6.9800,200.0000,200.0000,72.0000,72.0000,66.20,0.00,0.00,85.52,0.00,0.00
6.9820,200.0000,200.0000,72.0000,72.0000,66.20,0.00,0.00,85.52,0.00,0.00
6.9840,200.0000,200.0000,72.0000,72.0000,66.20,0.00,0.00,85.52,0.00,0.00
6.9860,200.0000,200.0000,72.0000,72.0000,66.20,0.00,0.00,85.52,0.00,0.00
6.9880,200.0000,200.0000,72.0000,72.0000,66.20,0.00,0.00,85.52,0.00,0.00
6.9900,200.0000,200.0000,72.0000,72.0000,66.20,0.00,0.00,85.52,0.00,0.00
6.9920,200.0000,200.0000,72.0000,72.0000,66.20,0.00,0.00,85.52,0.00,0.00
6.9940,200.0000,200.0000,72.0000,72.0000,66.20,0.00,0.00,85.52,0.00,0.00
6.9960,200.0000,200.0000,72.0000,72.0000,66.20,0.00,0.00,85.52,0.00,0.00
6.9980,200.0000,200.0000,72.0000,72.0000,66.20,0.00,0.00,85.52,0.00,0.00
7.0000,200.0000,200.0000,72.0000,72.0000,66.20,0.00,0.00,85.52,0.00,0.00
7.0020,200.0000,200.0000,72.0000,72.0000,66.20,0.00,0.00,85.52,0.00,0.00
7.0040,200.0000,200.0000,72.0000,72.0000,66.20,0.00,0.00,85.52,0.00,0.00
7.0060,200.0000,200.0000,72.0000,72.0000,66.20,0.00,0.00,85.52,0.00,0.00
7.0080,200.0000,200.0000,72.0000,72.0000,66.20,0.00,0.00,85.52,0.00,0.00
7.0100,200.0000,200.0000,72.0000,72.0000,66.20,0.00,0.00,85.52,0.00,0.00
7.0120,200.0000,200.0000,72.0000,72.0000,66.20,0.00,0.00,85.52,0.00,0.00
7.0140,200.0000,200.0000,72.0000,72.0000,66.20,0.00,0.00,85.52,0.00,0.00
7.0160,200.0000,200.0000,72.0000,72.0000,66.20,0.00,0.00,85.52,0.00,0.00
7.0180,200.0000,200.0000,72.0000,72.0000,66.20,0.00,0.00,85.52,0.00,0.00
7.0200,200.0000,200.0000,72.0000,72.0000,66.20,0.00,0.00,85.52,0.00,0.00
7.0220,200.0000,200.0000,72.0000,72.0000,66.20,0.00,0.00,85.52,0.00,0.00
7.0240,200.0000,200.0000,72.0000,72.0000,66.20,0.00,0.00,85.52,0.00,0.00
7.0260,200.0000,200.0000,72.0000,72.0000,66.20,0.00,0.00,85.52,0.00,0.00
7.0280,200.0000,200.0000,72.0000,72.0000,66.20,0.00,0.00,85.52,0.00,0.00
7.0300,200.0000,200.0000,72.0000,72.0000,66.20,0.00,0.00,85.52,0.00,0.00
7.0320,200.0000,200.0000,72.0000,72.0000,66.20,0.00,0.00,85.52,0.00,0.00
7.0340,200.0000,200.0000,72.0000,72.0000,66.20,0.00,0.00,85.52,0.00,0.00
7.0360,200.0000,200.0000,72.0000,72.0000,66.20,0.00,0.00,85.52,0.00,0.00
7.0380,200.0000,200.0000,72.0000,72.0000,66.20,0.00,0.00,85.52,0.00,0.00
7.0400,200.0000,200.0000,72.0000,72.0000,66.20,0.00,0.00,85.52,0.00,0.00
7.0420,200.0000,200.0000,72.0000,72.0000,66.20,0.00,0.00,85.52,0.00,0.00
7.0440,200.0000,200.0000,72.0000,72.0000,66.20,0.00,0.00,85.52,0.00,0.00
7.0460,200.0000,200.0000,72.0000,72.0000,66.20,0.00,0.00,85.52,0.00,0.00
7.0480,200.0000,200.0000,72.0000,72.0000,66.20,0.00,0.00,85.52,0.00,0.00
7.0500,200.0000,200.0000,72.0000,72.0000,66.20,0.00,0.00,85.52,0.00,0.00
7.0520,200.0000,200.0000,72.0000,72.0000,66.20,0.00,0.00,85.52,0.00,0.00
7.0540,200.0000,200.0000,72.0000,72.0000,66.20,0.00,0.00,85.52,0.00,0.00
7.0560,200.0000,200.0000,72.0000,72.0000,66.20,0.00,0.00,0.00,0.00,84.71
7.0580,200.0000,200.0000,72.0000,72.0000,66.20,0.00,0.00,0.00,0.00,84.71
7.0600,200.0000,200.0000,72.0000,72.0000,66.20,0.00,0.00,0.00,0.00,84.71
7.0620,200.0000,200.0000,72.0000,72.0000,66.20,0.00,0.00,0.00,0.00,84.71
7.0640,200.0000,200.0000,72.0000,72.0000,0.00,0.00,70.60,0.00,0.00,84.71
7.0660,200.0000,200.0000,72.0000,72.0000,0.00,0.00,70.60,0.00,0.00,84.71
7.0680,200.0000,200.0000,72.0000,72.0000,0.00,0.00,70.60,0.00,0.00,84.71
7.0700,200.0000,200.0000,72.0000,72.0000,0.00,0.00,70.60,0.00,0.00,84.71
7.0720,200.0000,200.0000,72.0000,72.0000,0.00,0.00,70.60,0.00,0.00,84.71
7.0740,200.0000,200.0000,72.0000,72.0000,0.00,0.00,70.60,0.00,0.00,84.71
7.0760,200.0000,200.0000,72.0000,72.0000,0.00,0.00,70.60,0.00,0.00,84.71
7.0780,200.0000,200.0000,72.0000,72.0000,0.00,0.00,70.60,0.00,0.00,84.71
7.0800,200.0000,200.0000,72.0000,72.0000,0.00,0.00,70.60,0.00,0.00,84.71
7.0820,200.0000,200.0000,72.0000,72.0000,0.00,0.00,70.60,0.00,0.00,84.71
7.0840,200.0000,200.0000,72.0000,72.0000,66.20,0.00,0.00,0.00,0.00,84.71
7.0860,200.0000,200.0000,72.0000,72.0000,66.20,0.00,0.00,0.00,0.00,84.71
7.0880,200.0000,200.0000,72.0000,72.0000,66.20,0.00,0.00,0.00,0.00,84.71
7.0900,200.0000,200.0000,72.0000,72.0000,66.20,0.00,0.00,85.52,0.00,0.00
7.0920,200.0000,200.0000,72.0000,72.0000,66.20,0.00,0.00,85.52,0.00,0.00
7.0940,200.0000,200.0000,72.0000,72.0000,66.20,0.00,0.00,85.52,0.00,0.00
7.0960,200.0000,200.0000,72.0000,72.0000,66.20,0.00,0.00,85.52,0.00,0.00
7.0980,200.0000,200.0000,72.0000,72.0000,66.20,0.00,0.00,85.52,0.00,0.00
7.1000,200.0000,200.0000,72.0000,72.0000,66.20,0.00,0.00,85.52,0.00,0.00
7.1020,200.0000,200.0000,72.0000,72.0000,66.20,0.00,0.00,85.52,0.00,0.00
7.1040,200.0000,200.0000,72.0000,72.0000,66.20,0.00,0.00,85.52,0.00,0.00
7.1060,200.0000,200.0000,72.0000,72.0000,66.20,0.00,0.00,85.52,0.00,0.00
7.1080,200.0000,200.0000,72.0000,72.0000,66.20,0.00,0.00,85.52,0.00,0.00
7.1100,200.0000,200.0000,72.0000,72.0000,66.20,0.00,0.00,85.52,0.00,0.00
7.1120,200.0000,200.0000,72.0000,72.0000,66.20,0.00,0.00,85.52,0.00,0.00
7.1140,200.0000,200.0000,72.0000,72.0000,66.20,0.00,0.00,85.52,0.00,0.00
7.1160,200.0000,200.0000,72.0000,72.0000,66.20,0.00,0.00,85.52,0.00,0.00
7.1180,200.0000,200.0000,72.0000,72.0000,66.20,0.00,0.00,85.52,0.00,0.00
7.1200,200.0000,200.0000,72.0000,72.0000,66.20,0.00,0.00,85.52,0.00,0.00
7.1220,200.0000,200.0000,72.0000,72.0000,66.20,0.00,0.00,85.52,0.00,0.00
7.1240,200.0000,200.0000,72.0000,72.0000,66.20,0.00,0.00,85.52,0.00,0.00
7.1260,200.0000,200.0000,72.0000,72.0000,66.20,0.00,0.00,85.52,0.00,0.00
7.1280,200.0000,200.0000,72.0000,72.0000,66.20,0.00,0.00,85.52,0.00,0.00
7.1300,200.0000,200.0000,72.0000,72.0000,66.20,0.00,0.00,85.52,0.00,0.00
7.1320,200.0000,200.0000,72.0000,72.0000,66.20,0.00,0.00,85.52,0.00,0.00
7.1340,200.0000,200.0000,72.0000,72.0000,66.20,0.00,0.00,85.52,0.00,0.00
7.1360,200.0000,200.0000,72.0000,72.0000,66.20,0.00,0.00,85.52,0.00,0.00
7.1380,200.0000,200.0000,72.0000,72.0000,66.20,0.00,0.00,85.52,0.00,0.00
7.1400,200.0000,200.0000,72.0000,72.0000,66.20,0.00,0.00,85.52,0.00,0.00
7.1420,200.0000,200.0000,72.0000,72.0000,66.20,0.00,0.00,85.52,0.00,0.00
7.1440,200.0000,200.0000,72.0000,72.0000,66.20,0.00,0.00,85.52,0.00,0.00
7.1460,200.0000,200.0000,72.0000,72.0000,66.20,0.00,0.00,85.52,0.00,0.00
7.1480,200.0000,200.0000,72.0000,72.0000,66.20,0.00,0.00,85.52,0.00,0.00
7.1500,200.0000,200.0000,72.0000,72.0000,66.20,0.00,0.00,85.52,0.00,0.00
7.1520,200.0000,200.0000,72.0000,72.0000,66.20,0.00,0.00,85.52,0.00,0.00
7.1540,200.0000,200.0000,72.0000,72.0000,66.20,0.00,0.00,85.52,0.00,0.00
7.1560,200.0000,200.0000,72.0000,72.0000,66.20,0.00,0.00,85.52,0.00,0.00
7.1580,200.0000,200.0000,72.0000,72.0000,66.20,0.00,0.00,85.52,0.00,0.00
7.1600,200.0000,200.0000,72.0000,72.0000,66.20,0.00,0.00,85.52,0.00,0.00
7.1620,200.0000,200.0000,72.0000,72.0000,66.20,0.00,0.00,85.52,0.00,0.00
7.1640,200.0000,200.0000,72.0000,72.0000,66.20,0.00,0.00,85.52,0.00,0.00
7.1660,200.0000,200.0000,72.0000,72.0000,66.20,0.00,0.00,85.52,0.00,0.00
7.1680,200.0000,200.0000,72.0000,72.0000,66.20,0.00,0.00,85.52,0.00,0.00
7.1700,200.0000,200.0000,72.0000,72.0000,66.20,0.00,0.00,85.52,0.00,0.00
7.1720,200.0000,200.0000,72.0000,72.0000,66.20,0.00,0.00,85.52,0.00,0.00
7.1740,200.0000,200.0000,72.0000,72.0000,66.20,0.00,0.00,85.52,0.00,0.00
7.1760,200.0000,200.0000,72.0000,72.0000,66.20,0.00,0.00,85.52,0.00,0.00
7.1780,200.0000,200.0000,72.0000,72.0000,66.20,0.00,0.00,85.52,0.00,0.00
7.1800,200.0000,200.0000,72.0000,72.0000,66.20,0.00,0.00,85.52,0.00,0.00
7.1820,200.0000,200.0000,72.0000,72.0000,66.20,0.00,0.00,85.52,0.00,0.00
7.1840,200.0000,200.0000,72.0000,72.0000,66.20,0.00,0.00,85.52,0.00,0.00
7.1860,200.0000,200.0000,72.0000,72.0000,66.20,0.00,0.00,85.52,0.00,0.00
7.1880,200.0000,200.0000,72.0000,72.0000,66.20,0.00,0.00,85.52,0.00,0.00
7.1900,200.0000,200.0000,72.0000,72.0000,66.20,0.00,0.00,85.52,0.00,0.00
7.1920,200.0000,200.0000,72.0000,72.0000,66.20,0.00,0.00,85.52,0.00,0.00
7.1940,200.0000,200.0000,72.0000,72.0000,66.20,0.00,0.00,85.52,0.00,0.00
7.1960,200.0000,200.0000,72.0000,72.0000,66.20,0.00,0.00,85.52,0.00,0.00
7.1980,200.0000,200.0000,72.0000,72.0000,66.20,0.00,0.00,85.52,0.00,0.00
7.2000,200.0000,200.0000,72.0000,72.0000,66.20,0.00,0.00,85.52,0.00,0.00
7.2020,200.0000,200.0000,72.0000,72.0000,66.20,0.00,0.00,85.52,0.00,0.00
7.2040,200.0000,200.0000,72.0000,72.0000,66.20,0.00,0.00,85.52,0.00,0.00
7.2060,200.0000,200.0000,72.0000,72.0000,66.20,0.00,0.00,85.52,0.00,0.00
7.2080,200.0000,200.0000,72.0000,72.0000,66.20,0.00,0.00,85.52,0.00,0.00
7.2100,200.0000,200.0000,72.0000,72.0000,66.20,0.00,0.00,85.52,0.00,0.00
7.2120,200.0000,200.0000,72.0000,72.0000,66.20,0.00,0.00,85.52,0.00,0.00
7.2140,200.0000,200.0000,72.0000,72.0000,66.20,0.00,0.00,85.52,0.00,0.00
7.2160,200.0000,200.0000,72.0000,72.0000,66.20,0.00,0.00,85.52,0.00,0.00
7.2180,200.0000,200.0000,72.0000,72.0000,66.20,0.00,0.00,85.52,0.00,0.00
7.2200,200.0000,200.0000,72.0000,72.0000,66.20,0.00,0.00,85.52,0.00,0.00
7.2220,200.0000,200.0000,72.0000,72.0000,66.20,0.00,0.00,85.52,0.00,0.00
7.2240,200.0000,200.0000,72.0000,72.0000,66.20,0.00,0.00,85.52,0.00,0.00
7.2260,200.0000,200.0000,72.0000,72.0000,66.20,0.00,0.00,85.52,0.00,0.00
7.2280,200.0000,200.0000,72.0000,72.0000,66.20,0.00,0.00,85.52,0.00,0.00
7.2300,200.0000,200.0000,72.0000,72.0000,66.20,0.00,0.00,85.52,0.00,0.00
7.2320,200.0000,200.0000,72.0000,72.0000,66.20,0.00,0.00,85.52,0.00,0.00
7.2340,200.0000,200.0000,72.0000,72.0000,66.20,0.00,0.00,0.00,0.00,84.71
7.2360,200.0000,200.0000,72.0000,72.0000,66.20,0.00,0.00,0.00,0.00,84.71
7.2380,200.0000,200.0000,72.0000,72.0000,66.20,0.00,0.00,0.00,0.00,84.71
7.2400,200.0000,200.0000,72.0000,72.0000,66.20,0.00,0.00,0.00,0.00,84.71
7.2420,200.0000,200.0000,72.0000,72.0000,66.20,0.00,0.00,0.00,0.00,84.71
7.2440,200.0000,200.0000,72.0000,72.0000,66.20,0.00,0.00,0.00,0.00,84.71
7.2460,200.0000,200.0000,72.0000,72.0000,66.20,0.00,0.00,0.00,0.00,84.71
7.2480,200.0000,200.0000,72.0000,72.0000,66.20,0.00,0.00,0.00,0.00,84.71
7.2500,200.0000,200.0000,72.0000,72.0000,66.20,0.00,0.00,0.00,0.00,84.71
7.2520,200.0000,200.0000,72.0000,72.0000,66.20,0.00,0.00,0.00,0.00,84.71
7.2540,200.0000,200.0000,72.0000,72.0000,66.20,0.00,0.00,0.00,0.00,84.71
7.2560,200.0000,200.0000,72.0000,72.0000,66.20,0.00,0.00,0.00,0.00,84.71
7.2580,200.0000,200.0000,72.0000,72.0000,66.20,0.00,0.00,0.00,0.00,84.71
7.2600,200.0000,200.0000,72.0000,72.0000,66.20,0.00,0.00,0.00,0.00,84.71
7.2620,200.0000,200.0000,72.0000,72.0000,66.20,0.00,0.00,0.00,0.00,84.71
7.2640,200.0000,200.0000,72.0000,72.0000,66.20,0.00,0.00,0.00,0.00,84.71
7.2660,200.0000,200.0000,72.0000,72.0000,66.20,0.00,0.00,0.00,0.00,84.71
7.2680,200.0000,200.0000,72.0000,72.0000,66.20,0.00,0.00,85.52,0.00,0.00
7.2700,200.0000,200.0000,72.0000,72.0000,66.20,0.00,0.00,85.52,0.00,0.00
7.2720,200.0000,200.0000,72.0000,72.0000,66.20,0.00,0.00,85.52,0.00,0.00
7.2740,200.0000,200.0000,72.0000,72.0000,66.20,0.00,0.00,85.52,0.00,0.00
7.2760,200.0000,200.0000,72.0000,72.0000,66.20,0.00,0.00,85.52,0.00,0.00
7.2780,200.0000,200.0000,72.0000,72.0000,66.20,0.00,0.00,85.52,0.00,0.00
7.2800,200.0000,200.0000,72.0000,72.0000,66.20,0.00,0.00,85.52,0.00,0.00
7.2820,200.0000,200.0000,72.0000,72.0000,66.20,0.00,0.00,85.52,0.00,0.00
7.2840,200.0000,200.0000,72.0000,72.0000,66.20,0.00,0.00,85.52,0.00,0.00
7.2860,200.0000,200.0000,72.0000,72.0000,66.20,0.00,0.00,85.52,0.00,0.00
7.2880,200.0000,200.0000,72.0000,72.0000,66.20,0.00,0.00,85.52,0.00,0.00
7.2900,200.0000,200.0000,72.0000,72.0000,66.20,0.00,0.00,85.52,0.00,0.00
7.2920,200.0000,200.0000,72.0000,72.0000,66.20,0.00,0.00,85.52,0.00,0.00
7.2940,200.0000,200.0000,72.0000,72.0000,0.00,0.00,70.60,85.52,0.00,0.00
7.2960,200.0000,200.0000,72.0000,72.0000,0.00,0.00,70.60,85.52,0.00,0.00
7.2980,200.0000,200.0000,72.0000,72.0000,0.00,0.00,70.60,85.52,0.00,0.00
7.3000,200.0000,200.0000,72.0000,72.0000,0.00,0.00,70.60,85.52,0.00,0.00
7.3020,200.0000,200.0000,72.0000,72.0000,0.00,0.00,70.60,85.52,0.00,0.00
7.3040,200.0000,200.0000,72.0000,72.0000,0.00,0.00,70.60,85.52,0.00,0.00
7.3060,200.0000,200.0000,72.0000,72.0000,0.00,0.00,70.60,85.52,0.00,0.00
7.3080,200.0000,200.0000,72.0000,72.0000,0.00,0.00,70.60,85.52,0.00,0.00
7.3100,200.0000,200.0000,72.0000,72.0000,0.00,0.00,70.60,85.52,0.00,0.00
7.3120,200.0000,200.0000,72.0000,72.0000,0.00,0.00,70.60,85.52,0.00,0.00
7.3140,200.0000,200.0000,72.0000,72.0000,66.20,0.00,0.00,85.52,0.00,0.00
7.3160,200.0000,200.0000,72.0000,72.0000,66.20,0.00,0.00,85.52,0.00,0.00
7.3180,200.0000,200.0000,72.0000,72.0000,66.20,0.00,0.00,85.52,0.00,0.00
7.3200,200.0000,200.0000,72.0000,72.0000,66.20,0.00,0.00,85.52,0.00,0.00
7.3220,200.0000,200.0000,72.0000,72.0000,66.20,0.00,0.00,85.52,0.00,0.00
7.3240,200.0000,200.0000,72.0000,72.0000,66.20,0.00,0.00,85.52,0.00,0.00
7.3260,200.0000,200.0000,72.0000,72.0000,66.20,0.00,0.00,85.52,0.00,0.00
7.3280,200.0000,200.0000,72.0000,72.0000,66.20,0.00,0.00,85.52,0.00,0.00
7.3300,200.0000,200.0000,72.0000,72.0000,66.20,0.00,0.00,85.52,0.00,0.00
7.3320,200.0000,200.0000,72.0000,72.0000,66.20,0.00,0.00,85.52,0.00,0.00
7.3340,200.0000,200.0000,72.0000,72.0000,66.20,0.00,0.00,85.52,0.00,0.00
7.3360,200.0000,200.0000,72.0000,72.0000,66.20,0.00,0.00,85.52,0.00,0.00
7.3380,200.0000,200.0000,72.0000,72.0000,66.20,0.00,0.00,85.52,0.00,0.00
7.3400,200.0000,200.0000,72.0000,72.0000,66.20,0.00,0.00,85.52,0.00,0.00
7.3420,200.0000,200.0000,72.0000,72.0000,66.20,0.00,0.00,85.52,0.00,0.00
7.3440,200.0000,200.0000,72.0000,72.0000,66.20,0.00,0.00,85.52,0.00,0.00
7.3460,200.0000,200.0000,72.0000,72.0000,66.20,0.00,0.00,85.52,0.00,0.00
7.3480,200.0000,200.0000,72.0000,72.0000,66.20,0.00,0.00,85.52,0.00,0.00
7.3500,200.0000,200.0000,72.0000,72.0000,66.20,0.00,0.00,85.52,0.00,0.00
7.3520,200.0000,200.0000,72.0000,72.0000,66.20,0.00,0.00,85.52,0.00,0.00
7.3540,200.0000,200.0000,72.0000,72.0000,66.20,0.00,0.00,85.52,0.00,0.00
7.3560,200.0000,200.0000,72.0000,72.0000,66.20,0.00,0.00,85.52,0.00,0.00
7.3580,200.0000,200.0000,72.0000,72.0000,66.20,0.00,0.00,85.52,0.00,0.00
7.3600,200.0000,200.0000,72.0000,72.0000,66.20,0.00,0.00,85.52,0.00,0.00
7.3620,200.0000,200.0000,72.0000,72.0000,66.20,0.00,0.00,85.52,0.00,0.00
7.3640,200.0000,200.0000,72.0000,72.0000,66.20,0.00,0.00,85.52,0.00,0.00
7.3660,200.0000,200.0000,72.0000,72.0000,66.20,0.00,0.00,85.52,0.00,0.00
7.3680,200.0000,200.0000,72.0000,72.0000,66.20,0.00,0.00,85.52,0.00,0.00
7.3700,200.0000,200.0000,72.0000,72.0000,66.20,0.00,0.00,85.52,0.00,0.00
7.3720,200.0000,200.0000,72.0000,72.0000,66.20,0.00,0.00,85.52,0.00,0.00
7.3740,200.0000,200.0000,72.0000,72.0000,66.20,0.00,0.00,85.52,0.00,0.00
7.3760,200.0000,200.0000,72.0000,72.0000,66.20,0.00,0.00,85.52,0.00,0.00
7.3780,200.0000,200.0000,72.0000,72.0000,66.20,0.00,0.00,85.52,0.00,0.00
7.3800,200.0000,200.0000,72.0000,72.0000,66.20,0.00,0.00,85.52,0.00,0.00
7.3820,200.0000,200.0000,72.0000,72.0000,66.20,0.00,0.00,85.52,0.00,0.00
7.3840,200.0000,200.0000,72.0000,72.0000,66.20,0.00,0.00,85.52,0.00,0.00
7.3860,200.0000,200.0000,72.0000,72.0000,66.20,0.00,0.00,85.52,0.00,0.00
7.3880,200.0000,200.0000,72.0000,72.0000,66.20,0.00,0.00,85.52,0.00,0.00
7.3900,200.0000,200.0000,72.0000,72.0000,66.20,0.00,0.00,85.52,0.00,0.00
7.3920,200.0000,200.0000,72.0000,72.0000,66.20,0.00,0.00,85.52,0.00,0.00
7.3940,200.0000,200.0000,72.0000,72.0000,66.20,0.00,0.00,85.52,0.00,0.00
7.3960,200.0000,200.0000,72.0000,72.0000,66.20,0.00,0.00,85.52,0.00,0.00
7.3980,200.0000,200.0000,72.0000,72.0000,66.20,0.00,0.00,85.52,0.00,0.00
7.4000,200.0000,200.0000,72.0000,72.0000,66.20,0.00,0.00,85.52,0.00,0.00
7.4020,200.0000,200.0000,72.0000,72.0000,66.20,0.00,0.00,85.52,0.00,0.00
7.4040,200.0000,200.0000,72.0000,72.0000,66.20,0.00,0.00,85.52,0.00,0.00
7.4060,200.0000,200.0000,72.0000,72.0000,66.20,0.00,0.00,85.52,0.00,0.00
7.4080,200.0000,200.0000,72.0000,72.0000,66.20,0.00,0.00,85.52,0.00,0.00
7.4100,200.0000,200.0000,72.0000,72.0000,66.20,0.00,0.00,85.52,0.00,0.00
7.4120,200.0000,200.0000,72.0000,72.0000,66.20,0.00,0.00,0.00,0.00,84.71
7.4140,200.0000,200.0000,72.0000,72.0000,66.20,0.00,0.00,0.00,0.00,84.71
7.4160,200.0000,200.0000,72.0000,72.0000,66.20,0.00,0.00,0.00,0.00,84.71
7.4180,200.0000,200.0000,72.0000,72.0000,66.20,0.00,0.00,0.00,0.00,84.71
7.4200,200.0000,200.0000,72.0000,72.0000,66.20,0.00,0.00,0.00,0.00,84.71
7.4220,200.0000,200.0000,72.0000,72.0000,66.20,0.00,0.00,0.00,0.00,84.71
7.4240,200.0000,200.0000,72.0000,72.0000,66.20,0.00,0.00,0.00,0.00,84.71
7.4260,200.0000,200.0000,72.0000,72.0000,66.20,0.00,0.00,0.00,0.00,84.71
7.4280,200.0000,200.0000,72.0000,72.0000,66.20,0.00,0.00,0.00,0.00,84.71
7.4300,200.0000,200.0000,72.0000,72.0000,66.20,0.00,0.00,0.00,0.00,84.71
7.4320,200.0000,200.0000,72.0000,72.0000,66.20,0.00,0.00,0.00,0.00,84.71
7.4340,200.0000,200.0000,72.0000,72.0000,66.20,0.00,0.00,0.00,0.00,84.71
7.4360,200.0000,200.0000,72.0000,72.0000,66.20,0.00,0.00,0.00,0.00,84.71
7.4380,200.0000,200.0000,72.0000,72.0000,66.20,0.00,0.00,0.00,0.00,84.71
7.4400,200.0000,200.0000,72.0000,72.0000,66.20,0.00,0.00,0.00,0.00,84.71
7.4420,200.0000,200.0000,72.0000,72.0000,66.20,0.00,0.00,0.00,0.00,84.71
7.4440,200.0000,200.0000,72.0000,72.0000,66.20,0.00,0.00,0.00,0.00,84.71
7.4460,200.0000,200.0000,72.0000,72.0000,66.20,0.00,0.00,85.52,0.00,0.00
7.4480,200.0000,200.0000,72.0000,72.0000,66.20,0.00,0.00,85.52,0.00,0.00
7.4500,200.0000,200.0000,72.0000,72.0000,66.20,0.00,0.00,85.52,0.00,0.00
7.4520,200.0000,200.0000,72.0000,72.0000,66.20,0.00,0.00,85.52,0.00,0.00
7.4540,200.0000,200.0000,72.0000,72.0000,66.20,0.00,0.00,85.52,0.00,0.00
7.4560,200.0000,200.0000,72.0000,72.0000,66.20,0.00,0.00,85.52,0.00,0.00
7.4580,200.0000,200.0000,72.0000,72.0000,66.20,0.00,0.00,85.52,0.00,0.00
7.4600,200.0000,200.0000,72.0000,72.0000,66.20,0.00,0.00,85.52,0.00,0.00
7.4620,200.0000,200.0000,72.0000,72.0000,66.20,0.00,0.00,85.52,0.00,0.00
7.4640,200.0000,200.0000,72.0000,72.0000,66.20,0.00,0.00,85.52,0.00,0.00
7.4660,200.0000,200.0000,72.0000,72.0000,66.20,0.00,0.00,85.52,0.00,0.00
7.4680,200.0000,200.0000,72.0000,72.0000,66.20,0.00,0.00,85.52,0.00,0.00
7.4700,200.0000,200.0000,72.0000,72.0000,66.20,0.00,0.00,85.52,0.00,0.00
7.4720,200.0000,200.0000,72.0000,72.0000,66.20,0.00,0.00,85.52,0.00,0.00
7.4740,200.0000,200.0000,72.0000,72.0000,66.20,0.00,0.00,85.52,0.00,0.00
7.4760,200.0000,200.0000,72.0000,72.0000,66.20,0.00,0.00,85.52,0.00,0.00
7.4780,200.0000,200.0000,72.0000,72.0000,66.20,0.00,0.00,85.52,0.00,0.00
7.4800,200.0000,200.0000,72.0000,72.0000,66.20,0.00,0.00,85.52,0.00,0.00
7.4820,200.0000,200.0000,72.0000,72.0000,66.20,0.00,0.00,85.52,0.00,0.00
7.4840,200.0000,200.0000,72.0000,72.0000,66.20,0.00,0.00,85.52,0.00,0.00
7.4860,200.0000,200.0000,72.0000,72.0000,66.20,0.00,0.00,85.52,0.00,0.00
7.4880,200.0000,200.0000,72.0000,72.0000,66.20,0.00,0.00,85.52,0.00,0.00
7.4900,200.0000,200.0000,72.0000,72.0000,66.20,0.00,0.00,85.52,0.00,0.00
7.4920,200.0000,200.0000,72.0000,72.0000,66.20,0.00,0.00,85.52,0.00,0.00
7.4940,200.0000,200.0000,72.0000,72.0000,66.20,0.00,0.00,85.52,0.00,0.00
7.4960,200.0000,200.0000,72.0000,72.0000,66.20,0.00,0.00,85.52,0.00,0.00
7.4980,200.0000,200.0000,72.0000,72.0000,66.20,0.00,0.00,85.52,0.00,0.00
7.5000,200.0000,200.0000,72.0000,72.0000,66.20,0.00,0.00,85.52,0.00,0.00
7.5020,200.0000,200.0000,72.0000,72.0000,66.20,0.00,0.00,85.52,0.00,0.00
7.5040,200.0000,200.0000,72.0000,72.0000,66.20,0.00,0.00,85.52,0.00,0.00
7.5060,200.0000,200.0000,72.0000,72.0000,66.20,0.00,0.00,85.52,0.00,0.00
7.5080,200.0000,200.0000,72.0000,72.0000,66.20,0.00,0.00,85.52,0.00,0.00
7.5100,200.0000,200.0000,72.0000,72.0000,66.20,0.00,0.00,85.52,0.00,0.00
7.5120,200.0000,200.0000,72.0000,72.0000,66.20,0.00,0.00,85.52,0.00,0.00
7.5140,200.0000,200.0000,72.0000,72.0000,66.20,0.00,0.00,85.52,0.00,0.00
7.5160,200.0000,200.0000,72.0000,72.0000,66.20,0.00,0.00,85.52,0.00,0.00
7.5180,200.0000,200.0000,72.0000,72.0000,66.20,0.00,0.00,85.52,0.00,0.00
7.5200,200.0000,200.0000,72.0000,72.0000,66.20,0.00,0.00,85.52,0.00,0.00
7.5220,200.0000,200.0000,72.0000,72.0000,66.20,0.00,0.00,85.52,0.00,0.00
7.5240,200.0000,200.0000,72.0000,72.0000,0.00,0.00,70.60,85.52,0.00,0.00
7.5260,200.0000,200.0000,72.0000,72.0000,0.00,0.00,70.60,85.52,0.00,0.00
7.5280,200.0000,200.0000,72.0000,72.0000,0.00,0.00,70.60,85.52,0.00,0.00
7.5300,200.0000,200.0000,72.0000,72.0000,0.00,0.00,70.60,85.52,0.00,0.00
7.5320,200.0000,200.0000,72.0000,72.0000,0.00,0.00,70.60,85.52,0.00,0.00
7.5340,200.0000,200.0000,72.0000,72.0000,0.00,0.00,70.60,85.52,0.00,0.00
7.5360,200.0000,200.0000,72.0000,72.0000,0.00,0.00,70.60,85.52,0.00,0.00
7.5380,200.0000,200.0000,72.0000,72.0000,0.00,0.00,70.60,85.52,0.00,0.00
7.5400,200.0000,200.0000,72.0000,72.0000,0.00,0.00,70.60,85.52,0.00,0.00
7.5420,200.0000,200.0000,72.0000,72.0000,0.00,0.00,70.60,85.52,0.00,0.00
7.5440,200.0000,200.0000,72.0000,72.0000,66.20,0.00,0.00,85.52,0.00,0.00
7.5460,200.0000,200.0000,72.0000,72.0000,66.20,0.00,0.00,85.52,0.00,0.00
7.5480,200.0000,200.0000,72.0000,72.0000,66.20,0.00,0.00,85.52,0.00,0.00
7.5500,200.0000,200.0000,72.0000,72.0000,66.20,0.00,0.00,85.52,0.00,0.00
7.5520,200.0000,200.0000,72.0000,72.0000,66.20,0.00,0.00,85.52,0.00,0.00
7.5540,200.0000,200.0000,72.0000,72.0000,66.20,0.00,0.00,85.52,0.00,0.00
7.5560,200.0000,200.0000,72.0000,72.0000,66.20,0.00,0.00,85.52,0.00,0.00
7.5580,200.0000,200.0000,72.0000,72.0000,66.20,0.00,0.00,85.52,0.00,0.00
7.5600,200.0000,200.0000,72.0000,72.0000,66.20,0.00,0.00,85.52,0.00,0.00
7.5620,200.0000,200.0000,72.0000,72.0000,66.20,0.00,0.00,85.52,0.00,0.00
7.5640,200.0000,200.0000,72.0000,72.0000,66.20,0.00,0.00,85.52,0.00,0.00
7.5660,200.0000,200.0000,72.0000,72.0000,66.20,0.00,0.00,85.52,0.00,0.00
7.5680,200.0000,200.0000,72.0000,72.0000,66.20,0.00,0.00,85.52,0.00,0.00
7.5700,200.0000,200.0000,72.0000,72.0000,66.20,0.00,0.00,85.52,0.00,0.00
7.5720,200.0000,200.0000,72.0000,72.0000,66.20,0.00,0.00,85.52,0.00,0.00
7.5740,200.0000,200.0000,72.0000,72.0000,66.20,0.00,0.00,85.52,0.00,0.00
7.5760,200.0000,200.0000,72.0000,72.0000,66.20,0.00,0.00,85.52,0.00,0.00
7.5780,200.0000,200.0000,72.0000,72.0000,66.20,0.00,0.00,85.52,0.00,0.00
7.5800,200.0000,200.0000,72.0000,72.0000,66.20,0.00,0.00,85.52,0.00,0.00
7.5820,200.0000,200.0000,72.0000,72.0000,66.20,0.00,0.00,85.52,0.00,0.00
7.5840,200.0000,200.0000,72.0000,72.0000,66.20,0.00,0.00,85.52,0.00,0.00
7.5860,200.0000,200.0000,72.0000,72.0000,66.20,0.00,0.00,85.52,0.00,0.00
7.5880,200.0000,200.0000,72.0000,72.0000,66.20,0.00,0.00,85.52,0.00,0.00
7.5900,200.0000,200.0000,72.0000,72.0000,66.20,0.00,0.00,0.00,0.00,84.71
7.5920,200.0000,200.0000,72.0000,72.0000,66.20,0.00,0.00,0.00,0.00,84.71
7.5940,200.0000,200.0000,72.0000,72.0000,66.20,0.00,0.00,0.00,0.00,84.71
7.5960,200.0000,200.0000,72.0000,72.0000,66.20,0.00,0.00,0.00,0.00,84.71
7.5980,200.0000,200.0000,72.0000,72.0000,66.20,0.00,0.00,0.00,0.00,84.71
7.6000,200.0000,200.0000,72.0000,72.0000,66.20,0.00,0.00,0.00,0.00,84.71
7.6020,200.0000,200.0000,72.0000,72.0000,66.20,0.00,0.00,0.00,0.00,84.71
7.6040,200.0000,200.0000,72.0000,72.0000,66.20,0.00,0.00,0.00,0.00,84.71
7.6060,200.0000,200.0000,72.0000,72.0000,66.20,0.00,0.00,0.00,0.00,84.71
7.6080,200.0000,200.0000,72.0000,72.0000,66.20,0.00,0.00,0.00,0.00,84.71
7.6100,200.0000,200.0000,72.0000,72.0000,66.20,0.00,0.00,0.00,0.00,84.71
7.6120,200.0000,200.0000,72.0000,72.0000,66.20,0.00,0.00,0.00,0.00,84.71
7.6140,200.0000,200.0000,72.0000,72.0000,66.20,0.00,0.00,0.00,0.00,84.71
7.6160,200.0000,200.0000,72.0000,72.0000,66.20,0.00,0.00,0.00,0.00,84.71
7.6180,200.0000,200.0000,72.0000,72.0000,66.20,0.00,0.00,0.00,0.00,84.71
7.6200,200.0000,200.0000,72.0000,72.0000,66.20,0.00,0.00,0.00,0.00,84.71
7.6220,200.0000,200.0000,72.0000,72.0000,66.20,0.00,0.00,0.00,0.00,84.71
7.6240,200.0000,200.0000,72.0000,72.0000,66.20,0.00,0.00,85.52,0.00,0.00
7.6260,200.0000,200.0000,72.0000,72.0000,66.20,0.00,0.00,85.52,0.00,0.00
7.6280,200.0000,200.0000,72.0000,72.0000,66.20,0.00,0.00,85.52,0.00,0.00
7.6300,200.0000,200.0000,72.0000,72.0000,66.20,0.00,0.00,85.52,0.00,0.00
7.6320,200.0000,200.0000,72.0000,72.0000,66.20,0.00,0.00,85.52,0.00,0.00
7.6340,200.0000,200.0000,72.0000,72.0000,66.20,0.00,0.00,85.52,0.00,0.00
7.6360,200.0000,200.0000,72.0000,72.0000,66.20,0.00,0.00,85.52,0.00,0.00
7.6380,200.0000,200.0000,72.0000,72.0000,66.20,0.00,0.00,85.52,0.00,0.00
7.6400,200.0000,200.0000,72.0000,72.0000,66.20,0.00,0.00,85.52,0.00,0.00
7.6420,200.0000,200.0000,72.0000,72.0000,66.20,0.00,0.00,85.52,0.00,0.00
7.6440,200.0000,200.0000,72.0000,72.0000,66.20,0.00,0.00,85.52,0.00,0.00
7.6460,200.0000,200.0000,72.0000,72.0000,66.20,0.00,0.00,85.52,0.00,0.00
7.6480,200.0000,200.0000,72.0000,72.0000,66.20,0.00,0.00,85.52,0.00,0.00
7.6500,200.0000,200.0000,72.0000,72.0000,66.20,0.00,0.00,85.52,0.00,0.00
7.6520,200.0000,200.0000,72.0000,72.0000,66.20,0.00,0.00,85.52,0.00,0.00
7.6540,200.0000,200.0000,72.0000,72.0000,66.20,0.00,0.00,85.52,0.00,0.00
7.6560,200.0000,200.0000,72.0000,72.0000,66.20,0.00,0.00,85.52,0.00,0.00
7.6580,200.0000,200.0000,72.0000,72.0000,66.20,0.00,0.00,85.52,0.00,0.00
7.6600,200.0000,200.0000,72.0000,72.0000,66.20,0.00,0.00,85.52,0.00,0.00
7.6620,200.0000,200.0000,72.0000,72.0000,66.20,0.00,0.00,85.52,0.00,0.00
7.6640,200.0000,200.0000,72.0000,72.0000,66.20,0.00,0.00,85.52,0.00,0.00
7.6660,200.0000,200.0000,72.0000,72.0000,66.20,0.00,0.00,85.52,0.00,0.00
7.6680,200.0000,200.0000,72.0000,72.0000,66.20,0.00,0.00,85.52,0.00,0.00
7.6700,200.0000,200.0000,72.0000,72.0000,66.20,0.00,0.00,85.52,0.00,0.00
7.6720,200.0000,200.0000,72.0000,72.0000,66.20,0.00,0.00,85.52,0.00,0.00
7.6740,200.0000,200.0000,72.0000,72.0000,66.20,0.00,0.00,85.52,0.00,0.00
7.6760,200.0000,200.0000,72.0000,72.0000,66.20,0.00,0.00,85.52,0.00,0.00
7.6780,200.0000,200.0000,72.0000,72.0000,66.20,0.00,0.00,85.52,0.00,0.00
7.6800,200.0000,200.0000,72.0000,72.0000,66.20,0.00,0.00,85.52,0.00,0.00
7.6820,200.0000,200.0000,72.0000,72.0000,66.20,0.00,0.00,85.52,0.00,0.00
7.6840,200.0000,200.0000,72.0000,72.0000,66.20,0.00,0.00,85.52,0.00,0.00
7.6860,200.0000,200.0000,72.0000,72.0000,66.20,0.00,0.00,85.52,0.00,0.00
7.6880,200.0000,200.0000,72.0000,72.0000,66.20,0.00,0.00,85.52,0.00,0.00
7.6900,200.0000,200.0000,72.0000,72.0000,66.20,0.00,0.00,85.52,0.00,0.00
7.6920,200.0000,200.0000,72.0000,72.0000,66.20,0.00,0.00,85.52,0.00,0.00
7.6940,200.0000,200.0000,72.0000,72.0000,66.20,0.00,0.00,85.52,0.00,0.00
7.6960,200.0000,200.0000,72.0000,72.0000,66.20,0.00,0.00,85.52,0.00,0.00
7.6980,200.0000,200.0000,72.0000,72.0000,66.20,0.00,0.00,85.52,0.00,0.00
7.7000,200.0000,200.0000,72.0000,72.0000,66.20,0.00,0.00,85.52,0.00,0.00
7.7020,200.0000,200.0000,72.0000,72.0000,66.20,0.00,0.00,85.52,0.00,0.00
7.7040,200.0000,200.0000,72.0000,72.0000,66.20,0.00,0.00,85.52,0.00,0.00
7.7060,200.0000,200.0000,72.0000,72.0000,66.20,0.00,0.00,85.52,0.00,0.00
7.7080,200.0000,200.0000,72.0000,72.0000,66.20,0.00,0.00,85.52,0.00,0.00
7.7100,200.0000,200.0000,72.0000,72.0000,66.20,0.00,0.00,85.52,0.00,0.00
7.7120,200.0000,200.0000,72.0000,72.0000,66.20,0.00,0.00,85.52,0.00,0.00
7.7140,200.0000,200.0000,72.0000,72.0000,66.20,0.00,0.00,85.52,0.00,0.00
7.7160,200.0000,200.0000,72.0000,72.0000,66.20,0.00,0.00,85.52,0.00,0.00
7.7180,200.0000,200.0000,72.0000,72.0000,66.20,0.00,0.00,85.52,0.00,0.00
7.7200,200.0000,200.0000,72.0000,72.0000,66.20,0.00,0.00,85.52,0.00,0.00
7.7220,200.0000,200.0000,72.0000,72.0000,66.20,0.00,0.00,85.52,0.00,0.00
7.7240,200.0000,200.0000,72.0000,72.0000,66.20,0.00,0.00,85.52,0.00,0.00
7.7260,200.0000,200.0000,72.0000,72.0000,66.20,0.00,0.00,85.52,0.00,0.00
7.7280,200.0000,200.0000,72.0000,72.0000,66.20,0.00,0.00,85.52,0.00,0.00
7.7300,200.0000,200.0000,72.0000,72.0000,66.20,0.00,0.00,85.52,0.00,0.00
7.7320,200.0000,200.0000,72.0000,72.0000,66.20,0.00,0.00,85.52,0.00,0.00
7.7340,200.0000,200.0000,72.0000,72.0000,66.20,0.00,0.00,85.52,0.00,0.00
7.7360,200.0000,200.0000,72.0000,72.0000,66.20,0.00,0.00,85.52,0.00,0.00
7.7380,200.0000,200.0000,72.0000,72.0000,66.20,0.00,0.00,85.52,0.00,0.00
7.7400,200.0000,200.0000,72.0000,72.0000,66.20,0.00,0.00,85.52,0.00,0.00
7.7420,200.0000,200.0000,72.0000,72.0000,66.20,0.00,0.00,85.52,0.00,0.00
7.7440,200.0000,200.0000,72.0000,72.0000,66.20,0.00,0.00,85.52,0.00,0.00
7.7460,200.0000,200.0000,72.0000,72.0000,66.20,0.00,0.00,85.52,0.00,0.00
7.7480,200.0000,200.0000,72.0000,72.0000,66.20,0.00,0.00,85.52,0.00,0.00
7.7500,200.0000,200.0000,72.0000,72.0000,66.20,0.00,0.00,85.52,0.00,0.00
7.7520,200.0000,200.0000,72.0000,72.0000,66.20,0.00,0.00,85.52,0.00,0.00
7.7540,200.0000,200.0000,72.0000,72.0000,0.00,0.00,70.60,85.52,0.00,0.00
7.7560,200.0000,200.0000,72.0000,72.0000,0.00,0.00,70.60,85.52,0.00,0.00
7.7580,200.0000,200.0000,72.0000,72.0000,0.00,0.00,70.60,85.52,0.00,0.00
7.7600,200.0000,200.0000,72.0000,72.0000,0.00,0.00,70.60,85.52,0.00,0.00
7.7620,200.0000,200.0000,72.0000,72.0000,0.00,0.00,70.60,85.52,0.00,0.00
7.7640,200.0000,200.0000,72.0000,72.0000,0.00,0.00,70.60,85.52,0.00,0.00
7.7660,200.0000,200.0000,72.0000,72.0000,0.00,0.00,70.60,85.52,0.00,0.00
7.7680,200.0000,200.0000,72.0000,72.0000,0.00,0.00,70.60,0.00,0.00,84.71
7.7700,200.0000,200.0000,72.0000,72.0000,0.00,0.00,70.60,0.00,0.00,84.71
7.7720,200.0000,200.0000,72.0000,72.0000,0.00,0.00,70.60,0.00,0.00,84.71
7.7740,200.0000,200.0000,72.0000,72.0000,66.20,0.00,0.00,0.00,0.00,84.71
7.7760,200.0000,200.0000,72.0000,72.0000,66.20,0.00,0.00,0.00,0.00,84.71
7.7780,200.0000,200.0000,72.0000,72.0000,66.20,0.00,0.00,0.00,0.00,84.71
7.7800,200.0000,200.0000,72.0000,72.0000,66.20,0.00,0.00,0.00,0.00,84.71
7.7820,200.0000,200.0000,72.0000,72.0000,66.20,0.00,0.00,0.00,0.00,84.71
7.7840,200.0000,200.0000,72.0000,72.0000,66.20,0.00,0.00,0.00,0.00,84.71
7.7860,200.0000,200.0000,72.0000,72.0000,66.20,0.00,0.00,0.00,0.00,84.71
7.7880,200.0000,200.0000,72.0000,72.0000,66.20,0.00,0.00,0.00,0.00,84.71
7.7900,200.0000,200.0000,72.0000,72.0000,66.20,0.00,0.00,0.00,0.00,84.71
7.7920,200.0000,200.0000,72.0000,72.0000,66.20,0.00,0.00,0.00,0.00,84.71
7.7940,200.0000,200.0000,72.0000,72.0000,66.20,0.00,0.00,0.00,0.00,84.71
7.7960,200.0000,200.0000,72.0000,72.0000,66.20,0.00,0.00,0.00,0.00,84.71
7.7980,200.0000,200.0000,72.0000,72.0000,66.20,0.00,0.00,0.00,0.00,84.71
7.8000,200.0000,200.0000,72.0000,72.0000,66.20,0.00,0.00,0.00,0.00,84.71
7.8020,200.0000,200.0000,72.0000,72.0000,66.20,0.00,0.00,85.52,0.00,0.00
7.8040,200.0000,200.0000,72.0000,72.0000,66.20,0.00,0.00,85.52,0.00,0.00
7.8060,200.0000,200.0000,72.0000,72.0000,66.20,0.00,0.00,85.52,0.00,0.00
7.8080,200.0000,200.0000,72.0000,72.0000,66.20,0.00,0.00,85.52,0.00,0.00
7.8100,200.0000,200.0000,72.0000,72.0000,66.20,0.00,0.00,85.52,0.00,0.00
7.8120,200.0000,200.0000,72.0000,72.0000,66.20,0.00,0.00,85.52,0.00,0.00
7.8140,200.0000,200.0000,72.0000,72.0000,66.20,0.00,0.00,85.52,0.00,0.00
7.8160,200.0000,200.0000,72.0000,72.0000,66.20,0.00,0.00,85.52,0.00,0.00
7.8180,200.0000,200.0000,72.0000,72.0000,66.20,0.00,0.00,85.52,0.00,0.00
7.8200,200.0000,200.0000,72.0000,72.0000,66.20,0.00,0.00,85.52,0.00,0.00
7.8220,200.0000,200.0000,72.0000,72.0000,66.20,0.00,0.00,85.52,0.00,0.00
7.8240,200.0000,200.0000,72.0000,72.0000,66.20,0.00,0.00,85.52,0.00,0.00
7.8260,200.0000,200.0000,72.0000,72.0000,66.20,0.00,0.00,85.52,0.00,0.00
7.8280,200.0000,200.0000,72.0000,72.0000,66.20,0.00,0.00,85.52,0.00,0.00
7.8300,200.0000,200.0000,72.0000,72.0000,66.20,0.00,0.00,85.52,0.00,0.00
7.8320,200.0000,200.0000,72.0000,72.0000,66.20,0.00,0.00,85.52,0.00,0.00
7.8340,200.0000,200.0000,72.0000,72.0000,66.20,0.00,0.00,85.52,0.00,0.00
7.8360,200.0000,200.0000,72.0000,72.0000,66.20,0.00,0.00,85.52,0.00,0.00
7.8380,200.0000,200.0000,72.0000,72.0000,66.20,0.00,0.00,85.52,0.00,0.00
7.8400,200.0000,200.0000,72.0000,72.0000,66.20,0.00,0.00,85.52,0.00,0.00
7.8420,200.0000,200.0000,72.0000,72.0000,66.20,0.00,0.00,85.52,0.00,0.00
7.8440,200.0000,200.0000,72.0000,72.0000,66.20,0.00,0.00,85.52,0.00,0.00
7.8460,200.0000,200.0000,72.0000,72.0000,66.20,0.00,0.00,85.52,0.00,0.00
7.8480,200.0000,200.0000,72.0000,72.0000,66.20,0.00,0.00,85.52,0.00,0.00
7.8500,200.0000,200.0000,72.0000,72.0000,66.20,0.00,0.00,85.52,0.00,0.00
7.8520,200.0000,200.0000,72.0000,72.0000,66.20,0.00,0.00,85.52,0.00,0.00
7.8540,200.0000,200.0000,72.0000,72.0000,66.20,0.00,0.00,85.52,0.00,0.00
7.8560,200.0000,200.0000,72.0000,72.0000,66.20,0.00,0.00,85.52,0.00,0.00
7.8580,200.0000,200.0000,72.0000,72.0000,66.20,0.00,0.00,85.52,0.00,0.00
7.8600,200.0000,200.0000,72.0000,72.0000,66.20,0.00,0.00,85.52,0.00,0.00
7.8620,200.0000,200.0000,72.0000,72.0000,66.20,0.00,0.00,85.52,0.00,0.00
7.8640,200.0000,200.0000,72.0000,72.0000,66.20,0.00,0.00,85.52,0.00,0.00
7.8660,200.0000,200.0000,72.0000,72.0000,66.20,0.00,0.00,85.52,0.00,0.00
7.8680,200.0000,200.0000,72.0000,72.0000,66.20,0.00,0.00,85.52,0.00,0.00
7.8700,200.0000,200.0000,72.0000,72.0000,66.20,0.00,0.00,85.52,0.00,0.00
7.8720,200.0000,200.0000,72.0000,72.0000,66.20,0.00,0.00,85.52,0.00,0.00
7.8740,200.0000,200.0000,72.0000,72.0000,66.20,0.00,0.00,85.52,0.00,0.00
7.8760,200.0000,200.0000,72.0000,72.0000,66.20,0.00,0.00,85.52,0.00,0.00
7.8780,200.0000,200.0000,72.0000,72.0000,66.20,0.00,0.00,85.52,0.00,0.00
7.8800,200.0000,200.0000,72.0000,72.0000,66.20,0.00,0.00,85.52,0.00,0.00
7.8820,200.0000,200.0000,72.0000,72.0000,66.20,0.00,0.00,85.52,0.00,0.00
7.8840,200.0000,200.0000,72.0000,72.0000,66.20,0.00,0.00,85.52,0.00,0.00
7.8860,200.0000,200.0000,72.0000,72.0000,66.20,0.00,0.00,85.52,0.00,0.00
7.8880,200.0000,200.0000,72.0000,72.0000,66.20,0.00,0.00,85.52,0.00,0.00
7.8900,200.0000,200.0000,72.0000,72.0000,66.20,0.00,0.00,85.52,0.00,0.00
7.8920,200.0000,200.0000,72.0000,72.0000,66.20,0.00,0.00,85.52,0.00,0.00
7.8940,200.0000,200.0000,72.0000,72.0000,66.20,0.00,0.00,85.52,0.00,0.00
7.8960,200.0000,200.0000,72.0000,72.0000,66.20,0.00,0.00,85.52,0.00,0.00
7.8980,200.0000,200.0000,72.0000,72.0000,66.20,0.00,0.00,85.52,0.00,0.00
7.9000,200.0000,200.0000,72.0000,72.0000,66.20,0.00,0.00,85.52,0.00,0.00
7.9020,200.0000,200.0000,72.0000,72.0000,66.20,0.00,0.00,85.52,0.00,0.00
7.9040,200.0000,200.0000,72.0000,72.0000,66.20,0.00,0.00,85.52,0.00,0.00
7.9060,200.0000,200.0000,72.0000,72.0000,66.20,0.00,0.00,85.52,0.00,0.00
7.9080,200.0000,200.0000,72.0000,72.0000,66.20,0.00,0.00,85.52,0.00,0.00
7.9100,200.0000,200.0000,72.0000,72.0000,66.20,0.00,0.00,85.52,0.00,0.00
7.9120,200.0000,200.0000,72.0000,72.0000,66.20,0.00,0.00,85.52,0.00,0.00
7.9140,200.0000,200.0000,72.0000,72.0000,66.20,0.00,0.00,85.52,0.00,0.00
7.9160,200.0000,200.0000,72.0000,72.0000,66.20,0.00,0.00,85.52,0.00,0.00
7.9180,200.0000,200.0000,72.0000,72.0000,66.20,0.00,0.00,85.52,0.00,0.00
7.9200,200.0000,200.0000,72.0000,72.0000,66.20,0.00,0.00,85.52,0.00,0.00
7.9220,200.0000,200.0000,72.0000,72.0000,66.20,0.00,0.00,85.52,0.00,0.00
7.9240,200.0000,200.0000,72.0000,72.0000,66.20,0.00,0.00,85.52,0.00,0.00
7.9260,200.0000,200.0000,72.0000,72.0000,66.20,0.00,0.00,85.52,0.00,0.00
7.9280,200.0000,200.0000,72.0000,72.0000,66.20,0.00,0.00,85.52,0.00,0.00
7.9300,200.0000,200.0000,72.0000,72.0000,66.20,0.00,0.00,85.52,0.00,0.00
7.9320,200.0000,200.0000,72.0000,72.0000,66.20,0.00,0.00,85.52,0.00,0.00
7.9340,200.0000,200.0000,72.0000,72.0000,66.20,0.00,0.00,85.52,0.00,0.00
7.9360,200.0000,200.0000,72.0000,72.0000,66.20,0.00,0.00,85.52,0.00,0.00
7.9380,200.0000,200.0000,72.0000,72.0000,66.20,0.00,0.00,85.52,0.00,0.00
7.9400,200.0000,200.0000,72.0000,72.0000,66.20,0.00,0.00,85.52,0.00,0.00
7.9420,200.0000,200.0000,72.0000,72.0000,66.20,0.00,0.00,85.52,0.00,0.00
7.9440,200.0000,200.0000,72.0000,72.0000,66.20,0.00,0.00,85.52,0.00,0.00
7.9460,200.0000,200.0000,72.0000,72.0000,66.20,0.00,0.00,0.00,0.00,84.71
7.9480,200.0000,200.0000,72.0000,72.0000,66.20,0.00,0.00,0.00,0.00,84.71
7.9500,200.0000,200.0000,72.0000,72.0000,66.20,0.00,0.00,0.00,0.00,84.71
7.9520,200.0000,200.0000,72.0000,72.0000,66.20,0.00,0.00,0.00,0.00,84.71
7.9540,200.0000,200.0000,72.0000,72.0000,66.20,0.00,0.00,0.00,0.00,84.71
7.9560,200.0000,200.0000,72.0000,72.0000,66.20,0.00,0.00,0.00,0.00,84.71
7.9580,200.0000,200.0000,72.0000,72.0000,66.20,0.00,0.00,0.00,0.00,84.71
7.9600,200.0000,200.0000,72.0000,72.0000,66.20,0.00,0.00,0.00,0.00,84.71
7.9620,200.0000,200.0000,72.0000,72.0000,66.20,0.00,0.00,0.00,0.00,84.71
7.9640,200.0000,200.0000,72.0000,72.0000,66.20,0.00,0.00,0.00,0.00,84.71
7.9660,200.0000,200.0000,72.0000,72.0000,66.20,0.00,0.00,0.00,0.00,84.71
7.9680,200.0000,200.0000,72.0000,72.0000,66.20,0.00,0.00,0.00,0.00,84.71
7.9700,200.0000,200.0000,72.0000,72.0000,66.20,0.00,0.00,0.00,0.00,84.71
7.9720,200.0000,200.0000,72.0000,72.0000,66.20,0.00,0.00,0.00,0.00,84.71
7.9740,200.0000,200.0000,72.0000,72.0000,66.20,0.00,0.00,0.00,0.00,84.71
7.9760,200.0000,200.0000,72.0000,72.0000,66.20,0.00,0.00,0.00,0.00,84.71
7.9780,200.0000,200.0000,72.0000,72.0000,66.20,0.00,0.00,0.00,0.00,84.71
7.9800,200.0000,200.0000,72.0000,72.0000,66.20,0.00,0.00,85.52,0.00,0.00
7.9820,200.0000,200.0000,72.0000,72.0000,66.20,0.00,0.00,85.52,0.00,0.00
7.9840,200.0000,200.0000,72.0000,72.0000,0.00,0.00,70.60,85.52,0.00,0.00
7.9860,200.0000,200.0000,72.0000,72.0000,0.00,0.00,70.60,85.52,0.00,0.00
7.9880,200.0000,200.0000,72.0000,72.0000,0.00,0.00,70.60,85.52,0.00,0.00
7.9900,200.0000,200.0000,72.0000,72.0000,0.00,0.00,70.60,85.52,0.00,0.00
7.9920,200.0000,200.0000,72.0000,72.0000,0.00,0.00,70.60,85.52,0.00,0.00
7.9940,200.0000,200.0000,72.0000,72.0000,0.00,0.00,70.60,85.52,0.00,0.00
7.9960,200.0000,200.0000,72.0000,72.0000,0.00,0.00,70.60,85.52,0.00,0.00
7.9980,200.0000,200.0000,72.0000,72.0000,0.00,0.00,70.60,85.52,0.00,0.00
8.0000,200.0000,200.0000,72.0000,72.0000,0.00,0.00,70.60,85.52,0.00,0.00
8.0020,200.0000,200.0000,72.0000,72.0000,0.00,0.00,70.60,85.52,0.00,0.00
8.0040,200.0000,200.0000,72.0000,72.0000,66.20,0.00,0.00,85.52,0.00,0.00
8.0060,200.0000,200.0000,72.0000,72.0000,66.20,0.00,0.00,85.52,0.00,0.00
8.0080,200.0000,200.0000,72.0000,72.0000,66.20,0.00,0.00,85.52,0.00,0.00
8.0100,200.0000,200.0000,72.0000,72.0000,66.20,0.00,0.00,85.52,0.00,0.00
8.0120,200.0000,200.0000,72.0000,72.0000,66.20,0.00,0.00,85.52,0.00,0.00
8.0140,200.0000,200.0000,72.0000,72.0000,66.20,0.00,0.00,85.52,0.00,0.00
8.0160,200.0000,200.0000,72.0000,72.0000,66.20,0.00,0.00,85.52,0.00,0.00
8.0180,200.0000,200.0000,72.0000,72.0000,66.20,0.00,0.00,85.52,0.00,0.00
8.0200,200.0000,200.0000,72.0000,72.0000,66.20,0.00,0.00,85.52,0.00,0.00
8.0220,200.0000,200.0000,72.0000,72.0000,66.20,0.00,0.00,85.52,0.00,0.00
8.0240,200.0000,200.0000,72.0000,72.0000,66.20,0.00,0.00,85.52,0.00,0.00
8.0260,200.0000,200.0000,72.0000,72.0000,66.20,0.00,0.00,85.52,0.00,0.00
8.0280,200.0000,200.0000,72.0000,72.0000,66.20,0.00,0.00,85.52,0.00,0.00
8.0300,200.0000,200.0000,72.0000,72.0000,66.20,0.00,0.00,85.52,0.00,0.00
8.0320,200.0000,200.0000,72.0000,72.0000,66.20,0.00,0.00,85.52,0.00,0.00
8.0340,200.0000,200.0000,72.0000,72.0000,66.20,0.00,0.00,85.52,0.00,0.00
8.0360,200.0000,200.0000,72.0000,72.0000,66.20,0.00,0.00,85.52,0.00,0.00
8.0380,200.0000,200.0000,72.0000,72.0000,66.20,0.00,0.00,85.52,0.00,0.00
8.0400,200.0000,200.0000,72.0000,72.0000,66.20,0.00,0.00,85.52,0.00,0.00
8.0420,200.0000,200.0000,72.0000,72.0000,66.20,0.00,0.00,85.52,0.00,0.00
8.0440,200.0000,200.0000,72.0000,72.0000,66.20,0.00,0.00,85.52,0.00,0.00
8.0460,200.0000,200.0000,72.0000,72.0000,66.20,0.00,0.00,85.52,0.00,0.00
8.0480,200.0000,200.0000,72.0000,72.0000,66.20,0.00,0.00,85.52,0.00,0.00
8.0500,200.0000,200.0000,72.0000,72.0000,66.20,0.00,0.00,85.52,0.00,0.00
8.0520,200.0000,200.0000,72.0000,72.0000,66.20,0.00,0.00,85.52,0.00,0.00
8.0540,200.0000,200.0000,72.0000,72.0000,66.20,0.00,0.00,85.52,0.00,0.00
8.0560,200.0000,200.0000,72.0000,72.0000,66.20,0.00,0.00,85.52,0.00,0.00
8.0580,200.0000,200.0000,72.0000,72.0000,66.20,0.00,0.00,85.52,0.00,0.00
8.0600,200.0000,200.0000,72.0000,72.0000,66.20,0.00,0.00,85.52,0.00,0.00
8.0620,200.0000,200.0000,72.0000,72.0000,66.20,0.00,0.00,85.52,0.00,0.00
8.0640,200.0000,200.0000,72.0000,72.0000,66.20,0.00,0.00,85.52,0.00,0.00
8.0660,200.0000,200.0000,72.0000,72.0000,66.20,0.00,0.00,85.52,0.00,0.00
8.0680,200.0000,200.0000,72.0000,72.0000,66.20,0.00,0.00,85.52,0.00,0.00
8.0700,200.0000,200.0000,72.0000,72.0000,66.20,0.00,0.00,85.52,0.00,0.00
8.0720,200.0000,200.0000,72.0000,72.0000,66.20,0.00,0.00,85.52,0.00,0.00
8.0740,200.0000,200.0000,72.0000,72.0000,66.20,0.00,0.00,85.52,0.00,0.00
8.0760,200.0000,200.0000,72.0000,72.0000,66.20,0.00,0.00,85.52,0.00,0.00
8.0780,200.0000,200.0000,72.0000,72.0000,66.20,0.00,0.00,85.52,0.00,0.00
8.0800,200.0000,200.0000,72.0000,72.0000,66.20,0.00,0.00,85.52,0.00,0.00
8.0820,200.0000,200.0000,72.0000,72.0000,66.20,0.00,0.00,85.52,0.00,0.00
8.0840,200.0000,200.0000,72.0000,72.0000,66.20,0.00,0.00,85.52,0.00,0.00
8.0860,200.0000,200.0000,72.0000,72.0000,66.20,0.00,0.00,85.52,0.00,0.00
8.0880,200.0000,200.0000,72.0000,72.0000,66.20,0.00,0.00,85.52,0.00,0.00
8.0900,200.0000,200.0000,72.0000,72.0000,66.20,0.00,0.00,85.52,0.00,0.00
8.0920,200.0000,200.0000,72.0000,72.0000,66.20,0.00,0.00,85.52,0.00,0.00
8.0940,200.0000,200.0000,72.0000,72.0000,66.20,0.00,0.00,85.52,0.00,0.00
8.0960,200.0000,200.0000,72.0000,72.0000,66.20,0.00,0.00,85.52,0.00,0.00
8.0980,200.0000,200.0000,72.0000,72.0000,66.20,0.00,0.00,85.52,0.00,0.00
8.1000,200.0000,200.0000,72.0000,72.0000,66.20,0.00,0.00,85.52,0.00,0.00
8.1020,200.0000,200.0000,72.0000,72.0000,66.20,0.00,0.00,85.52,0.00,0.00
8.1040,200.0000,200.0000,72.0000,72.0000,66.20,0.00,0.00,85.52,0.00,0.00
8.1060,200.0000,200.0000,72.0000,72.0000,66.20,0.00,0.00,85.52,0.00,0.00
8.1080,200.0000,200.0000,72.0000,72.0000,66.20,0.00,0.00,85.52,0.00,0.00
8.1100,200.0000,200.0000,72.0000,72.0000,66.20,0.00,0.00,85.52,0.00,0.00
8.1120,200.0000,200.0000,72.0000,72.0000,66.20,0.00,0.00,85.52,0.00,0.00
8.1140,200.0000,200.0000,72.0000,72.0000,66.20,0.00,0.00,85.52,0.00,0.00
8.1160,200.0000,200.0000,72.0000,72.0000,66.20,0.00,0.00,85.52,0.00,0.00
8.1180,200.0000,200.0000,72.0000,72.0000,66.20,0.00,0.00,85.52,0.00,0.00
8.1200,200.0000,200.0000,72.0000,72.0000,66.20,0.00,0.00,85.52,0.00,0.00
8.1220,200.0000,200.0000,72.0000,72.0000,66.20,0.00,0.00,85.52,0.00,0.00
8.1240,200.0000,200.0000,72.0000,72.0000,66.20,0.00,0.00,0.00,0.00,84.71
8.1260,200.0000,200.0000,72.0000,72.0000,66.20,0.00,0.00,0.00,0.00,84.71
8.1280,200.0000,200.0000,72.0000,72.0000,66.20,0.00,0.00,0.00,0.00,84.71
8.1300,200.0000,200.0000,72.0000,72.0000,66.20,0.00,0.00,0.00,0.00,84.71
8.1320,200.0000,200.0000,72.0000,72.0000,66.20,0.00,0.00,0.00,0.00,84.71
8.1340,200.0000,200.0000,72.0000,72.0000,66.20,0.00,0.00,0.00,0.00,84.71
8.1360,200.0000,200.0000,72.0000,72.0000,66.20,0.00,0.00,0.00,0.00,84.71
8.1380,200.0000,200.0000,72.0000,72.0000,66.20,0.00,0.00,0.00,0.00,84.71
8.1400,200.0000,200.0000,72.0000,72.0000,66.20,0.00,0.00,0.00,0.00,84.71
8.1420,200.0000,200.0000,72.0000,72.0000,66.20,0.00,0.00,0.00,0.00,84.71
8.1440,200.0000,200.0000,72.0000,72.0000,66.20,0.00,0.00,0.00,0.00,84.71
8.1460,200.0000,200.0000,72.0000,72.0000,66.20,0.00,0.00,0.00,0.00,84.71
8.1480,200.0000,200.0000,72.0000,72.0000,66.20,0.00,0.00,0.00,0.00,84.71
8.1500,200.0000,200.0000,72.0000,72.0000,66.20,0.00,0.00,0.00,0.00,84.71
8.1520,200.0000,200.0000,72.0000,72.0000,66.20,0.00,0.00,0.00,0.00,84.71
8.1540,200.0000,200.0000,72.0000,72.0000,66.20,0.00,0.00,0.00,0.00,84.71
8.1560,200.0000,200.0000,72.0000,72.0000,66.20,0.00,0.00,0.00,0.00,84.71
8.1580,200.0000,200.0000,72.0000,72.0000,66.20,0.00,0.00,85.52,0.00,0.00
8.1600,200.0000,200.0000,72.0000,72.0000,66.20,0.00,0.00,85.52,0.00,0.00
8.1620,200.0000,200.0000,72.0000,72.0000,66.20,0.00,0.00,85.52,0.00,0.00
8.1640,200.0000,200.0000,72.0000,72.0000,66.20,0.00,0.00,85.52,0.00,0.00
8.1660,200.0000,200.0000,72.0000,72.0000,66.20,0.00,0.00,85.52,0.00,0.00
8.1680,200.0000,200.0000,72.0000,72.0000,66.20,0.00,0.00,85.52,0.00,0.00
8.1700,200.0000,200.0000,72.0000,72.0000,66.20,0.00,0.00,85.52,0.00,0.00
8.1720,200.0000,200.0000,72.0000,72.0000,66.20,0.00,0.00,85.52,0.00,0.00
8.1740,200.0000,200.0000,72.0000,72.0000,66.20,0.00,0.00,85.52,0.00,0.00
8.1760,200.0000,200.0000,72.0000,72.0000,66.20,0.00,0.00,85.52,0.00,0.00
8.1780,200.0000,200.0000,72.0000,72.0000,66.20,0.00,0.00,85.52,0.00,0.00
8.1800,200.0000,200.0000,72.0000,72.0000,66.20,0.00,0.00,85.52,0.00,0.00
8.1820,200.0000,200.0000,72.0000,72.0000,66.20,0.00,0.00,85.52,0.00,0.00
8.1840,200.0000,200.0000,72.0000,72.0000,66.20,0.00,0.00,85.52,0.00,0.00
8.1860,200.0000,200.0000,72.0000,72.0000,66.20,0.00,0.00,85.52,0.00,0.00
8.1880,200.0000,200.0000,72.0000,72.0000,66.20,0.00,0.00,85.52,0.00,0.00
8.1900,200.0000,200.0000,72.0000,72.0000,66.20,0.00,0.00,85.52,0.00,0.00
8.1920,200.0000,200.0000,72.0000,72.0000,66.20,0.00,0.00,85.52,0.00,0.00
8.1940,200.0000,200.0000,72.0000,72.0000,66.20,0.00,0.00,85.52,0.00,0.00
8.1960,200.0000,200.0000,72.0000,72.0000,66.20,0.00,0.00,85.52,0.00,0.00
8.1980,200.0000,200.0000,72.0000,72.0000,66.20,0.00,0.00,85.52,0.00,0.00
8.2000,200.0000,200.0000,72.0000,72.0000,66.20,0.00,0.00,85.52,0.00,0.00
8.2020,200.0000,200.0000,72.0000,72.0000,66.20,0.00,0.00,85.52,0.00,0.00
8.2040,200.0000,200.0000,72.0000,72.0000,66.20,0.00,0.00,85.52,0.00,0.00
8.2060,200.0000,200.0000,72.0000,72.0000,66.20,0.00,0.00,85.52,0.00,0.00
8.2080,200.0000,200.0000,72.0000,72.0000,66.20,0.00,0.00,85.52,0.00,0.00
8.2100,200.0000,200.0000,72.0000,72.0000,66.20,0.00,0.00,85.52,0.00,0.00
8.2120,200.0000,200.0000,72.0000,72.0000,66.20,0.00,0.00,85.52,0.00,0.00
8.2140,200.0000,200.0000,72.0000,72.0000,0.00,0.00,70.60,85.52,0.00,0.00
8.2160,200.0000,200.0000,72.0000,72.0000,0.00,0.00,70.60,85.52,0.00,0.00
8.2180,200.0000,200.0000,72.0000,72.0000,0.00,0.00,70.60,85.52,0.00,0.00
8.2200,200.0000,200.0000,72.0000,72.0000,0.00,0.00,70.60,85.52,0.00,0.00
8.2220,200.0000,200.0000,72.0000,72.0000,0.00,0.00,70.60,85.52,0.00,0.00
8.2240,200.0000,200.0000,72.0000,72.0000,0.00,0.00,70.60,85.52,0.00,0.00
8.2260,200.0000,200.0000,72.0000,72.0000,0.00,0.00,70.60,85.52,0.00,0.00
8.2280,200.0000,200.0000,72.0000,72.0000,0.00,0.00,70.60,85.52,0.00,0.00
8.2300,200.0000,200.0000,72.0000,72.0000,0.00,0.00,70.60,85.52,0.00,0.00
8.2320,200.0000,200.0000,72.0000,72.0000,0.00,0.00,70.60,85.52,0.00,0.00
8.2340,200.0000,200.0000,72.0000,72.0000,66.20,0.00,0.00,85.52,0.00,0.00
8.2360,200.0000,200.0000,72.0000,72.0000,66.20,0.00,0.00,85.52,0.00,0.00
8.2380,200.0000,200.0000,72.0000,72.0000,66.20,0.00,0.00,85.52,0.00,0.00
8.2400,200.0000,200.0000,72.0000,72.0000,66.20,0.00,0.00,85.52,0.00,0.00
8.2420,200.0000,200.0000,72.0000,72.0000,66.20,0.00,0.00,85.52,0.00,0.00
8.2440,200.0000,200.0000,72.0000,72.0000,66.20,0.00,0.00,85.52,0.00,0.00
8.2460,200.0000,200.0000,72.0000,72.0000,66.20,0.00,0.00,85.52,0.00,0.00
8.2480,200.0000,200.0000,72.0000,72.0000,66.20,0.00,0.00,85.52,0.00,0.00
8.2500,200.0000,200.0000,72.0000,72.0000,66.20,0.00,0.00,85.52,0.00,0.00
8.2520,200.0000,200.0000,72.0000,72.0000,66.20,0.00,0.00,85.52,0.00,0.00
8.2540,200.0000,200.0000,72.0000,72.0000,66.20,0.00,0.00,85.52,0.00,0.00
8.2560,200.0000,200.0000,72.0000,72.0000,66.20,0.00,0.00,85.52,0.00,0.00
8.2580,200.0000,200.0000,72.0000,72.0000,66.20,0.00,0.00,85.52,0.00,0.00
8.2600,200.0000,200.0000,72.0000,72.0000,66.20,0.00,0.00,85.52,0.00,0.00
8.2620,200.0000,200.0000,72.0000,72.0000,66.20,0.00,0.00,85.52,0.00,0.00
8.2640,200.0000,200.0000,72.0000,72.0000,66.20,0.00,0.00,85.52,0.00,0.00
8.2660,200.0000,200.0000,72.0000,72.0000,66.20,0.00,0.00,85.52,0.00,0.00
8.2680,200.0000,200.0000,72.0000,72.0000,66.20,0.00,0.00,85.52,0.00,0.00
8.2700,200.0000,200.0000,72.0000,72.0000,66.20,0.00,0.00,85.52,0.00,0.00
8.2720,200.0000,200.0000,72.0000,72.0000,66.20,0.00,0.00,85.52,0.00,0.00
8.2740,200.0000,200.0000,72.0000,72.0000,66.20,0.00,0.00,85.52,0.00,0.00
8.2760,200.0000,200.0000,72.0000,72.0000,66.20,0.00,0.00,85.52,0.00,0.00
8.2780,200.0000,200.0000,72.0000,72.0000,66.20,0.00,0.00,85.52,0.00,0.00
8.2800,200.0000,200.0000,72.0000,72.0000,66.20,0.00,0.00,85.52,0.00,0.00
8.2820,200.0000,200.0000,72.0000,72.0000,66.20,0.00,0.00,85.52,0.00,0.00
8.2840,200.0000,200.0000,72.0000,72.0000,66.20,0.00,0.00,85.52,0.00,0.00
8.2860,200.0000,200.0000,72.0000,72.0000,66.20,0.00,0.00,85.52,0.00,0.00
8.2880,200.0000,200.0000,72.0000,72.0000,66.20,0.00,0.00,85.52,0.00,0.00
8.2900,200.0000,200.0000,72.0000,72.0000,66.20,0.00,0.00,85.52,0.00,0.00
8.2920,200.0000,200.0000,72.0000,72.0000,66.20,0.00,0.00,85.52,0.00,0.00
8.2940,200.0000,200.0000,72.0000,72.0000,66.20,0.00,0.00,85.52,0.00,0.00
8.2960,200.0000,200.0000,72.0000,72.0000,66.20,0.00,0.00,85.52,0.00,0.00
8.2980,200.0000,200.0000,72.0000,72.0000,66.20,0.00,0.00,85.52,0.00,0.00
8.3000,200.0000,200.0000,72.0000,72.0000,66.20,0.00,0.00,85.52,0.00,0.00
8.3020,200.0000,200.0000,72.0000,72.0000,66.20,0.00,0.00,0.00,0.00,84.71
8.3040,200.0000,200.0000,72.0000,72.0000,66.20,0.00,0.00,0.00,0.00,84.71
8.3060,200.0000,200.0000,72.0000,72.0000,66.20,0.00,0.00,0.00,0.00,84.71
8.3080,200.0000,200.0000,72.0000,72.0000,66.20,0.00,0.00,0.00,0.00,84.71
8.3100,200.0000,200.0000,72.0000,72.0000,66.20,0.00,0.00,0.00,0.00,84.71
8.3120,200.0000,200.0000,72.0000,72.0000,66.20,0.00,0.00,0.00,0.00,84.71
8.3140,200.0000,200.0000,72.0000,72.0000,66.20,0.00,0.00,0.00,0.00,84.71
8.3160,200.0000,200.0000,72.0000,72.0000,66.20,0.00,0.00,0.00,0.00,84.71
8.3180,200.0000,200.0000,72.0000,72.0000,66.20,0.00,0.00,0.00,0.00,84.71
8.3200,200.0000,200.0000,72.0000,72.0000,66.20,0.00,0.00,0.00,0.00,84.71
8.3220,200.0000,200.0000,72.0000,72.0000,66.20,0.00,0.00,0.00,0.00,84.71
8.3240,200.0000,200.0000,72.0000,72.0000,66.20,0.00,0.00,0.00,0.00,84.71
8.3260,200.0000,200.0000,72.0000,72.0000,66.20,0.00,0.00,0.00,0.00,84.71
8.3280,200.0000,200.0000,72.0000,72.0000,66.20,0.00,0.00,0.00,0.00,84.71
8.3300,200.0000,200.0000,72.0000,72.0000,66.20,0.00,0.00,0.00,0.00,84.71
8.3320,200.0000,200.0000,72.0000,72.0000,66.20,0.00,0.00,0.00,0.00,84.71
8.3340,200.0000,200.0000,72.0000,72.0000,66.20,0.00,0.00,0.00,0.00,84.71
8.3360,200.0000,200.0000,72.0000,72.0000,66.20,0.00,0.00,85.52,0.00,0.00
8.3380,200.0000,200.0000,72.0000,72.0000,66.20,0.00,0.00,85.52,0.00,0.00
8.3400,200.0000,200.0000,72.0000,72.0000,66.20,0.00,0.00,85.52,0.00,0.00
8.3420,200.0000,200.0000,72.0000,72.0000,66.20,0.00,0.00,85.52,0.00,0.00
8.3440,200.0000,200.0000,72.0000,72.0000,66.20,0.00,0.00,85.52,0.00,0.00
8.3460,200.0000,200.0000,72.0000,72.0000,66.20,0.00,0.00,85.52,0.00,0.00
8.3480,200.0000,200.0000,72.0000,72.0000,66.20,0.00,0.00,85.52,0.00,0.00
8.3500,200.0000,200.0000,72.0000,72.0000,66.20,0.00,0.00,85.52,0.00,0.00
8.3520,200.0000,200.0000,72.0000,72.0000,66.20,0.00,0.00,85.52,0.00,0.00
8.3540,200.0000,200.0000,72.0000,72.0000,66.20,0.00,0.00,85.52,0.00,0.00
8.3560,200.0000,200.0000,72.0000,72.0000,66.20,0.00,0.00,85.52,0.00,0.00
8.3580,200.0000,200.0000,72.0000,72.0000,66.20,0.00,0.00,85.52,0.00,0.00
8.3600,200.0000,200.0000,72.0000,72.0000,66.20,0.00,0.00,85.52,0.00,0.00
8.3620,200.0000,200.0000,72.0000,72.0000,66.20,0.00,0.00,85.52,0.00,0.00
8.3640,200.0000,200.0000,72.0000,72.0000,66.20,0.00,0.00,85.52,0.00,0.00
8.3660,200.0000,200.0000,72.0000,72.0000,66.20,0.00,0.00,85.52,0.00,0.00
8.3680,200.0000,200.0000,72.0000,72.0000,66.20,0.00,0.00,85.52,0.00,0.00
8.3700,200.0000,200.0000,72.0000,72.0000,66.20,0.00,0.00,85.52,0.00,0.00
8.3720,200.0000,200.0000,72.0000,72.0000,66.20,0.00,0.00,85.52,0.00,0.00
8.3740,200.0000,200.0000,72.0000,72.0000,66.20,0.00,0.00,85.52,0.00,0.00
8.3760,200.0000,200.0000,72.0000,72.0000,66.20,0.00,0.00,85.52,0.00,0.00
8.3780,200.0000,200.0000,72.0000,72.0000,66.20,0.00,0.00,85.52,0.00,0.00
8.3800,200.0000,200.0000,72.0000,72.0000,66.20,0.00,0.00,85.52,0.00,0.00
8.3820,200.0000,200.0000,72.0000,72.0000,66.20,0.00,0.00,85.52,0.00,0.00
8.3840,200.0000,200.0000,72.0000,72.0000,66.20,0.00,0.00,85.52,0.00,0.00
8.3860,200.0000,200.0000,72.0000,72.0000,66.20,0.00,0.00,85.52,0.00,0.00
8.3880,200.0000,200.0000,72.0000,72.0000,66.20,0.00,0.00,85.52,0.00,0.00
8.3900,200.0000,200.0000,72.0000,72.0000,66.20,0.00,0.00,85.52,0.00,0.00
8.3920,200.0000,200.0000,72.0000,72.0000,66.20,0.00,0.00,85.52,0.00,0.00
8.3940,200.0000,200.0000,72.0000,72.0000,66.20,0.00,0.00,85.52,0.00,0.00
8.3960,200.0000,200.0000,72.0000,72.0000,66.20,0.00,0.00,85.52,0.00,0.00
8.3980,200.0000,200.0000,72.0000,72.0000,66.20,0.00,0.00,85.52,0.00,0.00
8.4000,200.0000,200.0000,72.0000,72.0000,66.20,0.00,0.00,85.52,0.00,0.00
8.4020,200.0000,200.0000,72.0000,72.0000,66.20,0.00,0.00,85.52,0.00,0.00
8.4040,200.0000,200.0000,72.0000,72.0000,66.20,0.00,0.00,85.52,0.00,0.00
8.4060,200.0000,200.0000,72.0000,72.0000,66.20,0.00,0.00,85.52,0.00,0.00
8.4080,200.0000,200.0000,72.0000,72.0000,66.20,0.00,0.00,85.52,0.00,0.00
8.4100,200.0000,200.0000,72.0000,72.0000,66.20,0.00,0.00,85.52,0.00,0.00
8.4120,200.0000,200.0000,72.0000,72.0000,66.20,0.00,0.00,85.52,0.00,0.00
8.4140,200.0000,200.0000,72.0000,72.0000,66.20,0.00,0.00,85.52,0.00,0.00
8.4160,200.0000,200.0000,72.0000,72.0000,66.20,0.00,0.00,85.52,0.00,0.00
8.4180,200.0000,200.0000,72.0000,72.0000,66.20,0.00,0.00,85.52,0.00,0.00
8.4200,200.0000,200.0000,72.0000,72.0000,66.20,0.00,0.00,85.52,0.00,0.00
8.4220,200.0000,200.0000,72.0000,72.0000,66.20,0.00,0.00,85.52,0.00,0.00
8.4240,200.0000,200.0000,72.0000,72.0000,66.20,0.00,0.00,85.52,0.00,0.00
8.4260,200.0000,200.0000,72.0000,72.0000,66.20,0.00,0.00,85.52,0.00,0.00
8.4280,200.0000,200.0000,72.0000,72.0000,66.20,0.00,0.00,85.52,0.00,0.00
8.4300,200.0000,200.0000,72.0000,72.0000,66.20,0.00,0.00,85.52,0.00,0.00
8.4320,200.0000,200.0000,72.0000,72.0000,66.20,0.00,0.00,85.52,0.00,0.00
8.4340,200.0000,200.0000,72.0000,72.0000,66.20,0.00,0.00,85.52,0.00,0.00
8.4360,200.0000,200.0000,72.0000,72.0000,66.20,0.00,0.00,85.52,0.00,0.00
8.4380,200.0000,200.0000,72.0000,72.0000,66.20,0.00,0.00,85.52,0.00,0.00
8.4400,200.0000,200.0000,72.0000,72.0000,66.20,0.00,0.00,85.52,0.00,0.00
8.4420,200.0000,200.0000,72.0000,72.0000,66.20,0.00,0.00,85.52,0.00,0.00
8.4440,200.0000,200.0000,72.0000,72.0000,0.00,0.00,70.60,85.52,0.00,0.00
8.4460,200.0000,200.0000,72.0000,72.0000,0.00,0.00,70.60,85.52,0.00,0.00
8.4480,200.0000,200.0000,72.0000,72.0000,0.00,0.00,70.60,85.52,0.00,0.00
8.4500,200.0000,200.0000,72.0000,72.0000,0.00,0.00,70.60,85.52,0.00,0.00
8.4520,200.0000,200.0000,72.0000,72.0000,0.00,0.00,70.60,85.52,0.00,0.00
8.4540,200.0000,200.0000,72.0000,72.0000,0.00,0.00,70.60,85.52,0.00,0.00
8.4560,200.0000,200.0000,72.0000,72.0000,0.00,0.00,70.60,85.52,0.00,0.00
8.4580,200.0000,200.0000,72.0000,72.0000,0.00,0.00,70.60,85.52,0.00,0.00
8.4600,200.0000,200.0000,72.0000,72.0000,0.00,0.00,70.60,85.52,0.00,0.00
8.4620,200.0000,200.0000,72.0000,72.0000,0.00,0.00,70.60,85.52,0.00,0.00
8.4640,200.0000,200.0000,72.0000,72.0000,66.20,0.00,0.00,85.52,0.00,0.00
8.4660,200.0000,200.0000,72.0000,72.0000,66.20,0.00,0.00,85.52,0.00,0.00
8.4680,200.0000,200.0000,72.0000,72.0000,66.20,0.00,0.00,85.52,0.00,0.00
8.4700,200.0000,200.0000,72.0000,72.0000,66.20,0.00,0.00,85.52,0.00,0.00
8.4720,200.0000,200.0000,72.0000,72.0000,66.20,0.00,0.00,85.52,0.00,0.00
8.4740,200.0000,200.0000,72.0000,72.0000,66.20,0.00,0.00,85.52,0.00,0.00
8.4760,200.0000,200.0000,72.0000,72.0000,66.20,0.00,0.00,85.52,0.00,0.00
8.4780,200.0000,200.0000,72.0000,72.0000,66.20,0.00,0.00,85.52,0.00,0.00
8.4800,200.0000,200.0000,72.0000,72.0000,66.20,0.00,0.00,0.00,0.00,84.71
8.4820,200.0000,200.0000,72.0000,72.0000,66.20,0.00,0.00,0.00,0.00,84.71
8.4840,200.0000,200.0000,72.0000,72.0000,66.20,0.00,0.00,0.00,0.00,84.71
8.4860,200.0000,200.0000,72.0000,72.0000,66.20,0.00,0.00,0.00,0.00,84.71
8.4880,200.0000,200.0000,72.0000,72.0000,66.20,0.00,0.00,0.00,0.00,84.71
8.4900,200.0000,200.0000,72.0000,72.0000,66.20,0.00,0.00,0.00,0.00,84.71
8.4920,200.0000,200.0000,72.0000,72.0000,66.20,0.00,0.00,0.00,0.00,84.71
8.4940,200.0000,200.0000,72.0000,72.0000,66.20,0.00,0.00,0.00,0.00,84.71
8.4960,200.0000,200.0000,72.0000,72.0000,66.20,0.00,0.00,0.00,0.00,84.71
8.4980,200.0000,200.0000,72.0000,72.0000,66.20,0.00,0.00,0.00,0.00,84.71
8.5000,200.0000,200.0000,72.0000,72.0000,66.20,0.00,0.00,0.00,0.00,84.71
8.5020,200.0000,200.0000,72.0000,72.0000,66.20,0.00,0.00,0.00,0.00,84.71
8.5040,200.0000,200.0000,72.0000,72.0000,66.20,0.00,0.00,0.00,0.00,84.71
8.5060,200.0000,200.0000,72.0000,72.0000,66.20,0.00,0.00,0.00,0.00,84.71
8.5080,200.0000,200.0000,72.0000,72.0000,66.20,0.00,0.00,0.00,0.00,84.71
8.5100,200.0000,200.0000,72.0000,72.0000,66.20,0.00,0.00,0.00,0.00,84.71
8.5120,200.0000,200.0000,72.0000,72.0000,66.20,0.00,0.00,0.00,0.00,84.71
8.5140,200.0000,200.0000,72.0000,72.0000,66.20,0.00,0.00,85.52,0.00,0.00
8.5160,200.0000,200.0000,72.0000,72.0000,66.20,0.00,0.00,85.52,0.00,0.00
8.5180,200.0000,200.0000,72.0000,72.0000,66.20,0.00,0.00,85.52,0.00,0.00
8.5200,200.0000,200.0000,72.0000,72.0000,66.20,0.00,0.00,85.52,0.00,0.00
8.5220,200.0000,200.0000,72.0000,72.0000,66.20,0.00,0.00,85.52,0.00,0.00
8.5240,200.0000,200.0000,72.0000,72.0000,66.20,0.00,0.00,85.52,0.00,0.00
8.5260,200.0000,200.0000,72.0000,72.0000,66.20,0.00,0.00,85.52,0.00,0.00
8.5280,200.0000,200.0000,72.0000,72.0000,66.20,0.00,0.00,85.52,0.00,0.00
8.5300,200.0000,200.0000,72.0000,72.0000,66.20,0.00,0.00,85.52,0.00,0.00
8.5320,200.0000,200.0000,72.0000,72.0000,66.20,0.00,0.00,85.52,0.00,0.00
8.5340,200.0000,200.0000,72.0000,72.0000,66.20,0.00,0.00,85.52,0.00,0.00
8.5360,200.0000,200.0000,72.0000,72.0000,66.20,0.00,0.00,85.52,0.00,0.00
8.5380,200.0000,200.0000,72.0000,72.0000,66.20,0.00,0.00,85.52,0.00,0.00
8.5400,200.0000,200.0000,72.0000,72.0000,66.20,0.00,0.00,85.52,0.00,0.00
8.5420,200.0000,200.0000,72.0000,72.0000,66.20,0.00,0.00,85.52,0.00,0.00
8.5440,200.0000,200.0000,72.0000,72.0000,66.20,0.00,0.00,85.52,0.00,0.00
8.5460,200.0000,200.0000,72.0000,72.0000,66.20,0.00,0.00,85.52,0.00,0.00
8.5480,200.0000,200.0000,72.0000,72.0000,66.20,0.00,0.00,85.52,0.00,0.00
8.5500,200.0000,200.0000,72.0000,72.0000,66.20,0.00,0.00,85.52,0.00,0.00
8.5520,200.0000,200.0000,72.0000,72.0000,66.20,0.00,0.00,85.52,0.00,0.00
8.5540,200.0000,200.0000,72.0000,72.0000,66.20,0.00,0.00,85.52,0.00,0.00
8.5560,200.0000,200.0000,72.0000,72.0000,66.20,0.00,0.00,85.52,0.00,0.00
8.5580,200.0000,200.0000,72.0000,72.0000,66.20,0.00,0.00,85.52,0.00,0.00
8.5600,200.0000,200.0000,72.0000,72.0000,66.20,0.00,0.00,85.52,0.00,0.00
8.5620,200.0000,200.0000,72.0000,72.0000,66.20,0.00,0.00,85.52,0.00,0.00
8.5640,200.0000,200.0000,72.0000,72.0000,66.20,0.00,0.00,85.52,0.00,0.00
8.5660,200.0000,200.0000,72.0000,72.0000,66.20,0.00,0.00,85.52,0.00,0.00
8.5680,200.0000,200.0000,72.0000,72.0000,66.20,0.00,0.00,85.52,0.00,0.00
8.5700,200.0000,200.0000,72.0000,72.0000,66.20,0.00,0.00,85.52,0.00,0.00
8.5720,200.0000,200.0000,72.0000,72.0000,66.20,0.00,0.00,85.52,0.00,0.00
8.5740,200.0000,200.0000,72.0000,72.0000,66.20,0.00,0.00,85.52,0.00,0.00
8.5760,200.0000,200.0000,72.0000,72.0000,66.20,0.00,0.00,85.52,0.00,0.00
8.5780,200.0000,200.0000,72.0000,72.0000,66.20,0.00,0.00,85.52,0.00,0.00
8.5800,200.0000,200.0000,72.0000,72.0000,66.20,0.00,0.00,85.52,0.00,0.00
8.5820,200.0000,200.0000,72.0000,72.0000,66.20,0.00,0.00,85.52,0.00,0.00
8.5840,200.0000,200.0000,72.0000,72.0000,66.20,0.00,0.00,85.52,0.00,0.00
8.5860,200.0000,200.0000,72.0000,72.0000,66.20,0.00,0.00,85.52,0.00,0.00
8.5880,200.0000,200.0000,72.0000,72.0000,66.20,0.00,0.00,85.52,0.00,0.00
8.5900,200.0000,200.0000,72.0000,72.0000,66.20,0.00,0.00,85.52,0.00,0.00
8.5920,200.0000,200.0000,72.0000,72.0000,66.20,0.00,0.00,85.52,0.00,0.00
8.5940,200.0000,200.0000,72.0000,72.0000,66.20,0.00,0.00,85.52,0.00,0.00
8.5960,200.0000,200.0000,72.0000,72.0000,66.20,0.00,0.00,85.52,0.00,0.00
8.5980,200.0000,200.0000,72.0000,72.0000,66.20,0.00,0.00,85.52,0.00,0.00
8.6000,200.0000,200.0000,72.0000,72.0000,66.20,0.00,0.00,85.52,0.00,0.00
8.6020,200.0000,200.0000,72.0000,72.0000,66.20,0.00,0.00,85.52,0.00,0.00
8.6040,200.0000,200.0000,72.0000,72.0000,66.20,0.00,0.00,85.52,0.00,0.00
8.6060,200.0000,200.0000,72.0000,72.0000,66.20,0.00,0.00,85.52,0.00,0.00
8.6080,200.0000,200.0000,72.0000,72.0000,66.20,0.00,0.00,85.52,0.00,0.00
8.6100,200.0000,200.0000,72.0000,72.0000,66.20,0.00,0.00,85.52,0.00,0.00
8.6120,200.0000,200.0000,72.0000,72.0000,66.20,0.00,0.00,85.52,0.00,0.00
8.6140,200.0000,200.0000,72.0000,72.0000,66.20,0.00,0.00,85.52,0.00,0.00
8.6160,200.0000,200.0000,72.0000,72.0000,66.20,0.00,0.00,85.52,0.00,0.00
8.6180,200.0000,200.0000,72.0000,72.0000,66.20,0.00,0.00,85.52,0.00,0.00
8.6200,200.0000,200.0000,72.0000,72.0000,66.20,0.00,0.00,85.52,0.00,0.00
8.6220,200.0000,200.0000,72.0000,72.0000,66.20,0.00,0.00,85.52,0.00,0.00
8.6240,200.0000,200.0000,72.0000,72.0000,66.20,0.00,0.00,85.52,0.00,0.00
8.6260,200.0000,200.0000,72.0000,72.0000,66.20,0.00,0.00,85.52,0.00,0.00
8.6280,200.0000,200.0000,72.0000,72.0000,66.20,0.00,0.00,85.52,0.00,0.00
8.6300,200.0000,200.0000,72.0000,72.0000,66.20,0.00,0.00,85.52,0.00,0.00
8.6320,200.0000,200.0000,72.0000,72.0000,66.20,0.00,0.00,85.52,0.00,0.00
8.6340,200.0000,200.0000,72.0000,72.0000,66.20,0.00,0.00,85.52,0.00,0.00
8.6360,200.0000,200.0000,72.0000,72.0000,66.20,0.00,0.00,85.52,0.00,0.00
8.6380,200.0000,200.0000,72.0000,72.0000,66.20,0.00,0.00,85.52,0.00,0.00
8.6400,200.0000,200.0000,72.0000,72.0000,66.20,0.00,0.00,85.52,0.00,0.00
8.6420,200.0000,200.0000,72.0000,72.0000,66.20,0.00,0.00,85.52,0.00,0.00
8.6440,200.0000,200.0000,72.0000,72.0000,66.20,0.00,0.00,85.52,0.00,0.00
8.6460,200.0000,200.0000,72.0000,72.0000,66.20,0.00,0.00,85.52,0.00,0.00
8.6480,200.0000,200.0000,72.0000,72.0000,66.20,0.00,0.00,85.52,0.00,0.00
8.6500,200.0000,200.0000,72.0000,72.0000,66.20,0.00,0.00,85.52,0.00,0.00
8.6520,200.0000,200.0000,72.0000,72.0000,66.20,0.00,0.00,85.52,0.00,0.00
8.6540,200.0000,200.0000,72.0000,72.0000,66.20,0.00,0.00,85.52,0.00,0.00
8.6560,200.0000,200.0000,72.0000,72.0000,66.20,0.00,0.00,85.52,0.00,0.00
8.6580,200.0000,200.0000,72.0000,72.0000,66.20,0.00,0.00,0.00,0.00,84.71
8.6600,200.0000,200.0000,72.0000,72.0000,66.20,0.00,0.00,0.00,0.00,84.71
8.6620,200.0000,200.0000,72.0000,72.0000,66.20,0.00,0.00,0.00,0.00,84.71
8.6640,200.0000,200.0000,72.0000,72.0000,66.20,0.00,0.00,0.00,0.00,84.71
8.6660,200.0000,200.0000,72.0000,72.0000,66.20,0.00,0.00,0.00,0.00,84.71
8.6680,200.0000,200.0000,72.0000,72.0000,66.20,0.00,0.00,0.00,0.00,84.71
8.6700,200.0000,200.0000,72.0000,72.0000,66.20,0.00,0.00,0.00,0.00,84.71
8.6720,200.0000,200.0000,72.0000,72.0000,66.20,0.00,0.00,0.00,0.00,84.71
8.6740,200.0000,200.0000,72.0000,72.0000,0.00,0.00,70.60,0.00,0.00,84.71
8.6760,200.0000,200.0000,72.0000,72.0000,0.00,0.00,70.60,0.00,0.00,84.71
8.6780,200.0000,200.0000,72.0000,72.0000,0.00,0.00,70.60,0.00,0.00,84.71
8.6800,200.0000,200.0000,72.0000,72.0000,0.00,0.00,70.60,0.00,0.00,84.71
8.6820,200.0000,200.0000,72.0000,72.0000,0.00,0.00,70.60,0.00,0.00,84.71
8.6840,200.0000,200.0000,72.0000,72.0000,0.00,0.00,70.60,0.00,0.00,84.71
8.6860,200.0000,200.0000,72.0000,72.0000,0.00,0.00,70.60,0.00,0.00,84.71
8.6880,200.0000,200.0000,72.0000,72.0000,0.00,0.00,70.60,0.00,0.00,84.71
8.6900,200.0000,200.0000,72.0000,72.0000,0.00,0.00,70.60,0.00,0.00,84.71
8.6920,200.0000,200.0000,72.0000,72.0000,0.00,0.00,70.60,85.52,0.00,0.00
8.6940,200.0000,200.0000,72.0000,72.0000,66.20,0.00,0.00,85.52,0.00,0.00
8.6960,200.0000,200.0000,72.0000,72.0000,66.20,0.00,0.00,85.52,0.00,0.00
8.6980,200.0000,200.0000,72.0000,72.0000,66.20,0.00,0.00,85.52,0.00,0.00
8.7000,200.0000,200.0000,72.0000,72.0000,66.20,0.00,0.00,85.52,0.00,0.00
8.7020,200.0000,200.0000,72.0000,72.0000,66.20,0.00,0.00,85.52,0.00,0.00
8.7040,200.0000,200.0000,72.0000,72.0000,66.20,0.00,0.00,85.52,0.00,0.00
8.7060,200.0000,200.0000,72.0000,72.0000,66.20,0.00,0.00,85.52,0.00,0.00
8.7080,200.0000,200.0000,72.0000,72.0000,66.20,0.00,0.00,85.52,0.00,0.00
8.7100,200.0000,200.0000,72.0000,72.0000,66.20,0.00,0.00,85.52,0.00,0.00
8.7120,200.0000,200.0000,72.0000,72.0000,66.20,0.00,0.00,85.52,0.00,0.00
8.7140,200.0000,200.0000,72.0000,72.0000,66.20,0.00,0.00,85.52,0.00,0.00
8.7160,200.0000,200.0000,72.0000,72.0000,66.20,0.00,0.00,85.52,0.00,0.00
8.7180,200.0000,200.0000,72.0000,72.0000,66.20,0.00,0.00,85.52,0.00,0.00
8.7200,200.0000,200.0000,72.0000,72.0000,66.20,0.00,0.00,85.52,0.00,0.00
8.7220,200.0000,200.0000,72.0000,72.0000,66.20,0.00,0.00,85.52,0.00,0.00
8.7240,200.0000,200.0000,72.0000,72.0000,66.20,0.00,0.00,85.52,0.00,0.00
8.7260,200.0000,200.0000,72.0000,72.0000,66.20,0.00,0.00,85.52,0.00,0.00
8.7280,200.0000,200.0000,72.0000,72.0000,66.20,0.00,0.00,85.52,0.00,0.00
8.7300,200.0000,200.0000,72.0000,72.0000,66.20,0.00,0.00,85.52,0.00,0.00
8.7320,200.0000,200.0000,72.0000,72.0000,66.20,0.00,0.00,85.52,0.00,0.00
8.7340,200.0000,200.0000,72.0000,72.0000,66.20,0.00,0.00,85.52,0.00,0.00
8.7360,200.0000,200.0000,72.0000,72.0000,66.20,0.00,0.00,85.52,0.00,0.00
8.7380,200.0000,200.0000,72.0000,72.0000,66.20,0.00,0.00,85.52,0.00,0.00
8.7400,200.0000,200.0000,72.0000,72.0000,66.20,0.00,0.00,85.52,0.00,0.00
8.7420,200.0000,200.0000,72.0000,72.0000,66.20,0.00,0.00,85.52,0.00,0.00
8.7440,200.0000,200.0000,72.0000,72.0000,66.20,0.00,0.00,85.52,0.00,0.00
8.7460,200.0000,200.0000,72.0000,72.0000,66.20,0.00,0.00,85.52,0.00,0.00
8.7480,200.0000,200.0000,72.0000,72.0000,66.20,0.00,0.00,85.52,0.00,0.00
8.7500,200.0000,200.0000,72.0000,72.0000,66.20,0.00,0.00,85.52,0.00,0.00
8.7520,200.0000,200.0000,72.0000,72.0000,66.20,0.00,0.00,85.52,0.00,0.00
8.7540,200.0000,200.0000,72.0000,72.0000,66.20,0.00,0.00,85.52,0.00,0.00
8.7560,200.0000,200.0000,72.0000,72.0000,66.20,0.00,0.00,85.52,0.00,0.00
8.7580,200.0000,200.0000,72.0000,72.0000,66.20,0.00,0.00,85.52,0.00,0.00
8.7600,200.0000,200.0000,72.0000,72.0000,66.20,0.00,0.00,85.52,0.00,0.00
8.7620,200.0000,200.0000,72.0000,72.0000,66.20,0.00,0.00,85.52,0.00,0.00
8.7640,200.0000,200.0000,72.0000,72.0000,66.20,0.00,0.00,85.52,0.00,0.00
8.7660,200.0000,200.0000,72.0000,72.0000,66.20,0.00,0.00,85.52,0.00,0.00
8.7680,200.0000,200.0000,72.0000,72.0000,66.20,0.00,0.00,85.52,0.00,0.00
8.7700,200.0000,200.0000,72.0000,72.0000,66.20,0.00,0.00,85.52,0.00,0.00
8.7720,200.0000,200.0000,72.0000,72.0000,66.20,0.00,0.00,85.52,0.00,0.00
8.7740,200.0000,200.0000,72.0000,72.0000,66.20,0.00,0.00,85.52,0.00,0.00
8.7760,200.0000,200.0000,72.0000,72.0000,66.20,0.00,0.00,85.52,0.00,0.00
8.7780,200.0000,200.0000,72.0000,72.0000,66.20,0.00,0.00,85.52,0.00,0.00
8.7800,200.0000,200.0000,72.0000,72.0000,66.20,0.00,0.00,85.52,0.00,0.00
8.7820,200.0000,200.0000,72.0000,72.0000,66.20,0.00,0.00,85.52,0.00,0.00
8.7840,200.0000,200.0000,72.0000,72.0000,66.20,0.00,0.00,85.52,0.00,0.00
8.7860,200.0000,200.0000,72.0000,72.0000,66.20,0.00,0.00,85.52,0.00,0.00
8.7880,200.0000,200.0000,72.0000,72.0000,66.20,0.00,0.00,85.52,0.00,0.00
8.7900,200.0000,200.0000,72.0000,72.0000,66.20,0.00,0.00,85.52,0.00,0.00
8.7920,200.0000,200.0000,72.0000,72.0000,66.20,0.00,0.00,85.52,0.00,0.00
8.7940,200.0000,200.0000,72.0000,72.0000,66.20,0.00,0.00,85.52,0.00,0.00
8.7960,200.0000,200.0000,72.0000,72.0000,66.20,0.00,0.00,85.52,0.00,0.00
8.7980,200.0000,200.0000,72.0000,72.0000,66.20,0.00,0.00,85.52,0.00,0.00
8.8000,200.0000,200.0000,72.0000,72.0000,66.20,0.00,0.00,85.52,0.00,0.00
8.8020,200.0000,200.0000,72.0000,72.0000,66.20,0.00,0.00,85.52,0.00,0.00
8.8040,200.0000,200.0000,72.0000,72.0000,66.20,0.00,0.00,85.52,0.00,0.00
8.8060,200.0000,200.0000,72.0000,72.0000,66.20,0.00,0.00,85.52,0.00,0.00
8.8080,200.0000,200.0000,72.0000,72.0000,66.20,0.00,0.00,85.52,0.00,0.00
8.8100,200.0000,200.0000,72.0000,72.0000,66.20,0.00,0.00,85.52,0.00,0.00
8.8120,200.0000,200.0000,72.0000,72.0000,66.20,0.00,0.00,85.52,0.00,0.00
8.8140,200.0000,200.0000,72.0000,72.0000,66.20,0.00,0.00,85.52,0.00,0.00
8.8160,200.0000,200.0000,72.0000,72.0000,66.20,0.00,0.00,85.52,0.00,0.00
8.8180,200.0000,200.0000,72.0000,72.0000,66.20,0.00,0.00,85.52,0.00,0.00
8.8200,200.0000,200.0000,72.0000,72.0000,66.20,0.00,0.00,85.52,0.00,0.00
8.8220,200.0000,200.0000,72.0000,72.0000,66.20,0.00,0.00,85.52,0.00,0.00
8.8240,200.0000,200.0000,72.0000,72.0000,66.20,0.00,0.00,85.52,0.00,0.00
8.8260,200.0000,200.0000,72.0000,72.0000,66.20,0.00,0.00,85.52,0.00,0.00
8.8280,200.0000,200.0000,72.0000,72.0000,66.20,0.00,0.00,85.52,0.00,0.00
8.8300,200.0000,200.0000,72.0000,72.0000,66.20,0.00,0.00,85.52,0.00,0.00
8.8320,200.0000,200.0000,72.0000,72.0000,66.20,0.00,0.00,85.52,0.00,0.00
8.8340,200.0000,200.0000,72.0000,72.0000,66.20,0.00,0.00,85.52,0.00,0.00
8.8360,200.0000,200.0000,72.0000,72.0000,66.20,0.00,0.00,0.00,0.00,84.71
8.8380,200.0000,200.0000,72.0000,72.0000,66.20,0.00,0.00,0.00,0.00,84.71
8.8400,200.0000,200.0000,72.0000,72.0000,66.20,0.00,0.00,0.00,0.00,84.71
8.8420,200.0000,200.0000,72.0000,72.0000,66.20,0.00,0.00,0.00,0.00,84.71
8.8440,200.0000,200.0000,72.0000,72.0000,66.20,0.00,0.00,0.00,0.00,84.71
8.8460,200.0000,200.0000,72.0000,72.0000,66.20,0.00,0.00,0.00,0.00,84.71
8.8480,200.0000,200.0000,72.0000,72.0000,66.20,0.00,0.00,0.00,0.00,84.71
8.8500,200.0000,200.0000,72.0000,72.0000,66.20,0.00,0.00,0.00,0.00,84.71
8.8520,200.0000,200.0000,72.0000,72.0000,66.20,0.00,0.00,0.00,0.00,84.71
8.8540,200.0000,200.0000,72.0000,72.0000,66.20,0.00,0.00,0.00,0.00,84.71
8.8560,200.0000,200.0000,72.0000,72.0000,66.20,0.00,0.00,0.00,0.00,84.71
8.8580,200.0000,200.0000,72.0000,72.0000,66.20,0.00,0.00,0.00,0.00,84.71
8.8600,200.0000,200.0000,72.0000,72.0000,66.20,0.00,0.00,0.00,0.00,84.71
8.8620,200.0000,200.0000,72.0000,72.0000,66.20,0.00,0.00,0.00,0.00,84.71
8.8640,200.0000,200.0000,72.0000,72.0000,66.20,0.00,0.00,0.00,0.00,84.71
8.8660,200.0000,200.0000,72.0000,72.0000,66.20,0.00,0.00,0.00,0.00,84.71
8.8680,200.0000,200.0000,72.0000,72.0000,66.20,0.00,0.00,0.00,0.00,84.71
8.8700,200.0000,200.0000,72.0000,72.0000,66.20,0.00,0.00,85.52,0.00,0.00
8.8720,200.0000,200.0000,72.0000,72.0000,66.20,0.00,0.00,85.52,0.00,0.00
8.8740,200.0000,200.0000,72.0000,72.0000,66.20,0.00,0.00,85.52,0.00,0.00
8.8760,200.0000,200.0000,72.0000,72.0000,66.20,0.00,0.00,85.52,0.00,0.00
8.8780,200.0000,200.0000,72.0000,72.0000,66.20,0.00,0.00,85.52,0.00,0.00
8.8800,200.0000,200.0000,72.0000,72.0000,66.20,0.00,0.00,85.52,0.00,0.00
8.8820,200.0000,200.0000,72.0000,72.0000,66.20,0.00,0.00,85.52,0.00,0.00
8.8840,200.0000,200.0000,72.0000,72.0000,66.20,0.00,0.00,85.52,0.00,0.00
8.8860,200.0000,200.0000,72.0000,72.0000,66.20,0.00,0.00,85.52,0.00,0.00
8.8880,200.0000,200.0000,72.0000,72.0000,66.20,0.00,0.00,85.52,0.00,0.00
8.8900,200.0000,200.0000,72.0000,72.0000,66.20,0.00,0.00,85.52,0.00,0.00
8.8920,200.0000,200.0000,72.0000,72.0000,66.20,0.00,0.00,85.52,0.00,0.00
8.8940,200.0000,200.0000,72.0000,72.0000,66.20,0.00,0.00,85.52,0.00,0.00
8.8960,200.0000,200.0000,72.0000,72.0000,66.20,0.00,0.00,85.52,0.00,0.00
8.8980,200.0000,200.0000,72.0000,72.0000,66.20,0.00,0.00,85.52,0.00,0.00
8.9000,200.0000,200.0000,72.0000,72.0000,66.20,0.00,0.00,85.52,0.00,0.00
8.9020,200.0000,200.0000,72.0000,72.0000,66.20,0.00,0.00,85.52,0.00,0.00
8.9040,200.0000,200.0000,72.0000,72.0000,0.00,0.00,70.60,85.52,0.00,0.00
8.9060,200.0000,200.0000,72.0000,72.0000,0.00,0.00,70.60,85.52,0.00,0.00
8.9080,200.0000,200.0000,72.0000,72.0000,0.00,0.00,70.60,85.52,0.00,0.00
8.9100,200.0000,200.0000,72.0000,72.0000,0.00,0.00,70.60,85.52,0.00,0.00
8.9120,200.0000,200.0000,72.0000,72.0000,0.00,0.00,70.60,85.52,0.00,0.00
8.9140,200.0000,200.0000,72.0000,72.0000,0.00,0.00,70.60,85.52,0.00,0.00
8.9160,200.0000,200.0000,72.0000,72.0000,0.00,0.00,70.60,85.52,0.00,0.00
8.9180,200.0000,200.0000,72.0000,72.0000,0.00,0.00,70.60,85.52,0.00,0.00
8.9200,200.0000,200.0000,72.0000,72.0000,0.00,0.00,70.60,85.52,0.00,0.00
8.9220,200.0000,200.0000,72.0000,72.0000,0.00,0.00,70.60,85.52,0.00,0.00
8.9240,200.0000,200.0000,72.0000,72.0000,66.20,0.00,0.00,85.52,0.00,0.00
8.9260,200.0000,200.0000,72.0000,72.0000,66.20,0.00,0.00,85.52,0.00,0.00
8.9280,200.0000,200.0000,72.0000,72.0000,66.20,0.00,0.00,85.52,0.00,0.00
8.9300,200.0000,200.0000,72.0000,72.0000,66.20,0.00,0.00,85.52,0.00,0.00
8.9320,200.0000,200.0000,72.0000,72.0000,66.20,0.00,0.00,85.52,0.00,0.00
8.9340,200.0000,200.0000,72.0000,72.0000,66.20,0.00,0.00,85.52,0.00,0.00
8.9360,200.0000,200.0000,72.0000,72.0000,66.20,0.00,0.00,85.52,0.00,0.00
8.9380,200.0000,200.0000,72.0000,72.0000,66.20,0.00,0.00,85.52,0.00,0.00
8.9400,200.0000,200.0000,72.0000,72.0000,66.20,0.00,0.00,85.52,0.00,0.00
8.9420,200.0000,200.0000,72.0000,72.0000,66.20,0.00,0.00,85.52,0.00,0.00
8.9440,200.0000,200.0000,72.0000,72.0000,66.20,0.00,0.00,85.52,0.00,0.00
8.9460,200.0000,200.0000,72.0000,72.0000,66.20,0.00,0.00,85.52,0.00,0.00
8.9480,200.0000,200.0000,72.0000,72.0000,66.20,0.00,0.00,85.52,0.00,0.00
8.9500,200.0000,200.0000,72.0000,72.0000,66.20,0.00,0.00,85.52,0.00,0.00
8.9520,200.0000,200.0000,72.0000,72.0000,66.20,0.00,0.00,85.52,0.00,0.00
8.9540,200.0000,200.0000,72.0000,72.0000,66.20,0.00,0.00,85.52,0.00,0.00
8.9560,200.0000,200.0000,72.0000,72.0000,66.20,0.00,0.00,85.52,0.00,0.00
8.9580,200.0000,200.0000,72.0000,72.0000,66.20,0.00,0.00,85.52,0.00,0.00
8.9600,200.0000,200.0000,72.0000,72.0000,66.20,0.00,0.00,85.52,0.00,0.00
8.9620,200.0000,200.0000,72.0000,72.0000,66.20,0.00,0.00,85.52,0.00,0.00
8.9640,200.0000,200.0000,72.0000,72.0000,66.20,0.00,0.00,85.52,0.00,0.00
8.9660,200.0000,200.0000,72.0000,72.0000,66.20,0.00,0.00,85.52,0.00,0.00
8.9680,200.0000,200.0000,72.0000,72.0000,66.20,0.00,0.00,85.52,0.00,0.00
8.9700,200.0000,200.0000,72.0000,72.0000,66.20,0.00,0.00,85.52,0.00,0.00
8.9720,200.0000,200.0000,72.0000,72.0000,66.20,0.00,0.00,85.52,0.00,0.00
8.9740,200.0000,200.0000,72.0000,72.0000,66.20,0.00,0.00,85.52,0.00,0.00
8.9760,200.0000,200.0000,72.0000,72.0000,66.20,0.00,0.00,85.52,0.00,0.00
8.9780,200.0000,200.0000,72.0000,72.0000,66.20,0.00,0.00,85.52,0.00,0.00
8.9800,200.0000,200.0000,72.0000,72.0000,66.20,0.00,0.00,85.52,0.00,0.00
8.9820,200.0000,200.0000,72.0000,72.0000,66.20,0.00,0.00,85.52,0.00,0.00
8.9840,200.0000,200.0000,72.0000,72.0000,66.20,0.00,0.00,85.52,0.00,0.00
8.9860,200.0000,200.0000,72.0000,72.0000,66.20,0.00,0.00,85.52,0.00,0.00
8.9880,200.0000,200.0000,72.0000,72.0000,66.20,0.00,0.00,85.52,0.00,0.00
8.9900,200.0000,200.0000,72.0000,72.0000,66.20,0.00,0.00,85.52,0.00,0.00
8.9920,200.0000,200.0000,72.0000,72.0000,66.20,0.00,0.00,85.52,0.00,0.00
8.9940,200.0000,200.0000,72.0000,72.0000,66.20,0.00,0.00,85.52,0.00,0.00
8.9960,200.0000,200.0000,72.0000,72.0000,66.20,0.00,0.00,85.52,0.00,0.00
8.9980,200.0000,200.0000,72.0000,72.0000,66.20,0.00,0.00,85.52,0.00,0.00
9.0000,200.0000,200.0000,72.0000,72.0000,66.20,0.00,0.00,85.52,0.00,0.00
9.0020,200.0000,200.0000,72.0000,72.0000,66.20,0.00,0.00,85.52,0.00,0.00
9.0040,200.0000,200.0000,72.0000,72.0000,66.20,0.00,0.00,85.52,0.00,0.00
9.0060,200.0000,200.0000,72.0000,72.0000,66.20,0.00,0.00,85.52,0.00,0.00
9.0080,200.0000,200.0000,72.0000,72.0000,66.20,0.00,0.00,85.52,0.00,0.00
9.0100,200.0000,200.0000,72.0000,72.0000,66.20,0.00,0.00,85.52,0.00,0.00
9.0120,200.0000,200.0000,72.0000,72.0000,66.20,0.00,0.00,85.52,0.00,0.00
9.0140,200.0000,200.0000,72.0000,72.0000,66.20,0.00,0.00,0.00,0.00,84.71
9.0160,200.0000,200.0000,72.0000,72.0000,66.20,0.00,0.00,0.00,0.00,84.71
9.0180,200.0000,200.0000,72.0000,72.0000,66.20,0.00,0.00,0.00,0.00,84.71
9.0200,200.0000,200.0000,72.0000,72.0000,66.20,0.00,0.00,0.00,0.00,84.71
9.0220,200.0000,200.0000,72.0000,72.0000,66.20,0.00,0.00,0.00,0.00,84.71
9.0240,200.0000,200.0000,72.0000,72.0000,66.20,0.00,0.00,0.00,0.00,84.71
9.0260,200.0000,200.0000,72.0000,72.0000,66.20,0.00,0.00,0.00,0.00,84.71
9.0280,200.0000,200.0000,72.0000,72.0000,66.20,0.00,0.00,0.00,0.00,84.71
9.0300,200.0000,200.0000,72.0000,72.0000,66.20,0.00,0.00,0.00,0.00,84.71
9.0320,200.0000,200.0000,72.0000,72.0000,66.20,0.00,0.00,0.00,0.00,84.71
9.0340,200.0000,200.0000,72.0000,72.0000,66.20,0.00,0.00,0.00,0.00,84.71
9.0360,200.0000,200.0000,72.0000,72.0000,66.20,0.00,0.00,0.00,0.00,84.71
9.0380,200.0000,200.0000,72.0000,72.0000,66.20,0.00,0.00,0.00,0.00,84.71
9.0400,200.0000,200.0000,72.0000,72.0000,66.20,0.00,0.00,0.00,0.00,84.71
9.0420,200.0000,200.0000,72.0000,72.0000,66.20,0.00,0.00,0.00,0.00,84.71
9.0440,200.0000,200.0000,72.0000,72.0000,66.20,0.00,0.00,0.00,0.00,84.71
9.0460,200.0000,200.0000,72.0000,72.0000,66.20,0.00,0.00,0.00,0.00,84.71
9.0480,200.0000,200.0000,72.0000,72.0000,66.20,0.00,0.00,85.52,0.00,0.00
9.0500,200.0000,200.0000,72.0000,72.0000,66.20,0.00,0.00,85.52,0.00,0.00
9.0520,200.0000,200.0000,72.0000,72.0000,66.20,0.00,0.00,85.52,0.00,0.00
9.0540,200.0000,200.0000,72.0000,72.0000,66.20,0.00,0.00,85.52,0.00,0.00
9.0560,200.0000,200.0000,72.0000,72.0000,66.20,0.00,0.00,85.52,0.00,0.00
9.0580,200.0000,200.0000,72.0000,72.0000,66.20,0.00,0.00,85.52,0.00,0.00
9.0600,200.0000,200.0000,72.0000,72.0000,66.20,0.00,0.00,85.52,0.00,0.00
9.0620,200.0000,200.0000,72.0000,72.0000,66.20,0.00,0.00,85.52,0.00,0.00
9.0640,200.0000,200.0000,72.0000,72.0000,66.20,0.00,0.00,85.52,0.00,0.00
9.0660,200.0000,200.0000,72.0000,72.0000,66.20,0.00,0.00,85.52,0.00,0.00
9.0680,200.0000,200.0000,72.0000,72.0000,66.20,0.00,0.00,85.52,0.00,0.00
9.0700,200.0000,200.0000,72.0000,72.0000,66.20,0.00,0.00,85.52,0.00,0.00
9.0720,200.0000,200.0000,72.0000,72.0000,66.20,0.00,0.00,85.52,0.00,0.00
9.0740,200.0000,200.0000,72.0000,72.0000,66.20,0.00,0.00,85.52,0.00,0.00
9.0760,200.0000,200.0000,72.0000,72.0000,66.20,0.00,0.00,85.52,0.00,0.00
9.0780,200.0000,200.0000,72.0000,72.0000,66.20,0.00,0.00,85.52,0.00,0.00
9.0800,200.0000,200.0000,72.0000,72.0000,66.20,0.00,0.00,85.52,0.00,0.00
9.0820,200.0000,200.0000,72.0000,72.0000,66.20,0.00,0.00,85.52,0.00,0.00
9.0840,200.0000,200.0000,72.0000,72.0000,66.20,0.00,0.00,85.52,0.00,0.00
9.0860,200.0000,200.0000,72.0000,72.0000,66.20,0.00,0.00,85.52,0.00,0.00
9.0880,200.0000,200.0000,72.0000,72.0000,66.20,0.00,0.00,85.52,0.00,0.00
9.0900,200.0000,200.0000,72.0000,72.0000,66.20,0.00,0.00,85.52,0.00,0.00
9.0920,200.0000,200.0000,72.0000,72.0000,66.20,0.00,0.00,85.52,0.00,0.00
9.0940,200.0000,200.0000,72.0000,72.0000,66.20,0.00,0.00,85.52,0.00,0.00
9.0960,200.0000,200.0000,72.0000,72.0000,66.20,0.00,0.00,85.52,0.00,0.00
9.0980,200.0000,200.0000,72.0000,72.0000,66.20,0.00,0.00,85.52,0.00,0.00
9.1000,200.0000,200.0000,72.0000,72.0000,66.20,0.00,0.00,85.52,0.00,0.00
9.1020,200.0000,200.0000,72.0000,72.0000,66.20,0.00,0.00,85.52,0.00,0.00
9.1040,200.0000,200.0000,72.0000,72.0000,66.20,0.00,0.00,85.52,0.00,0.00
9.1060,200.0000,200.0000,72.0000,72.0000,66.20,0.00,0.00,85.52,0.00,0.00
9.1080,200.0000,200.0000,72.0000,72.0000,66.20,0.00,0.00,85.52,0.00,0.00
9.1100,200.0000,200.0000,72.0000,72.0000,66.20,0.00,0.00,85.52,0.00,0.00
9.1120,200.0000,200.0000,72.0000,72.0000,66.20,0.00,0.00,85.52,0.00,0.00
9.1140,200.0000,200.0000,72.0000,72.0000,66.20,0.00,0.00,85.52,0.00,0.00
9.1160,200.0000,200.0000,72.0000,72.0000,66.20,0.00,0.00,85.52,0.00,0.00
9.1180,200.0000,200.0000,72.0000,72.0000,66.20,0.00,0.00,85.52,0.00,0.00
9.1200,200.0000,200.0000,72.0000,72.0000,66.20,0.00,0.00,85.52,0.00,0.00
9.1220,200.0000,200.0000,72.0000,72.0000,66.20,0.00,0.00,85.52,0.00,0.00
9.1240,200.0000,200.0000,72.0000,72.0000,66.20,0.00,0.00,85.52,0.00,0.00
9.1260,200.0000,200.0000,72.0000,72.0000,66.20,0.00,0.00,85.52,0.00,0.00
9.1280,200.0000,200.0000,72.0000,72.0000,66.20,0.00,0.00,85.52,0.00,0.00
9.1300,200.0000,200.0000,72.0000,72.0000,66.20,0.00,0.00,85.52,0.00,0.00
9.1320,200.0000,200.0000,72.0000,72.0000,66.20,0.00,0.00,85.52,0.00,0.00
9.1340,200.0000,200.0000,72.0000,72.0000,0.00,0.00,70.60,85.52,0.00,0.00
9.1360,200.0000,200.0000,72.0000,72.0000,0.00,0.00,70.60,85.52,0.00,0.00
9.1380,200.0000,200.0000,72.0000,72.0000,0.00,0.00,70.60,85.52,0.00,0.00
9.1400,200.0000,200.0000,72.0000,72.0000,0.00,0.00,70.60,85.52,0.00,0.00
9.1420,200.0000,200.0000,72.0000,72.0000,0.00,0.00,70.60,85.52,0.00,0.00
9.1440,200.0000,200.0000,72.0000,72.0000,0.00,0.00,70.60,85.52,0.00,0.00
9.1460,200.0000,200.0000,72.0000,72.0000,0.00,0.00,70.60,85.52,0.00,0.00
9.1480,200.0000,200.0000,72.0000,72.0000,0.00,0.00,70.60,85.52,0.00,0.00
9.1500,200.0000,200.0000,72.0000,72.0000,0.00,0.00,70.60,85.52,0.00,0.00
9.1520,200.0000,200.0000,72.0000,72.0000,0.00,0.00,70.60,85.52,0.00,0.00
9.1540,200.0000,200.0000,72.0000,72.0000,66.20,0.00,0.00,85.52,0.00,0.00
9.1560,200.0000,200.0000,72.0000,72.0000,66.20,0.00,0.00,85.52,0.00,0.00
9.1580,200.0000,200.0000,72.0000,72.0000,66.20,0.00,0.00,85.52,0.00,0.00
9.1600,200.0000,200.0000,72.0000,72.0000,66.20,0.00,0.00,85.52,0.00,0.00
9.1620,200.0000,200.0000,72.0000,72.0000,66.20,0.00,0.00,85.52,0.00,0.00
9.1640,200.0000,200.0000,72.0000,72.0000,66.20,0.00,0.00,85.52,0.00,0.00
9.1660,200.0000,200.0000,72.0000,72.0000,66.20,0.00,0.00,85.52,0.00,0.00
9.1680,200.0000,200.0000,72.0000,72.0000,66.20,0.00,0.00,85.52,0.00,0.00
9.1700,200.0000,200.0000,72.0000,72.0000,66.20,0.00,0.00,85.52,0.00,0.00
9.1720,200.0000,200.0000,72.0000,72.0000,66.20,0.00,0.00,85.52,0.00,0.00
9.1740,200.0000,200.0000,72.0000,72.0000,66.20,0.00,0.00,85.52,0.00,0.00
9.1760,200.0000,200.0000,72.0000,72.0000,66.20,0.00,0.00,85.52,0.00,0.00
9.1780,200.0000,200.0000,72.0000,72.0000,66.20,0.00,0.00,85.52,0.00,0.00
9.1800,200.0000,200.0000,72.0000,72.0000,66.20,0.00,0.00,85.52,0.00,0.00
9.1820,200.0000,200.0000,72.0000,72.0000,66.20,0.00,0.00,85.52,0.00,0.00
9.1840,200.0000,200.0000,72.0000,72.0000,66.20,0.00,0.00,85.52,0.00,0.00
9.1860,200.0000,200.0000,72.0000,72.0000,66.20,0.00,0.00,85.52,0.00,0.00
9.1880,200.0000,200.0000,72.0000,72.0000,66.20,0.00,0.00,85.52,0.00,0.00
9.1900,200.0000,200.0000,72.0000,72.0000,66.20,0.00,0.00,85.52,0.00,0.00
9.1920,200.0000,200.0000,72.0000,72.0000,66.20,0.00,0.00,0.00,0.00,84.71
9.1940,200.0000,200.0000,72.0000,72.0000,66.20,0.00,0.00,0.00,0.00,84.71
9.1960,200.0000,200.0000,72.0000,72.0000,66.20,0.00,0.00,0.00,0.00,84.71
9.1980,200.0000,200.0000,72.0000,72.0000,66.20,0.00,0.00,0.00,0.00,84.71
9.2000,200.0000,200.0000,72.0000,72.0000,66.20,0.00,0.00,0.00,0.00,84.71
9.2020,200.0000,200.0000,72.0000,72.0000,66.20,0.00,0.00,0.00,0.00,84.71
9.2040,200.0000,200.0000,72.0000,72.0000,66.20,0.00,0.00,0.00,0.00,84.71
9.2060,200.0000,200.0000,72.0000,72.0000,66.20,0.00,0.00,0.00,0.00,84.71
9.2080,200.0000,200.0000,72.0000,72.0000,66.20,0.00,0.00,0.00,0.00,84.71
9.2100,200.0000,200.0000,72.0000,72.0000,66.20,0.00,0.00,0.00,0.00,84.71
9.2120,200.0000,200.0000,72.0000,72.0000,66.20,0.00,0.00,0.00,0.00,84.71
9.2140,200.0000,200.0000,72.0000,72.0000,66.20,0.00,0.00,0.00,0.00,84.71
9.2160,200.0000,200.0000,72.0000,72.0000,66.20,0.00,0.00,0.00,0.00,84.71
9.2180,200.0000,200.0000,72.0000,72.0000,66.20,0.00,0.00,0.00,0.00,84.71
9.2200,200.0000,200.0000,72.0000,72.0000,66.20,0.00,0.00,0.00,0.00,84.71
9.2220,200.0000,200.0000,72.0000,72.0000,66.20,0.00,0.00,0.00,0.00,84.71
9.2240,200.0000,200.0000,72.0000,72.0000,66.20,0.00,0.00,0.00,0.00,84.71
9.2260,200.0000,200.0000,72.0000,72.0000,66.20,0.00,0.00,85.52,0.00,0.00
9.2280,200.0000,200.0000,72.0000,72.0000,66.20,0.00,0.00,85.52,0.00,0.00
9.2300,200.0000,200.0000,72.0000,72.0000,66.20,0.00,0.00,85.52,0.00,0.00
9.2320,200.0000,200.0000,72.0000,72.0000,66.20,0.00,0.00,85.52,0.00,0.00
9.2340,200.0000,200.0000,72.0000,72.0000,66.20,0.00,0.00,85.52,0.00,0.00
9.2360,200.0000,200.0000,72.0000,72.0000,66.20,0.00,0.00,85.52,0.00,0.00
9.2380,200.0000,200.0000,72.0000,72.0000,66.20,0.00,0.00,85.52,0.00,0.00
9.2400,200.0000,200.0000,72.0000,72.0000,66.20,0.00,0.00,85.52,0.00,0.00
9.2420,200.0000,200.0000,72.0000,72.0000,66.20,0.00,0.00,85.52,0.00,0.00
9.2440,200.0000,200.0000,72.0000,72.0000,66.20,0.00,0.00,85.52,0.00,0.00
9.2460,200.0000,200.0000,72.0000,72.0000,66.20,0.00,0.00,85.52,0.00,0.00
9.2480,200.0000,200.0000,72.0000,72.0000,66.20,0.00,0.00,85.52,0.00,0.00
9.2500,200.0000,200.0000,72.0000,72.0000,66.20,0.00,0.00,85.52,0.00,0.00
9.2520,200.0000,200.0000,72.0000,72.0000,66.20,0.00,0.00,85.52,0.00,0.00
9.2540,200.0000,200.0000,72.0000,72.0000,66.20,0.00,0.00,85.52,0.00,0.00
9.2560,200.0000,200.0000,72.0000,72.0000,66.20,0.00,0.00,85.52,0.00,0.00
9.2580,200.0000,200.0000,72.0000,72.0000,66.20,0.00,0.00,85.52,0.00,0.00
9.2600,200.0000,200.0000,72.0000,72.0000,66.20,0.00,0.00,85.52,0.00,0.00
9.2620,200.0000,200.0000,72.0000,72.0000,66.20,0.00,0.00,85.52,0.00,0.00
9.2640,200.0000,200.0000,72.0000,72.0000,66.20,0.00,0.00,85.52,0.00,0.00
9.2660,200.0000,200.0000,72.0000,72.0000,66.20,0.00,0.00,85.52,0.00,0.00
9.2680,200.0000,200.0000,72.0000,72.0000,66.20,0.00,0.00,85.52,0.00,0.00
9.2700,200.0000,200.0000,72.0000,72.0000,66.20,0.00,0.00,85.52,0.00,0.00
9.2720,200.0000,200.0000,72.0000,72.0000,66.20,0.00,0.00,85.52,0.00,0.00
9.2740,200.0000,200.0000,72.0000,72.0000,66.20,0.00,0.00,85.52,0.00,0.00
9.2760,200.0000,200.0000,72.0000,72.0000,66.20,0.00,0.00,85.52,0.00,0.00
9.2780,200.0000,200.0000,72.0000,72.0000,66.20,0.00,0.00,85.52,0.00,0.00
9.2800,200.0000,200.0000,72.0000,72.0000,66.20,0.00,0.00,85.52,0.00,0.00
9.2820,200.0000,200.0000,72.0000,72.0000,66.20,0.00,0.00,85.52,0.00,0.00
9.2840,200.0000,200.0000,72.0000,72.0000,66.20,0.00,0.00,85.52,0.00,0.00
9.2860,200.0000,200.0000,72.0000,72.0000,66.20,0.00,0.00,85.52,0.00,0.00
9.2880,200.0000,200.0000,72.0000,72.0000,66.20,0.00,0.00,85.52,0.00,0.00
9.2900,200.0000,200.0000,72.0000,72.0000,66.20,0.00,0.00,85.52,0.00,0.00
9.2920,200.0000,200.0000,72.0000,72.0000,66.20,0.00,0.00,85.52,0.00,0.00
9.2940,200.0000,200.0000,72.0000,72.0000,66.20,0.00,0.00,85.52,0.00,0.00
9.2960,200.0000,200.0000,72.0000,72.0000,66.20,0.00,0.00,85.52,0.00,0.00
9.2980,200.0000,200.0000,72.0000,72.0000,66.20,0.00,0.00,85.52,0.00,0.00
9.3000,200.0000,200.0000,72.0000,72.0000,66.20,0.00,0.00,85.52,0.00,0.00
9.3020,200.0000,200.0000,72.0000,72.0000,66.20,0.00,0.00,85.52,0.00,0.00
9.3040,200.0000,200.0000,72.0000,72.0000,66.20,0.00,0.00,85.52,0.00,0.00
9.3060,200.0000,200.0000,72.0000,72.0000,66.20,0.00,0.00,85.52,0.00,0.00
9.3080,200.0000,200.0000,72.0000,72.0000,66.20,0.00,0.00,85.52,0.00,0.00
9.3100,200.0000,200.0000,72.0000,72.0000,66.20,0.00,0.00,85.52,0.00,0.00
9.3120,200.0000,200.0000,72.0000,72.0000,66.20,0.00,0.00,85.52,0.00,0.00
9.3140,200.0000,200.0000,72.0000,72.0000,66.20,0.00,0.00,85.52,0.00,0.00
9.3160,200.0000,200.0000,72.0000,72.0000,66.20,0.00,0.00,85.52,0.00,0.00
9.3180,200.0000,200.0000,72.0000,72.0000,66.20,0.00,0.00,85.52,0.00,0.00
9.3200,200.0000,200.0000,72.0000,72.0000,66.20,0.00,0.00,85.52,0.00,0.00
9.3220,200.0000,200.0000,72.0000,72.0000,66.20,0.00,0.00,85.52,0.00,0.00
9.3240,200.0000,200.0000,72.0000,72.0000,66.20,0.00,0.00,85.52,0.00,0.00
9.3260,200.0000,200.0000,72.0000,72.0000,66.20,0.00,0.00,85.52,0.00,0.00
9.3280,200.0000,200.0000,72.0000,72.0000,66.20,0.00,0.00,85.52,0.00,0.00
9.3300,200.0000,200.0000,72.0000,72.0000,66.20,0.00,0.00,85.52,0.00,0.00
9.3320,200.0000,200.0000,72.0000,72.0000,66.20,0.00,0.00,85.52,0.00,0.00
9.3340,200.0000,200.0000,72.0000,72.0000,66.20,0.00,0.00,85.52,0.00,0.00
9.3360,200.0000,200.0000,72.0000,72.0000,66.20,0.00,0.00,85.52,0.00,0.00
9.3380,200.0000,200.0000,72.0000,72.0000,66.20,0.00,0.00,85.52,0.00,0.00
9.3400,200.0000,200.0000,72.0000,72.0000,66.20,0.00,0.00,85.52,0.00,0.00
9.3420,200.0000,200.0000,72.0000,72.0000,66.20,0.00,0.00,85.52,0.00,0.00
9.3440,200.0000,200.0000,72.0000,72.0000,66.20,0.00,0.00,85.52,0.00,0.00
9.3460,200.0000,200.0000,72.0000,72.0000,66.20,0.00,0.00,85.52,0.00,0.00
9.3480,200.0000,200.0000,72.0000,72.0000,66.20,0.00,0.00,85.52,0.00,0.00
9.3500,200.0000,200.0000,72.0000,72.0000,66.20,0.00,0.00,85.52,0.00,0.00
9.3520,200.0000,200.0000,72.0000,72.0000,66.20,0.00,0.00,85.52,0.00,0.00
9.3540,200.0000,200.0000,72.0000,72.0000,66.20,0.00,0.00,85.52,0.00,0.00
9.3560,200.0000,200.0000,72.0000,72.0000,66.20,0.00,0.00,85.52,0.00,0.00
9.3580,200.0000,200.0000,72.0000,72.0000,66.20,0.00,0.00,85.52,0.00,0.00
9.3600,200.0000,200.0000,72.0000,72.0000,66.20,0.00,0.00,85.52,0.00,0.00
9.3620,200.0000,200.0000,72.0000,72.0000,66.20,0.00,0.00,85.52,0.00,0.00
9.3640,200.0000,200.0000,72.0000,72.0000,0.00,0.00,70.60,85.52,0.00,0.00
9.3660,200.0000,200.0000,72.0000,72.0000,0.00,0.00,70.60,85.52,0.00,0.00
9.3680,200.0000,200.0000,72.0000,72.0000,0.00,0.00,70.60,85.52,0.00,0.00
9.3700,200.0000,200.0000,72.0000,72.0000,0.00,0.00,70.60,0.00,0.00,84.71
9.3720,200.0000,200.0000,72.0000,72.0000,0.00,0.00,70.60,0.00,0.00,84.71
9.3740,200.0000,200.0000,72.0000,72.0000,0.00,0.00,70.60,0.00,0.00,84.71
9.3760,200.0000,200.0000,72.0000,72.0000,0.00,0.00,70.60,0.00,0.00,84.71
9.3780,200.0000,200.0000,72.0000,72.0000,0.00,0.00,70.60,0.00,0.00,84.71
9.3800,200.0000,200.0000,72.0000,72.0000,0.00,0.00,70.60,0.00,0.00,84.71
9.3820,200.0000,200.0000,72.0000,72.0000,0.00,0.00,70.60,0.00,0.00,84.71
9.3840,200.0000,200.0000,72.0000,72.0000,66.20,0.00,0.00,0.00,0.00,84.71
9.3860,200.0000,200.0000,72.0000,72.0000,66.20,0.00,0.00,0.00,0.00,84.71
9.3880,200.0000,200.0000,72.0000,72.0000,66.20,0.00,0.00,0.00,0.00,84.71
9.3900,200.0000,200.0000,72.0000,72.0000,66.20,0.00,0.00,0.00,0.00,84.71
9.3920,200.0000,200.0000,72.0000,72.0000,66.20,0.00,0.00,0.00,0.00,84.71
9.3940,200.0000,200.0000,72.0000,72.0000,66.20,0.00,0.00,0.00,0.00,84.71
9.3960,200.0000,200.0000,72.0000,72.0000,66.20,0.00,0.00,0.00,0.00,84.71
9.3980,200.0000,200.0000,72.0000,72.0000,66.20,0.00,0.00,0.00,0.00,84.71
9.4000,200.0000,200.0000,72.0000,72.0000,66.20,0.00,0.00,0.00,0.00,84.71
9.4020,200.0000,200.0000,72.0000,72.0000,66.20,0.00,0.00,0.00,0.00,84.71
9.4040,200.0000,200.0000,72.0000,72.0000,66.20,0.00,0.00,85.52,0.00,0.00
9.4060,200.0000,200.0000,72.0000,72.0000,66.20,0.00,0.00,85.52,0.00,0.00
9.4080,200.0000,200.0000,72.0000,72.0000,66.20,0.00,0.00,85.52,0.00,0.00
9.4100,200.0000,200.0000,72.0000,72.0000,66.20,0.00,0.00,85.52,0.00,0.00
9.4120,200.0000,200.0000,72.0000,72.0000,66.20,0.00,0.00,85.52,0.00,0.00
9.4140,200.0000,200.0000,72.0000,72.0000,66.20,0.00,0.00,85.52,0.00,0.00
9.4160,200.0000,200.0000,72.0000,72.0000,66.20,0.00,0.00,85.52,0.00,0.00
9.4180,200.0000,200.0000,72.0000,72.0000,66.20,0.00,0.00,85.52,0.00,0.00
9.4200,200.0000,200.0000,72.0000,72.0000,66.20,0.00,0.00,85.52,0.00,0.00
9.4220,200.0000,200.0000,72.0000,72.0000,66.20,0.00,0.00,85.52,0.00,0.00
9.4240,200.0000,200.0000,72.0000,72.0000,66.20,0.00,0.00,85.52,0.00,0.00
9.4260,200.0000,200.0000,72.0000,72.0000,66.20,0.00,0.00,85.52,0.00,0.00
9.4280,200.0000,200.0000,72.0000,72.0000,66.20,0.00,0.00,85.52,0.00,0.00
9.4300,200.0000,200.0000,72.0000,72.0000,66.20,0.00,0.00,85.52,0.00,0.00
9.4320,200.0000,200.0000,72.0000,72.0000,66.20,0.00,0.00,85.52,0.00,0.00
9.4340,200.0000,200.0000,72.0000,72.0000,66.20,0.00,0.00,85.52,0.00,0.00
9.4360,200.0000,200.0000,72.0000,72.0000,66.20,0.00,0.00,85.52,0.00,0.00
9.4380,200.0000,200.0000,72.0000,72.0000,66.20,0.00,0.00,85.52,0.00,0.00
9.4400,200.0000,200.0000,72.0000,72.0000,66.20,0.00,0.00,85.52,0.00,0.00
9.4420,200.0000,200.0000,72.0000,72.0000,66.20,0.00,0.00,85.52,0.00,0.00
9.4440,200.0000,200.0000,72.0000,72.0000,66.20,0.00,0.00,85.52,0.00,0.00
9.4460,200.0000,200.0000,72.0000,72.0000,66.20,0.00,0.00,85.52,0.00,0.00
9.4480,200.0000,200.0000,72.0000,72.0000,66.20,0.00,0.00,85.52,0.00,0.00
9.4500,200.0000,200.0000,72.0000,72.0000,66.20,0.00,0.00,85.52,0.00,0.00
9.4520,200.0000,200.0000,72.0000,72.0000,66.20,0.00,0.00,85.52,0.00,0.00
9.4540,200.0000,200.0000,72.0000,72.0000,66.20,0.00,0.00,85.52,0.00,0.00
9.4560,200.0000,200.0000,72.0000,72.0000,66.20,0.00,0.00,85.52,0.00,0.00
9.4580,200.0000,200.0000,72.0000,72.0000,66.20,0.00,0.00,85.52,0.00,0.00
9.4600,200.0000,200.0000,72.0000,72.0000,66.20,0.00,0.00,85.52,0.00,0.00
9.4620,200.0000,200.0000,72.0000,72.0000,66.20,0.00,0.00,85.52,0.00,0.00
9.4640,200.0000,200.0000,72.0000,72.0000,66.20,0.00,0.00,85.52,0.00,0.00
9.4660,200.0000,200.0000,72.0000,72.0000,66.20,0.00,0.00,85.52,0.00,0.00
9.4680,200.0000,200.0000,72.0000,72.0000,66.20,0.00,0.00,85.52,0.00,0.00
9.4700,200.0000,200.0000,72.0000,72.0000,66.20,0.00,0.00,85.52,0.00,0.00
9.4720,200.0000,200.0000,72.0000,72.0000,66.20,0.00,0.00,85.52,0.00,0.00
9.4740,200.0000,200.0000,72.0000,72.0000,66.20,0.00,0.00,85.52,0.00,0.00
9.4760,200.0000,200.0000,72.0000,72.0000,66.20,0.00,0.00,85.52,0.00,0.00
9.4780,200.0000,200.0000,72.0000,72.0000,66.20,0.00,0.00,85.52,0.00,0.00
9.4800,200.0000,200.0000,72.0000,72.0000,66.20,0.00,0.00,85.52,0.00,0.00
9.4820,200.0000,200.0000,72.0000,72.0000,66.20,0.00,0.00,85.52,0.00,0.00
9.4840,200.0000,200.0000,72.0000,72.0000,66.20,0.00,0.00,85.52,0.00,0.00
9.4860,200.0000,200.0000,72.0000,72.0000,66.20,0.00,0.00,85.52,0.00,0.00
9.4880,200.0000,200.0000,72.0000,72.0000,66.20,0.00,0.00,85.52,0.00,0.00
9.4900,200.0000,200.0000,72.0000,72.0000,66.20,0.00,0.00,85.52,0.00,0.00
9.4920,200.0000,200.0000,72.0000,72.0000,66.20,0.00,0.00,85.52,0.00,0.00
9.4940,200.0000,200.0000,72.0000,72.0000,66.20,0.00,0.00,85.52,0.00,0.00
9.4960,200.0000,200.0000,72.0000,72.0000,66.20,0.00,0.00,85.52,0.00,0.00
9.4980,200.0000,200.0000,72.0000,72.0000,66.20,0.00,0.00,85.52,0.00,0.00
9.5000,200.0000,200.0000,72.0000,72.0000,66.20,0.00,0.00,85.52,0.00,0.00
9.5020,200.0000,200.0000,72.0000,72.0000,66.20,0.00,0.00,85.52,0.00,0.00
9.5040,200.0000,200.0000,72.0000,72.0000,66.20,0.00,0.00,85.52,0.00,0.00
9.5060,200.0000,200.0000,72.0000,72.0000,66.20,0.00,0.00,85.52,0.00,0.00
9.5080,200.0000,200.0000,72.0000,72.0000,66.20,0.00,0.00,85.52,0.00,0.00
9.5100,200.0000,200.0000,72.0000,72.0000,66.20,0.00,0.00,85.52,0.00,0.00
9.5120,200.0000,200.0000,72.0000,72.0000,66.20,0.00,0.00,85.52,0.00,0.00
9.5140,200.0000,200.0000,72.0000,72.0000,66.20,0.00,0.00,85.52,0.00,0.00
9.5160,200.0000,200.0000,72.0000,72.0000,66.20,0.00,0.00,85.52,0.00,0.00
9.5180,200.0000,200.0000,72.0000,72.0000,66.20,0.00,0.00,85.52,0.00,0.00
9.5200,200.0000,200.0000,72.0000,72.0000,66.20,0.00,0.00,85.52,0.00,0.00
9.5220,200.0000,200.0000,72.0000,72.0000,66.20,0.00,0.00,85.52,0.00,0.00
9.5240,200.0000,200.0000,72.0000,72.0000,66.20,0.00,0.00,85.52,0.00,0.00
9.5260,200.0000,200.0000,72.0000,72.0000,66.20,0.00,0.00,85.52,0.00,0.00
9.5280,200.0000,200.0000,72.0000,72.0000,66.20,0.00,0.00,85.52,0.00,0.00
9.5300,200.0000,200.0000,72.0000,72.0000,66.20,0.00,0.00,85.52,0.00,0.00
9.5320,200.0000,200.0000,72.0000,72.0000,66.20,0.00,0.00,85.52,0.00,0.00
9.5340,200.0000,200.0000,72.0000,72.0000,66.20,0.00,0.00,85.52,0.00,0.00
9.5360,200.0000,200.0000,72.0000,72.0000,66.20,0.00,0.00,85.52,0.00,0.00
9.5380,200.0000,200.0000,72.0000,72.0000,66.20,0.00,0.00,85.52,0.00,0.00
9.5400,200.0000,200.0000,72.0000,72.0000,66.20,0.00,0.00,85.52,0.00,0.00
9.5420,200.0000,200.0000,72.0000,72.0000,66.20,0.00,0.00,85.52,0.00,0.00
9.5440,200.0000,200.0000,72.0000,72.0000,66.20,0.00,0.00,85.52,0.00,0.00
9.5460,200.0000,200.0000,72.0000,72.0000,66.20,0.00,0.00,85.52,0.00,0.00
9.5480,200.0000,200.0000,72.0000,72.0000,66.20,0.00,0.00,0.00,0.00,84.71
9.5500,200.0000,200.0000,72.0000,72.0000,66.20,0.00,0.00,0.00,0.00,84.71
9.5520,200.0000,200.0000,72.0000,72.0000,66.20,0.00,0.00,0.00,0.00,84.71
9.5540,200.0000,200.0000,72.0000,72.0000,66.20,0.00,0.00,0.00,0.00,84.71
9.5560,200.0000,200.0000,72.0000,72.0000,66.20,0.00,0.00,0.00,0.00,84.71
9.5580,200.0000,200.0000,72.0000,72.0000,66.20,0.00,0.00,0.00,0.00,84.71
9.5600,200.0000,200.0000,72.0000,72.0000,66.20,0.00,0.00,0.00,0.00,84.71
9.5620,200.0000,200.0000,72.0000,72.0000,66.20,0.00,0.00,0.00,0.00,84.71
9.5640,200.0000,200.0000,72.0000,72.0000,66.20,0.00,0.00,0.00,0.00,84.71
9.5660,200.0000,200.0000,72.0000,72.0000,66.20,0.00,0.00,0.00,0.00,84.71
9.5680,200.0000,200.0000,72.0000,72.0000,66.20,0.00,0.00,0.00,0.00,84.71
9.5700,200.0000,200.0000,72.0000,72.0000,66.20,0.00,0.00,0.00,0.00,84.71
9.5720,200.0000,200.0000,72.0000,72.0000,66.20,0.00,0.00,0.00,0.00,84.71
9.5740,200.0000,200.0000,72.0000,72.0000,66.20,0.00,0.00,0.00,0.00,84.71
9.5760,200.0000,200.0000,72.0000,72.0000,66.20,0.00,0.00,0.00,0.00,84.71
9.5780,200.0000,200.0000,72.0000,72.0000,66.20,0.00,0.00,0.00,0.00,84.71
9.5800,200.0000,200.0000,72.0000,72.0000,66.20,0.00,0.00,0.00,0.00,84.71
9.5820,200.0000,200.0000,72.0000,72.0000,66.20,0.00,0.00,85.52,0.00,0.00
9.5840,200.0000,200.0000,72.0000,72.0000,66.20,0.00,0.00,85.52,0.00,0.00
9.5860,200.0000,200.0000,72.0000,72.0000,66.20,0.00,0.00,85.52,0.00,0.00
9.5880,200.0000,200.0000,72.0000,72.0000,66.20,0.00,0.00,85.52,0.00,0.00
9.5900,200.0000,200.0000,72.0000,72.0000,66.20,0.00,0.00,85.52,0.00,0.00
9.5920,200.0000,200.0000,72.0000,72.0000,66.20,0.00,0.00,85.52,0.00,0.00
9.5940,200.0000,200.0000,72.0000,72.0000,0.00,0.00,70.60,85.52,0.00,0.00
9.5960,200.0000,200.0000,72.0000,72.0000,0.00,0.00,70.60,85.52,0.00,0.00
9.5980,200.0000,200.0000,72.0000,72.0000,0.00,0.00,70.60,85.52,0.00,0.00
9.6000,200.0000,200.0000,72.0000,72.0000,0.00,0.00,70.60,85.52,0.00,0.00
9.6020,200.0000,200.0000,72.0000,72.0000,0.00,0.00,70.60,85.52,0.00,0.00
9.6040,200.0000,200.0000,72.0000,72.0000,0.00,0.00,70.60,85.52,0.00,0.00
9.6060,200.0000,200.0000,72.0000,72.0000,0.00,0.00,70.60,85.52,0.00,0.00
9.6080,200.0000,200.0000,72.0000,72.0000,0.00,0.00,70.60,85.52,0.00,0.00
9.6100,200.0000,200.0000,72.0000,72.0000,0.00,0.00,70.60,85.52,0.00,0.00
9.6120,200.0000,200.0000,72.0000,72.0000,0.00,0.00,70.60,85.52,0.00,0.00
9.6140,200.0000,200.0000,72.0000,72.0000,66.20,0.00,0.00,85.52,0.00,0.00
9.6160,200.0000,200.0000,72.0000,72.0000,66.20,0.00,0.00,85.52,0.00,0.00
9.6180,200.0000,200.0000,72.0000,72.0000,66.20,0.00,0.00,85.52,0.00,0.00
9.6200,200.0000,200.0000,72.0000,72.0000,66.20,0.00,0.00,85.52,0.00,0.00
9.6220,200.0000,200.0000,72.0000,72.0000,66.20,0.00,0.00,85.52,0.00,0.00
9.6240,200.0000,200.0000,72.0000,72.0000,66.20,0.00,0.00,85.52,0.00,0.00
9.6260,200.0000,200.0000,72.0000,72.0000,66.20,0.00,0.00,85.52,0.00,0.00
9.6280,200.0000,200.0000,72.0000,72.0000,66.20,0.00,0.00,85.52,0.00,0.00
9.6300,200.0000,200.0000,72.0000,72.0000,66.20,0.00,0.00,85.52,0.00,0.00
9.6320,200.0000,200.0000,72.0000,72.0000,66.20,0.00,0.00,85.52,0.00,0.00
9.6340,200.0000,200.0000,72.0000,72.0000,66.20,0.00,0.00,85.52,0.00,0.00
9.6360,200.0000,200.0000,72.0000,72.0000,66.20,0.00,0.00,85.52,0.00,0.00
9.6380,200.0000,200.0000,72.0000,72.0000,66.20,0.00,0.00,85.52,0.00,0.00
9.6400,200.0000,200.0000,72.0000,72.0000,66.20,0.00,0.00,85.52,0.00,0.00
9.6420,200.0000,200.0000,72.0000,72.0000,66.20,0.00,0.00,85.52,0.00,0.00
9.6440,200.0000,200.0000,72.0000,72.0000,66.20,0.00,0.00,85.52,0.00,0.00
9.6460,200.0000,200.0000,72.0000,72.0000,66.20,0.00,0.00,85.52,0.00,0.00
9.6480,200.0000,200.0000,72.0000,72.0000,66.20,0.00,0.00,85.52,0.00,0.00
9.6500,200.0000,200.0000,72.0000,72.0000,66.20,0.00,0.00,85.52,0.00,0.00
9.6520,200.0000,200.0000,72.0000,72.0000,66.20,0.00,0.00,85.52,0.00,0.00
9.6540,200.0000,200.0000,72.0000,72.0000,66.20,0.00,0.00,85.52,0.00,0.00
9.6560,200.0000,200.0000,72.0000,72.0000,66.20,0.00,0.00,85.52,0.00,0.00
9.6580,200.0000,200.0000,72.0000,72.0000,66.20,0.00,0.00,85.52,0.00,0.00
9.6600,200.0000,200.0000,72.0000,72.0000,66.20,0.00,0.00,85.52,0.00,0.00
9.6620,200.0000,200.0000,72.0000,72.0000,66.20,0.00,0.00,85.52,0.00,0.00
9.6640,200.0000,200.0000,72.0000,72.0000,66.20,0.00,0.00,85.52,0.00,0.00
9.6660,200.0000,200.0000,72.0000,72.0000,66.20,0.00,0.00,85.52,0.00,0.00
9.6680,200.0000,200.0000,72.0000,72.0000,66.20,0.00,0.00,85.52,0.00,0.00
9.6700,200.0000,200.0000,72.0000,72.0000,66.20,0.00,0.00,85.52,0.00,0.00
9.6720,200.0000,200.0000,72.0000,72.0000,66.20,0.00,0.00,85.52,0.00,0.00
9.6740,200.0000,200.0000,72.0000,72.0000,66.20,0.00,0.00,85.52,0.00,0.00
9.6760,200.0000,200.0000,72.0000,72.0000,66.20,0.00,0.00,85.52,0.00,0.00
9.6780,200.0000,200.0000,72.0000,72.0000,66.20,0.00,0.00,85.52,0.00,0.00
9.6800,200.0000,200.0000,72.0000,72.0000,66.20,0.00,0.00,85.52,0.00,0.00
9.6820,200.0000,200.0000,72.0000,72.0000,66.20,0.00,0.00,85.52,0.00,0.00
9.6840,200.0000,200.0000,72.0000,72.0000,66.20,0.00,0.00,85.52,0.00,0.00
9.6860,200.0000,200.0000,72.0000,72.0000,66.20,0.00,0.00,85.52,0.00,0.00
9.6880,200.0000,200.0000,72.0000,72.0000,66.20,0.00,0.00,85.52,0.00,0.00
9.6900,200.0000,200.0000,72.0000,72.0000,66.20,0.00,0.00,85.52,0.00,0.00
9.6920,200.0000,200.0000,72.0000,72.0000,66.20,0.00,0.00,85.52,0.00,0.00
9.6940,200.0000,200.0000,72.0000,72.0000,66.20,0.00,0.00,85.52,0.00,0.00
9.6960,200.0000,200.0000,72.0000,72.0000,66.20,0.00,0.00,85.52,0.00,0.00
9.6980,200.0000,200.0000,72.0000,72.0000,66.20,0.00,0.00,85.52,0.00,0.00
9.7000,200.0000,200.0000,72.0000,72.0000,66.20,0.00,0.00,85.52,0.00,0.00
9.7020,200.0000,200.0000,72.0000,72.0000,66.20,0.00,0.00,85.52,0.00,0.00
9.7040,200.0000,200.0000,72.0000,72.0000,66.20,0.00,0.00,85.52,0.00,0.00
9.7060,200.0000,200.0000,72.0000,72.0000,66.20,0.00,0.00,85.52,0.00,0.00
9.7080,200.0000,200.0000,72.0000,72.0000,66.20,0.00,0.00,85.52,0.00,0.00
9.7100,200.0000,200.0000,72.0000,72.0000,66.20,0.00,0.00,85.52,0.00,0.00
9.7120,200.0000,200.0000,72.0000,72.0000,66.20,0.00,0.00,85.52,0.00,0.00
9.7140,200.0000,200.0000,72.0000,72.0000,66.20,0.00,0.00,85.52,0.00,0.00
9.7160,200.0000,200.0000,72.0000,72.0000,66.20,0.00,0.00,85.52,0.00,0.00
9.7180,200.0000,200.0000,72.0000,72.0000,66.20,0.00,0.00,85.52,0.00,0.00
9.7200,200.0000,200.0000,72.0000,72.0000,66.20,0.00,0.00,85.52,0.00,0.00
9.7220,200.0000,200.0000,72.0000,72.0000,66.20,0.00,0.00,85.52,0.00,0.00
9.7240,200.0000,200.0000,72.0000,72.0000,66.20,0.00,0.00,85.52,0.00,0.00
9.7260,200.0000,200.0000,72.0000,72.0000,66.20,0.00,0.00,0.00,0.00,84.71
9.7280,200.0000,200.0000,72.0000,72.0000,66.20,0.00,0.00,0.00,0.00,84.71
9.7300,200.0000,200.0000,72.0000,72.0000,66.20,0.00,0.00,0.00,0.00,84.71
9.7320,200.0000,200.0000,72.0000,72.0000,66.20,0.00,0.00,0.00,0.00,84.71
9.7340,200.0000,200.0000,72.0000,72.0000,66.20,0.00,0.00,0.00,0.00,84.71
9.7360,200.0000,200.0000,72.0000,72.0000,66.20,0.00,0.00,0.00,0.00,84.71
9.7380,200.0000,200.0000,72.0000,72.0000,66.20,0.00,0.00,0.00,0.00,84.71
9.7400,200.0000,200.0000,72.0000,72.0000,66.20,0.00,0.00,0.00,0.00,84.71
9.7420,200.0000,200.0000,72.0000,72.0000,66.20,0.00,0.00,0.00,0.00,84.71
9.7440,200.0000,200.0000,72.0000,72.0000,66.20,0.00,0.00,0.00,0.00,84.71
9.7460,200.0000,200.0000,72.0000,72.0000,66.20,0.00,0.00,0.00,0.00,84.71
9.7480,200.0000,200.0000,72.0000,72.0000,66.20,0.00,0.00,0.00,0.00,84.71
9.7500,200.0000,200.0000,72.0000,72.0000,66.20,0.00,0.00,0.00,0.00,84.71
9.7520,200.0000,200.0000,72.0000,72.0000,66.20,0.00,0.00,0.00,0.00,84.71
9.7540,200.0000,200.0000,72.0000,72.0000,66.20,0.00,0.00,0.00,0.00,84.71
9.7560,200.0000,200.0000,72.0000,72.0000,66.20,0.00,0.00,0.00,0.00,84.71
9.7580,200.0000,200.0000,72.0000,72.0000,66.20,0.00,0.00,0.00,0.00,84.71
9.7600,200.0000,200.0000,72.0000,72.0000,66.20,0.00,0.00,85.52,0.00,0.00
9.7620,200.0000,200.0000,72.0000,72.0000,66.20,0.00,0.00,85.52,0.00,0.00
9.7640,200.0000,200.0000,72.0000,72.0000,66.20,0.00,0.00,85.52,0.00,0.00
9.7660,200.0000,200.0000,72.0000,72.0000,66.20,0.00,0.00,85.52,0.00,0.00
9.7680,200.0000,200.0000,72.0000,72.0000,66.20,0.00,0.00,85.52,0.00,0.00
9.7700,200.0000,200.0000,72.0000,72.0000,66.20,0.00,0.00,85.52,0.00,0.00
9.7720,200.0000,200.0000,72.0000,72.0000,66.20,0.00,0.00,85.52,0.00,0.00
9.7740,200.0000,200.0000,72.0000,72.0000,66.20,0.00,0.00,85.52,0.00,0.00
9.7760,200.0000,200.0000,72.0000,72.0000,66.20,0.00,0.00,85.52,0.00,0.00
9.7780,200.0000,200.0000,72.0000,72.0000,66.20,0.00,0.00,85.52,0.00,0.00
9.7800,200.0000,200.0000,72.0000,72.0000,66.20,0.00,0.00,85.52,0.00,0.00
9.7820,200.0000,200.0000,72.0000,72.0000,66.20,0.00,0.00,85.52,0.00,0.00
9.7840,200.0000,200.0000,72.0000,72.0000,66.20,0.00,0.00,85.52,0.00,0.00
9.7860,200.0000,200.0000,72.0000,72.0000,66.20,0.00,0.00,85.52,0.00,0.00
9.7880,200.0000,200.0000,72.0000,72.0000,66.20,0.00,0.00,85.52,0.00,0.00
9.7900,200.0000,200.0000,72.0000,72.0000,66.20,0.00,0.00,85.52,0.00,0.00
9.7920,200.0000,200.0000,72.0000,72.0000,66.20,0.00,0.00,85.52,0.00,0.00
9.7940,200.0000,200.0000,72.0000,72.0000,66.20,0.00,0.00,85.52,0.00,0.00
9.7960,200.0000,200.0000,72.0000,72.0000,66.20,0.00,0.00,85.52,0.00,0.00
9.7980,200.0000,200.0000,72.0000,72.0000,66.20,0.00,0.00,85.52,0.00,0.00
9.8000,200.0000,200.0000,72.0000,72.0000,66.20,0.00,0.00,85.52,0.00,0.00
9.8020,200.0000,200.0000,72.0000,72.0000,66.20,0.00,0.00,85.52,0.00,0.00
9.8040,200.0000,200.0000,72.0000,72.0000,66.20,0.00,0.00,85.52,0.00,0.00
9.8060,200.0000,200.0000,72.0000,72.0000,66.20,0.00,0.00,85.52,0.00,0.00
9.8080,200.0000,200.0000,72.0000,72.0000,66.20,0.00,0.00,85.52,0.00,0.00
9.8100,200.0000,200.0000,72.0000,72.0000,66.20,0.00,0.00,85.52,0.00,0.00
9.8120,200.0000,200.0000,72.0000,72.0000,66.20,0.00,0.00,85.52,0.00,0.00
9.8140,200.0000,200.0000,72.0000,72.0000,66.20,0.00,0.00,85.52,0.00,0.00
9.8160,200.0000,200.0000,72.0000,72.0000,66.20,0.00,0.00,85.52,0.00,0.00
9.8180,200.0000,200.0000,72.0000,72.0000,66.20,0.00,0.00,85.52,0.00,0.00
9.8200,200.0000,200.0000,72.0000,72.0000,66.20,0.00,0.00,85.52,0.00,0.00
9.8220,200.0000,200.0000,72.0000,72.0000,66.20,0.00,0.00,85.52,0.00,0.00
9.8240,200.0000,200.0000,72.0000,72.0000,0.00,0.00,70.60,85.52,0.00,0.00
9.8260,200.0000,200.0000,72.0000,72.0000,0.00,0.00,70.60,85.52,0.00,0.00
9.8280,200.0000,200.0000,72.0000,72.0000,0.00,0.00,70.60,85.52,0.00,0.00
9.8300,200.0000,200.0000,72.0000,72.0000,0.00,0.00,70.60,85.52,0.00,0.00
9.8320,200.0000,200.0000,72.0000,72.0000,0.00,0.00,70.60,85.52,0.00,0.00
9.8340,200.0000,200.0000,72.0000,72.0000,0.00,0.00,70.60,85.52,0.00,0.00
9.8360,200.0000,200.0000,72.0000,72.0000,0.00,0.00,70.60,85.52,0.00,0.00
9.8380,200.0000,200.0000,72.0000,72.0000,0.00,0.00,70.60,85.52,0.00,0.00
9.8400,200.0000,200.0000,72.0000,72.0000,0.00,0.00,70.60,85.52,0.00,0.00
9.8420,200.0000,200.0000,72.0000,72.0000,0.00,0.00,70.60,85.52,0.00,0.00
9.8440,200.0000,200.0000,72.0000,72.0000,66.20,0.00,0.00,85.52,0.00,0.00
9.8460,200.0000,200.0000,72.0000,72.0000,66.20,0.00,0.00,85.52,0.00,0.00
9.8480,200.0000,200.0000,72.0000,72.0000,66.20,0.00,0.00,85.52,0.00,0.00
9.8500,200.0000,200.0000,72.0000,72.0000,66.20,0.00,0.00,85.52,0.00,0.00
9.8520,200.0000,200.0000,72.0000,72.0000,66.20,0.00,0.00,85.52,0.00,0.00
9.8540,200.0000,200.0000,72.0000,72.0000,66.20,0.00,0.00,85.52,0.00,0.00
9.8560,200.0000,200.0000,72.0000,72.0000,66.20,0.00,0.00,85.52,0.00,0.00
9.8580,200.0000,200.0000,72.0000,72.0000,66.20,0.00,0.00,85.52,0.00,0.00
9.8600,200.0000,200.0000,72.0000,72.0000,66.20,0.00,0.00,85.52,0.00,0.00
9.8620,200.0000,200.0000,72.0000,72.0000,66.20,0.00,0.00,85.52,0.00,0.00
9.8640,200.0000,200.0000,72.0000,72.0000,66.20,0.00,0.00,85.52,0.00,0.00
9.8660,200.0000,200.0000,72.0000,72.0000,66.20,0.00,0.00,85.52,0.00,0.00
9.8680,200.0000,200.0000,72.0000,72.0000,66.20,0.00,0.00,85.52,0.00,0.00
9.8700,200.0000,200.0000,72.0000,72.0000,66.20,0.00,0.00,85.52,0.00,0.00
9.8720,200.0000,200.0000,72.0000,72.0000,66.20,0.00,0.00,85.52,0.00,0.00
9.8740,200.0000,200.0000,72.0000,72.0000,66.20,0.00,0.00,85.52,0.00,0.00
9.8760,200.0000,200.0000,72.0000,72.0000,66.20,0.00,0.00,85.52,0.00,0.00
9.8780,200.0000,200.0000,72.0000,72.0000,66.20,0.00,0.00,85.52,0.00,0.00
9.8800,200.0000,200.0000,72.0000,72.0000,66.20,0.00,0.00,85.52,0.00,0.00
9.8820,200.0000,200.0000,72.0000,72.0000,66.20,0.00,0.00,85.52,0.00,0.00
9.8840,200.0000,200.0000,72.0000,72.0000,66.20,0.00,0.00,85.52,0.00,0.00
9.8860,200.0000,200.0000,72.0000,72.0000,66.20,0.00,0.00,85.52,0.00,0.00
9.8880,200.0000,200.0000,72.0000,72.0000,66.20,0.00,0.00,85.52,0.00,0.00
9.8900,200.0000,200.0000,72.0000,72.0000,66.20,0.00,0.00,85.52,0.00,0.00
9.8920,200.0000,200.0000,72.0000,72.0000,66.20,0.00,0.00,85.52,0.00,0.00
9.8940,200.0000,200.0000,72.0000,72.0000,66.20,0.00,0.00,85.52,0.00,0.00
9.8960,200.0000,200.0000,72.0000,72.0000,66.20,0.00,0.00,85.52,0.00,0.00
9.8980,200.0000,200.0000,72.0000,72.0000,66.20,0.00,0.00,85.52,0.00,0.00
9.9000,200.0000,200.0000,72.0000,72.0000,66.20,0.00,0.00,85.52,0.00,0.00
9.9020,200.0000,200.0000,72.0000,72.0000,66.20,0.00,0.00,85.52,0.00,0.00
9.9040,200.0000,200.0000,72.0000,72.0000,66.20,0.00,0.00,0.00,0.00,84.71
9.9060,200.0000,200.0000,72.0000,72.0000,66.20,0.00,0.00,0.00,0.00,84.71
9.9080,200.0000,200.0000,72.0000,72.0000,66.20,0.00,0.00,0.00,0.00,84.71
9.9100,200.0000,200.0000,72.0000,72.0000,66.20,0.00,0.00,0.00,0.00,84.71
9.9120,200.0000,200.0000,72.0000,72.0000,66.20,0.00,0.00,0.00,0.00,84.71
9.9140,200.0000,200.0000,72.0000,72.0000,66.20,0.00,0.00,0.00,0.00,84.71
9.9160,200.0000,200.0000,72.0000,72.0000,66.20,0.00,0.00,0.00,0.00,84.71
9.9180,200.0000,200.0000,72.0000,72.0000,66.20,0.00,0.00,0.00,0.00,84.71
9.9200,200.0000,200.0000,72.0000,72.0000,66.20,0.00,0.00,0.00,0.00,84.71
9.9220,200.0000,200.0000,72.0000,72.0000,66.20,0.00,0.00,0.00,0.00,84.71
9.9240,200.0000,200.0000,72.0000,72.0000,66.20,0.00,0.00,0.00,0.00,84.71
9.9260,200.0000,200.0000,72.0000,72.0000,66.20,0.00,0.00,0.00,0.00,84.71
9.9280,200.0000,200.0000,72.0000,72.0000,66.20,0.00,0.00,0.00,0.00,84.71
9.9300,200.0000,200.0000,72.0000,72.0000,66.20,0.00,0.00,0.00,0.00,84.71
9.9320,200.0000,200.0000,72.0000,72.0000,66.20,0.00,0.00,0.00,0.00,84.71
9.9340,200.0000,200.0000,72.0000,72.0000,66.20,0.00,0.00,0.00,0.00,84.71
9.9360,200.0000,200.0000,72.0000,72.0000,66.20,0.00,0.00,0.00,0.00,84.71
9.9380,200.0000,200.0000,72.0000,72.0000,66.20,0.00,0.00,85.52,0.00,0.00
9.9400,200.0000,200.0000,72.0000,72.0000,66.20,0.00,0.00,85.52,0.00,0.00
9.9420,200.0000,200.0000,72.0000,72.0000,66.20,0.00,0.00,85.52,0.00,0.00
9.9440,200.0000,200.0000,72.0000,72.0000,66.20,0.00,0.00,85.52,0.00,0.00
9.9460,200.0000,200.0000,72.0000,72.0000,66.20,0.00,0.00,85.52,0.00,0.00
9.9480,200.0000,200.0000,72.0000,72.0000,66.20,0.00,0.00,85.52,0.00,0.00
9.9500,200.0000,200.0000,72.0000,72.0000,66.20,0.00,0.00,85.52,0.00,0.00
9.9520,200.0000,200.0000,72.0000,72.0000,66.20,0.00,0.00,85.52,0.00,0.00
9.9540,200.0000,200.0000,72.0000,72.0000,66.20,0.00,0.00,85.52,0.00,0.00
9.9560,200.0000,200.0000,72.0000,72.0000,66.20,0.00,0.00,85.52,0.00,0.00
9.9580,200.0000,200.0000,72.0000,72.0000,66.20,0.00,0.00,85.52,0.00,0.00
9.9600,200.0000,200.0000,72.0000,72.0000,66.20,0.00,0.00,85.52,0.00,0.00
9.9620,200.0000,200.0000,72.0000,72.0000,66.20,0.00,0.00,85.52,0.00,0.00
9.9640,200.0000,200.0000,72.0000,72.0000,66.20,0.00,0.00,85.52,0.00,0.00
9.9660,200.0000,200.0000,72.0000,72.0000,66.20,0.00,0.00,85.52,0.00,0.00
9.9680,200.0000,200.0000,72.0000,72.0000,66.20,0.00,0.00,85.52,0.00,0.00
9.9700,200.0000,200.0000,72.0000,72.0000,66.20,0.00,0.00,85.52,0.00,0.00
9.9720,200.0000,200.0000,72.0000,72.0000,66.20,0.00,0.00,85.52,0.00,0.00
9.9740,200.0000,200.0000,72.0000,72.0000,66.20,0.00,0.00,85.52,0.00,0.00
9.9760,200.0000,200.0000,72.0000,72.0000,66.20,0.00,0.00,85.52,0.00,0.00
9.9780,200.0000,200.0000,72.0000,72.0000,66.20,0.00,0.00,85.52,0.00,0.00
9.9800,200.0000,200.0000,72.0000,72.0000,66.20,0.00,0.00,85.52,0.00,0.00
9.9820,200.0000,200.0000,72.0000,72.0000,66.20,0.00,0.00,85.52,0.00,0.00
9.9840,200.0000,200.0000,72.0000,72.0000,66.20,0.00,0.00,85.52,0.00,0.00
9.9860,200.0000,200.0000,72.0000,72.0000,66.20,0.00,0.00,85.52,0.00,0.00
9.9880,200.0000,200.0000,72.0000,72.0000,66.20,0.00,0.00,85.52,0.00,0.00
9.9900,200.0000,200.0000,72.0000,72.0000,66.20,0.00,0.00,85.52,0.00,0.00
9.9920,200.0000,200.0000,72.0000,72.0000,66.20,0.00,0.00,85.52,0.00,0.00
9.9940,200.0000,200.0000,72.0000,72.0000,66.20,0.00,0.00,85.52,0.00,0.00
9.9960,200.0000,200.0000,72.0000,72.0000,66.20,0.00,0.00,85.52,0.00,0.00
9.9980,200.0000,200.0000,72.0000,72.0000,66.20,0.00,0.00,85.52,0.00,0.00
10.0000,130.0000,198.1467,90.0000,72.9422,0.00,0.00,70.65,0.00,0.00,84.76
10.0020,130.0000,194.8040,90.0000,74.5988,0.00,0.00,70.73,0.00,0.00,84.79
10.0040,130.0000,190.0997,90.0000,76.8328,0.00,0.00,70.84,0.00,0.00,84.82
10.0060,130.0000,184.2112,90.0000,79.4714,0.00,0.00,70.98,0.00,0.00,84.85
10.0080,130.0000,177.3587,90.0000,82.3290,0.00,0.00,71.14,0.00,0.00,84.87
10.0100,130.0000,169.7948,90.0000,85.2284,0.00,0.00,71.32,0.00,0.00,84.88
10.0120,130.0000,161.7918,90.0000,88.0174,0.00,0.00,71.51,0.00,0.00,84.89
10.0140,130.0000,153.6272,90.0000,90.5796,0.00,0.00,71.71,0.00,0.00,84.89
10.0160,130.0000,145.5679,90.0000,90.5612,0.00,0.00,71.90,85.01,0.00,0.00
10.0180,130.0000,137.8553,90.0000,90.5284,0.00,0.00,72.09,85.01,0.00,0.00
10.0200,130.0000,130.6925,90.0000,90.4822,0.00,0.00,72.26,85.01,0.00,0.00
10.0220,130.0000,124.2352,90.0000,90.4238,0.00,0.00,72.42,85.01,0.00,0.00
10.0240,130.0000,124.8701,90.0000,90.3549,66.20,0.00,0.00,85.02,0.00,0.00
10.0260,130.0000,126.0222,90.0000,90.2773,66.21,0.00,0.00,85.02,0.00,0.00
10.0280,130.0000,127.5669,90.0000,90.1931,66.21,0.00,0.00,85.02,0.00,0.00
10.0300,130.0000,129.3415,90.0000,90.1046,66.21,0.00,0.00,85.02,0.00,0.00
10.0320,130.0000,131.1627,90.0000,90.0140,66.21,0.00,0.00,85.03,0.00,0.00
10.0340,130.0000,131.1394,90.0000,89.9237,0.00,0.00,72.12,85.03,0.00,0.00
10.0360,130.0000,131.1002,90.0000,89.9264,0.00,0.00,72.12,0.00,0.00,84.71
10.0380,130.0000,131.0456,90.0000,89.9312,0.00,0.00,72.12,0.00,0.00,84.71
10.0400,130.0000,130.9766,90.0000,89.9378,0.00,0.00,72.12,0.00,0.00,84.71
10.0420,130.0000,130.8943,90.0000,89.9462,0.00,0.00,72.12,0.00,0.00,84.71
10.0440,130.0000,130.8000,90.0000,89.9559,0.00,0.00,72.12,0.00,0.00,84.71
10.0460,130.0000,130.6952,90.0000,89.9668,0.00,0.00,72.13,0.00,0.00,84.71
10.0480,130.0000,130.5813,90.0000,89.9785,0.00,0.00,72.13,0.00,0.00,84.71
10.0500,130.0000,130.4602,90.0000,89.9908,0.00,0.00,72.13,0.00,0.00,84.71
10.0520,130.0000,130.3335,90.0000,90.0032,0.00,0.00,72.14,0.00,0.00,84.71
10.0540,130.0000,130.2032,90.0000,90.0031,0.00,0.00,72.14,85.02,0.00,0.00
10.0560,130.0000,130.0710,90.0000,90.0029,0.00,0.00,72.14,85.02,0.00,0.00
10.0580,130.0000,129.9389,90.0000,90.0026,0.00,0.00,72.14,85.02,0.00,0.00
10.0600,130.0000,129.9456,90.0000,90.0023,66.20,0.00,0.00,85.02,0.00,0.00
10.0620,130.0000,129.9577,90.0000,90.0019,66.20,0.00,0.00,85.02,0.00,0.00
10.0640,130.0000,129.9740,90.0000,90.0015,66.20,0.00,0.00,85.02,0.00,0.00
10.0660,130.0000,129.9928,90.0000,90.0011,66.20,0.00,0.00,85.02,0.00,0.00
10.0680,130.0000,130.0122,90.0000,90.0006,66.20,0.00,0.00,85.02,0.00,0.00
10.0700,130.0000,130.0119,90.0000,90.0001,0.00,0.00,72.14,85.03,0.00,0.00
10.0720,130.0000,130.0115,90.0000,89.9996,0.00,0.00,72.14,85.03,0.00,0.00
10.0740,130.0000,130.0110,90.0000,89.9996,0.00,0.00,72.14,0.00,0.00,84.71
10.0760,130.0000,130.0102,90.0000,89.9996,0.00,0.00,72.14,0.00,0.00,84.71
10.0780,130.0000,130.0094,90.0000,89.9997,0.00,0.00,72.14,0.00,0.00,84.71
10.0800,130.0000,130.0084,90.0000,89.9997,0.00,0.00,72.14,0.00,0.00,84.71
10.0820,130.0000,130.0073,90.0000,89.9998,0.00,0.00,72.14,0.00,0.00,84.71
10.0840,130.0000,130.0061,90.0000,89.9998,0.00,0.00,72.14,0.00,0.00,84.71
10.0860,130.0000,130.0049,90.0000,89.9999,0.00,0.00,72.14,0.00,0.00,84.71
10.0880,130.0000,130.0036,90.0000,90.0000,0.00,0.00,72.14,0.00,0.00,84.71
10.0900,130.0000,130.0022,90.0000,90.0000,0.00,0.00,72.14,0.00,0.00,84.71
10.0920,130.0000,130.0008,90.0000,90.0000,0.00,0.00,72.14,85.02,0.00,0.00
10.0940,130.0000,129.9994,90.0000,90.0000,0.00,0.00,72.14,85.02,0.00,0.00
10.0960,130.0000,129.9995,90.0000,90.0000,66.20,0.00,0.00,85.02,0.00,0.00
10.0980,130.0000,129.9996,90.0000,90.0000,66.20,0.00,0.00,85.02,0.00,0.00
10.1000,130.0000,129.9998,90.0000,90.0000,66.20,0.00,0.00,85.02,0.00,0.00
10.1020,130.0000,129.9999,90.0000,90.0000,66.20,0.00,0.00,85.02,0.00,0.00
10.1040,130.0000,130.0001,90.0000,90.0000,66.20,0.00,0.00,85.02,0.00,0.00
10.1060,130.0000,130.0001,90.0000,90.0000,0.00,0.00,72.14,85.02,0.00,0.00
10.1080,130.0000,130.0001,90.0000,90.0000,0.00,0.00,72.14,85.03,0.00,0.00
10.1100,130.0000,130.0001,90.0000,90.0000,0.00,0.00,72.14,85.03,0.00,0.00
10.1120,130.0000,130.0001,90.0000,90.0000,0.00,0.00,72.14,0.00,0.00,84.71
10.1140,130.0000,130.0001,90.0000,90.0000,0.00,0.00,72.14,0.00,0.00,84.71
10.1160,130.0000,130.0001,90.0000,90.0000,0.00,0.00,72.14,0.00,0.00,84.71
10.1180,130.0000,130.0001,90.0000,90.0000,0.00,0.00,72.14,0.00,0.00,84.71
10.1200,130.0000,130.0001,90.0000,90.0000,0.00,0.00,72.14,0.00,0.00,84.71
10.1220,130.0000,130.0000,90.0000,90.0000,0.00,0.00,72.14,0.00,0.00,84.71
10.1240,130.0000,130.0000,90.0000,90.0000,0.00,0.00,72.14,0.00,0.00,84.71
10.1260,130.0000,130.0000,90.0000,90.0000,0.00,0.00,72.14,0.00,0.00,84.71
10.1280,130.0000,130.0000,90.0000,90.0000,0.00,0.00,72.14,0.00,0.00,84.71
10.1300,130.0000,130.0000,90.0000,90.0000,0.00,0.00,72.14,85.02,0.00,0.00
10.1320,130.0000,130.0000,90.0000,90.0000,66.20,0.00,0.00,85.02,0.00,0.00
10.1340,130.0000,130.0000,90.0000,90.0000,66.20,0.00,0.00,85.02,0.00,0.00
10.1360,130.0000,130.0000,90.0000,90.0000,66.20,0.00,0.00,85.02,0.00,0.00
10.1380,130.0000,130.0000,90.0000,90.0000,66.20,0.00,0.00,85.02,0.00,0.00
10.1400,130.0000,130.0000,90.0000,90.0000,66.20,0.00,0.00,85.02,0.00,0.00
10.1420,130.0000,130.0000,90.0000,90.0000,0.00,0.00,72.14,85.02,0.00,0.00
10.1440,130.0000,130.0000,90.0000,90.0000,0.00,0.00,72.14,85.02,0.00,0.00
10.1460,130.0000,130.0000,90.0000,90.0000,0.00,0.00,72.14,85.03,0.00,0.00
10.1480,130.0000,130.0000,90.0000,90.0000,0.00,0.00,72.14,85.03,0.00,0.00
10.1500,130.0000,130.0000,90.0000,90.0000,0.00,0.00,72.14,0.00,0.00,84.71
10.1520,130.0000,130.0000,90.0000,90.0000,0.00,0.00,72.14,0.00,0.00,84.71
10.1540,130.0000,130.0000,90.0000,90.0000,0.00,0.00,72.14,0.00,0.00,84.71
10.1560,130.0000,130.0000,90.0000,90.0000,0.00,0.00,72.14,0.00,0.00,84.71
10.1580,130.0000,130.0000,90.0000,90.0000,0.00,0.00,72.14,0.00,0.00,84.71
10.1600,130.0000,130.0000,90.0000,90.0000,0.00,0.00,72.14,0.00,0.00,84.71
10.1620,130.0000,130.0000,90.0000,90.0000,0.00,0.00,72.14,0.00,0.00,84.71
10.1640,130.0000,130.0000,90.0000,90.0000,0.00,0.00,72.14,0.00,0.00,84.71
10.1660,130.0000,130.0000,90.0000,90.0000,0.00,0.00,72.14,0.00,0.00,84.71
10.1680,130.0000,130.0000,90.0000,90.0000,66.20,0.00,0.00,85.02,0.00,0.00
10.1700,130.0000,130.0000,90.0000,90.0000,66.20,0.00,0.00,85.02,0.00,0.00
10.1720,130.0000,130.0000,90.0000,90.0000,66.20,0.00,0.00,85.02,0.00,0.00
10.1740,130.0000,130.0000,90.0000,90.0000,66.20,0.00,0.00,85.02,0.00,0.00
10.1760,130.0000,130.0000,90.0000,90.0000,66.20,0.00,0.00,85.02,0.00,0.00
10.1780,130.0000,130.0000,90.0000,90.0000,0.00,0.00,72.14,85.02,0.00,0.00
10.1800,130.0000,130.0000,90.0000,90.0000,0.00,0.00,72.14,85.02,0.00,0.00
10.1820,130.0000,130.0000,90.0000,90.0000,0.00,0.00,72.14,85.02,0.00,0.00
10.1840,130.0000,130.0000,90.0000,90.0000,0.00,0.00,72.14,85.03,0.00,0.00
10.1860,130.0000,130.0000,90.0000,90.0000,0.00,0.00,72.14,85.03,0.00,0.00
10.1880,130.0000,130.0000,90.0000,90.0000,0.00,0.00,72.14,0.00,0.00,84.71
10.1900,130.0000,130.0000,90.0000,90.0000,0.00,0.00,72.14,0.00,0.00,84.71
10.1920,130.0000,130.0000,90.0000,90.0000,0.00,0.00,72.14,0.00,0.00,84.71
10.1940,130.0000,130.0000,90.0000,90.0000,0.00,0.00,72.14,0.00,0.00,84.71
10.1960,130.0000,130.0000,90.0000,90.0000,0.00,0.00,72.14,0.00,0.00,84.71
10.1980,130.0000,130.0000,90.0000,90.0000,0.00,0.00,72.14,0.00,0.00,84.71
10.2000,130.0000,130.0000,90.0000,90.0000,0.00,0.00,72.14,0.00,0.00,84.71
10.2020,130.0000,130.0000,90.0000,90.0000,0.00,0.00,72.14,0.00,0.00,84.71
10.2040,130.0000,130.0000,90.0000,90.0000,66.20,0.00,0.00,0.00,0.00,84.71
10.2060,130.0000,130.0000,90.0000,90.0000,66.20,0.00,0.00,85.02,0.00,0.00
10.2080,130.0000,130.0000,90.0000,90.0000,66.20,0.00,0.00,85.02,0.00,0.00
10.2100,130.0000,130.0000,90.0000,90.0000,66.20,0.00,0.00,85.02,0.00,0.00
10.2120,130.0000,130.0000,90.0000,90.0000,66.20,0.00,0.00,85.02,0.00,0.00
10.2140,130.0000,130.0000,90.0000,90.0000,0.00,0.00,72.14,85.02,0.00,0.00
10.2160,130.0000,130.0000,90.0000,90.0000,0.00,0.00,72.14,85.02,0.00,0.00
10.2180,130.0000,130.0000,90.0000,90.0000,0.00,0.00,72.14,85.02,0.00,0.00
10.2200,130.0000,130.0000,90.0000,90.0000,0.00,0.00,72.14,85.02,0.00,0.00
10.2220,130.0000,130.0000,90.0000,90.0000,0.00,0.00,72.14,85.03,0.00,0.00
10.2240,130.0000,130.0000,90.0000,90.0000,0.00,0.00,72.14,85.03,0.00,0.00
10.2260,130.0000,130.0000,90.0000,90.0000,0.00,0.00,72.14,0.00,0.00,84.71
10.2280,130.0000,130.0000,90.0000,90.0000,0.00,0.00,72.14,0.00,0.00,84.71
10.2300,130.0000,130.0000,90.0000,90.0000,0.00,0.00,72.14,0.00,0.00,84.71
10.2320,130.0000,130.0000,90.0000,90.0000,0.00,0.00,72.14,0.00,0.00,84.71
10.2340,130.0000,130.0000,90.0000,90.0000,0.00,0.00,72.14,0.00,0.00,84.71
10.2360,130.0000,130.0000,90.0000,90.0000,0.00,0.00,72.14,0.00,0.00,84.71
10.2380,130.0000,130.0000,90.0000,90.0000,0.00,0.00,72.14,0.00,0.00,84.71
10.2400,130.0000,130.0000,90.0000,90.0000,66.20,0.00,0.00,0.00,0.00,84.71
10.2420,130.0000,130.0000,90.0000,90.0000,66.20,0.00,0.00,0.00,0.00,84.71
10.2440,130.0000,130.0000,90.0000,90.0000,66.20,0.00,0.00,0.00,0.00,84.71
10.2460,130.0000,130.0000,90.0000,90.0000,66.20,0.00,0.00,0.00,0.00,84.71
10.2480,130.0000,130.0000,90.0000,90.0000,66.20,0.00,0.00,0.00,0.00,84.71
10.2500,130.0000,130.0000,90.0000,90.0000,0.00,0.00,72.14,0.00,0.00,84.71
10.2520,130.0000,130.0000,90.0000,90.0000,0.00,0.00,72.14,0.00,0.00,84.71
10.2540,130.0000,130.0000,90.0000,90.0000,0.00,0.00,72.14,0.00,0.00,84.71
10.2560,130.0000,130.0000,90.0000,90.0000,0.00,0.00,72.14,85.02,0.00,0.00
10.2580,130.0000,130.0000,90.0000,90.0000,0.00,0.00,72.14,85.02,0.00,0.00
10.2600,130.0000,130.0000,90.0000,90.0000,0.00,0.00,72.14,85.02,0.00,0.00
10.2620,130.0000,130.0000,90.0000,90.0000,0.00,0.00,72.14,85.02,0.00,0.00
10.2640,130.0000,130.0000,90.0000,90.0000,0.00,0.00,72.14,85.02,0.00,0.00
10.2660,130.0000,130.0000,90.0000,90.0000,0.00,0.00,72.14,85.02,0.00,0.00
10.2680,130.0000,130.0000,90.0000,90.0000,0.00,0.00,72.14,85.02,0.00,0.00
10.2700,130.0000,130.0000,90.0000,90.0000,0.00,0.00,72.14,85.02,0.00,0.00
10.2720,130.0000,130.0000,90.0000,90.0000,0.00,0.00,72.14,85.02,0.00,0.00
10.2740,130.0000,130.0000,90.0000,90.0000,0.00,0.00,72.14,85.02,0.00,0.00
10.2760,130.0000,130.0000,90.0000,90.0000,0.00,0.00,72.14,85.02,0.00,0.00
10.2780,130.0000,130.0000,90.0000,90.0000,66.20,0.00,0.00,85.02,0.00,0.00
10.2800,130.0000,130.0000,90.0000,90.0000,66.20,0.00,0.00,85.02,0.00,0.00
10.2820,130.0000,130.0000,90.0000,90.0000,66.20,0.00,0.00,85.02,0.00,0.00
10.2840,130.0000,130.0000,90.0000,90.0000,66.20,0.00,0.00,85.02,0.00,0.00
10.2860,130.0000,130.0000,90.0000,90.0000,66.20,0.00,0.00,85.02,0.00,0.00
10.2880,130.0000,130.0000,90.0000,90.0000,66.20,0.00,0.00,85.02,0.00,0.00
10.2900,130.0000,130.0000,90.0000,90.0000,66.20,0.00,0.00,85.02,0.00,0.00
10.2920,130.0000,130.0000,90.0000,90.0000,66.20,0.00,0.00,85.02,0.00,0.00
10.2940,130.0000,130.0000,90.0000,90.0000,66.20,0.00,0.00,85.02,0.00,0.00
10.2960,130.0000,130.0000,90.0000,90.0000,66.20,0.00,0.00,85.02,0.00,0.00
10.2980,130.0000,130.0000,90.0000,90.0000,66.20,0.00,0.00,85.02,0.00,0.00
10.3000,130.0000,130.0000,90.0000,90.0000,66.20,0.00,0.00,85.02,0.00,0.00
10.3020,130.0000,130.0000,90.0000,90.0000,66.20,0.00,0.00,85.02,0.00,0.00
10.3040,130.0000,130.0000,90.0000,90.0000,66.20,0.00,0.00,85.02,0.00,0.00
10.3060,130.0000,130.0000,90.0000,90.0000,66.20,0.00,0.00,85.02,0.00,0.00
10.3080,130.0000,130.0000,90.0000,90.0000,66.20,0.00,0.00,85.02,0.00,0.00
10.3100,130.0000,130.0000,90.0000,90.0000,66.20,0.00,0.00,85.02,0.00,0.00
10.3120,130.0000,130.0000,90.0000,90.0000,66.20,0.00,0.00,85.02,0.00,0.00
10.3140,130.0000,130.0000,90.0000,90.0000,66.20,0.00,0.00,85.02,0.00,0.00
10.3160,130.0000,130.0000,90.0000,90.0000,66.20,0.00,0.00,85.02,0.00,0.00
10.3180,130.0000,130.0000,90.0000,90.0000,66.20,0.00,0.00,85.02,0.00,0.00
10.3200,130.0000,130.0000,90.0000,90.0000,66.20,0.00,0.00,85.02,0.00,0.00
10.3220,130.0000,130.0000,90.0000,90.0000,66.20,0.00,0.00,85.02,0.00,0.00
10.3240,130.0000,130.0000,90.0000,90.0000,66.20,0.00,0.00,85.02,0.00,0.00
10.3260,130.0000,130.0000,90.0000,90.0000,66.20,0.00,0.00,85.02,0.00,0.00
10.3280,130.0000,130.0000,90.0000,90.0000,66.20,0.00,0.00,85.02,0.00,0.00
10.3300,130.0000,130.0000,90.0000,90.0000,66.20,0.00,0.00,85.02,0.00,0.00
10.3320,130.0000,130.0000,90.0000,90.0000,66.20,0.00,0.00,85.02,0.00,0.00
10.3340,130.0000,130.0000,90.0000,90.0000,66.20,0.00,0.00,85.02,0.00,0.00
10.3360,130.0000,130.0000,90.0000,90.0000,66.20,0.00,0.00,85.02,0.00,0.00
10.3380,130.0000,130.0000,90.0000,90.0000,66.20,0.00,0.00,85.02,0.00,0.00
10.3400,130.0000,130.0000,90.0000,90.0000,66.20,0.00,0.00,85.02,0.00,0.00
10.3420,130.0000,130.0000,90.0000,90.0000,66.20,0.00,0.00,85.02,0.00,0.00
10.3440,130.0000,130.0000,90.0000,90.0000,66.20,0.00,0.00,85.02,0.00,0.00
10.3460,130.0000,130.0000,90.0000,90.0000,66.20,0.00,0.00,85.02,0.00,0.00
10.3480,130.0000,130.0000,90.0000,90.0000,66.20,0.00,0.00,85.02,0.00,0.00
10.3500,130.0000,130.0000,90.0000,90.0000,66.20,0.00,0.00,85.02,0.00,0.00
10.3520,130.0000,130.0000,90.0000,90.0000,66.20,0.00,0.00,85.02,0.00,0.00
10.3540,130.0000,130.0000,90.0000,90.0000,66.20,0.00,0.00,85.02,0.00,0.00
10.3560,130.0000,130.0000,90.0000,90.0000,66.20,0.00,0.00,85.02,0.00,0.00
10.3580,130.0000,130.0000,90.0000,90.0000,66.20,0.00,0.00,85.02,0.00,0.00
10.3600,130.0000,130.0000,90.0000,90.0000,66.20,0.00,0.00,85.02,0.00,0.00
10.3620,130.0000,130.0000,90.0000,90.0000,66.20,0.00,0.00,85.02,0.00,0.00
10.3640,130.0000,130.0000,90.0000,90.0000,66.20,0.00,0.00,85.02,0.00,0.00
10.3660,130.0000,130.0000,90.0000,90.0000,66.20,0.00,0.00,85.02,0.00,0.00
10.3680,130.0000,130.0000,90.0000,90.0000,66.20,0.00,0.00,85.02,0.00,0.00
10.3700,130.0000,130.0000,90.0000,90.0000,66.20,0.00,0.00,85.02,0.00,0.00
10.3720,130.0000,130.0000,90.0000,90.0000,0.00,0.00,72.14,85.02,0.00,0.00
10.3740,130.0000,130.0000,90.0000,90.0000,0.00,0.00,72.14,85.02,0.00,0.00
10.3760,130.0000,130.0000,90.0000,90.0000,0.00,0.00,72.14,85.02,0.00,0.00
10.3780,130.0000,130.0000,90.0000,90.0000,0.00,0.00,72.14,85.02,0.00,0.00
10.3800,130.0000,130.0000,90.0000,90.0000,0.00,0.00,72.14,85.02,0.00,0.00
10.3820,130.0000,130.0000,90.0000,90.0000,0.00,0.00,72.14,85.02,0.00,0.00
10.3840,130.0000,130.0000,90.0000,90.0000,0.00,0.00,72.14,85.02,0.00,0.00
10.3860,130.0000,130.0000,90.0000,90.0000,0.00,0.00,72.14,85.02,0.00,0.00
10.3880,130.0000,130.0000,90.0000,90.0000,0.00,0.00,72.14,85.02,0.00,0.00
10.3900,130.0000,130.0000,90.0000,90.0000,0.00,0.00,72.14,85.02,0.00,0.00
10.3920,130.0000,130.0000,90.0000,90.0000,0.00,0.00,72.14,85.02,0.00,0.00
10.3940,130.0000,130.0000,90.0000,90.0000,0.00,0.00,72.14,85.02,0.00,0.00
10.3960,130.0000,130.0000,90.0000,90.0000,66.20,0.00,0.00,85.02,0.00,0.00
10.3980,130.0000,130.0000,90.0000,90.0000,66.20,0.00,0.00,85.02,0.00,0.00
10.4000,130.0000,130.0000,90.0000,90.0000,66.20,0.00,0.00,85.02,0.00,0.00
10.4020,130.0000,130.0000,90.0000,90.0000,66.20,0.00,0.00,85.02,0.00,0.00
10.4040,130.0000,130.0000,90.0000,90.0000,66.20,0.00,0.00,85.02,0.00,0.00
10.4060,130.0000,130.0000,90.0000,90.0000,66.20,0.00,0.00,85.02,0.00,0.00
10.4080,130.0000,130.0000,90.0000,90.0000,66.20,0.00,0.00,85.02,0.00,0.00
10.4100,130.0000,130.0000,90.0000,90.0000,66.20,0.00,0.00,85.02,0.00,0.00
10.4120,130.0000,130.0000,90.0000,90.0000,66.20,0.00,0.00,85.02,0.00,0.00
10.4140,130.0000,130.0000,90.0000,90.0000,66.20,0.00,0.00,85.02,0.00,0.00
10.4160,130.0000,130.0000,90.0000,90.0000,66.20,0.00,0.00,85.02,0.00,0.00
10.4180,130.0000,130.0000,90.0000,90.0000,66.20,0.00,0.00,85.02,0.00,0.00
10.4200,130.0000,130.0000,90.0000,90.0000,66.20,0.00,0.00,85.02,0.00,0.00
10.4220,130.0000,130.0000,90.0000,90.0000,66.20,0.00,0.00,85.02,0.00,0.00
10.4240,130.0000,130.0000,90.0000,90.0000,66.20,0.00,0.00,85.02,0.00,0.00
10.4260,130.0000,130.0000,90.0000,90.0000,66.20,0.00,0.00,85.02,0.00,0.00
10.4280,130.0000,130.0000,90.0000,90.0000,66.20,0.00,0.00,85.02,0.00,0.00
10.4300,130.0000,130.0000,90.0000,90.0000,66.20,0.00,0.00,85.02,0.00,0.00
10.4320,130.0000,130.0000,90.0000,90.0000,66.20,0.00,0.00,85.02,0.00,0.00
10.4340,130.0000,130.0000,90.0000,90.0000,66.20,0.00,0.00,85.02,0.00,0.00
10.4360,130.0000,130.0000,90.0000,90.0000,66.20,0.00,0.00,85.02,0.00,0.00
10.4380,130.0000,130.0000,90.0000,90.0000,66.20,0.00,0.00,85.02,0.00,0.00
10.4400,130.0000,130.0000,90.0000,90.0000,66.20,0.00,0.00,85.02,0.00,0.00
10.4420,130.0000,130.0000,90.0000,90.0000,66.20,0.00,0.00,85.02,0.00,0.00
10.4440,130.0000,130.0000,90.0000,90.0000,66.20,0.00,0.00,85.02,0.00,0.00
10.4460,130.0000,130.0000,90.0000,90.0000,66.20,0.00,0.00,85.02,0.00,0.00
10.4480,130.0000,130.0000,90.0000,90.0000,66.20,0.00,0.00,85.02,0.00,0.00
10.4500,130.0000,130.0000,90.0000,90.0000,66.20,0.00,0.00,85.02,0.00,0.00
10.4520,130.0000,130.0000,90.0000,90.0000,66.20,0.00,0.00,85.02,0.00,0.00
10.4540,130.0000,130.0000,90.0000,90.0000,66.20,0.00,0.00,85.02,0.00,0.00
10.4560,130.0000,130.0000,90.0000,90.0000,66.20,0.00,0.00,85.02,0.00,0.00
10.4580,130.0000,130.0000,90.0000,90.0000,66.20,0.00,0.00,85.02,0.00,0.00
10.4600,130.0000,130.0000,90.0000,90.0000,66.20,0.00,0.00,85.02,0.00,0.00
10.4620,130.0000,130.0000,90.0000,90.0000,66.20,0.00,0.00,85.02,0.00,0.00
10.4640,130.0000,130.0000,90.0000,90.0000,66.20,0.00,0.00,85.02,0.00,0.00
10.4660,130.0000,130.0000,90.0000,90.0000,66.20,0.00,0.00,85.02,0.00,0.00
10.4680,130.0000,130.0000,90.0000,90.0000,66.20,0.00,0.00,85.02,0.00,0.00
10.4700,130.0000,130.0000,90.0000,90.0000,66.20,0.00,0.00,85.02,0.00,0.00
10.4720,130.0000,130.0000,90.0000,90.0000,66.20,0.00,0.00,85.02,0.00,0.00
10.4740,130.0000,130.0000,90.0000,90.0000,66.20,0.00,0.00,85.02,0.00,0.00
10.4760,130.0000,130.0000,90.0000,90.0000,66.20,0.00,0.00,85.02,0.00,0.00
10.4780,130.0000,130.0000,90.0000,90.0000,66.20,0.00,0.00,85.02,0.00,0.00
10.4800,130.0000,130.0000,90.0000,90.0000,66.20,0.00,0.00,85.02,0.00,0.00
10.4820,130.0000,130.0000,90.0000,90.0000,66.20,0.00,0.00,85.02,0.00,0.00
10.4840,130.0000,130.0000,90.0000,90.0000,66.20,0.00,0.00,85.02,0.00,0.00
10.4860,130.0000,130.0000,90.0000,90.0000,66.20,0.00,0.00,85.02,0.00,0.00
10.4880,130.0000,130.0000,90.0000,90.0000,66.20,0.00,0.00,85.02,0.00,0.00
10.4900,130.0000,130.0000,90.0000,90.0000,0.00,0.00,72.14,85.02,0.00,0.00
10.4920,130.0000,130.0000,90.0000,90.0000,0.00,0.00,72.14,85.02,0.00,0.00
10.4940,130.0000,130.0000,90.0000,90.0000,0.00,0.00,72.14,85.02,0.00,0.00
10.4960,130.0000,130.0000,90.0000,90.0000,0.00,0.00,72.14,85.02,0.00,0.00
10.4980,130.0000,130.0000,90.0000,90.0000,0.00,0.00,72.14,85.02,0.00,0.00
10.5000,130.0000,130.0000,90.0000,90.0000,0.00,0.00,72.14,85.02,0.00,0.00
10.5020,130.0000,130.0000,90.0000,90.0000,0.00,0.00,72.14,85.02,0.00,0.00
10.5040,130.0000,130.0000,90.0000,90.0000,0.00,0.00,72.14,85.02,0.00,0.00
10.5060,130.0000,130.0000,90.0000,90.0000,0.00,0.00,72.14,85.02,0.00,0.00
10.5080,130.0000,130.0000,90.0000,90.0000,0.00,0.00,72.14,85.02,0.00,0.00
10.5100,130.0000,130.0000,90.0000,90.0000,0.00,0.00,72.14,85.02,0.00,0.00
10.5120,130.0000,130.0000,90.0000,90.0000,0.00,0.00,72.14,85.02,0.00,0.00
10.5140,130.0000,130.0000,90.0000,90.0000,66.20,0.00,0.00,85.02,0.00,0.00
10.5160,130.0000,130.0000,90.0000,90.0000,66.20,0.00,0.00,85.02,0.00,0.00
10.5180,130.0000,130.0000,90.0000,90.0000,66.20,0.00,0.00,85.02,0.00,0.00
10.5200,130.0000,130.0000,90.0000,90.0000,66.20,0.00,0.00,85.02,0.00,0.00
10.5220,130.0000,130.0000,90.0000,90.0000,66.20,0.00,0.00,85.02,0.00,0.00
10.5240,130.0000,130.0000,90.0000,90.0000,66.20,0.00,0.00,85.02,0.00,0.00
10.5260,130.0000,130.0000,90.0000,90.0000,66.20,0.00,0.00,85.02,0.00,0.00
10.5280,130.0000,130.0000,90.0000,90.0000,66.20,0.00,0.00,85.02,0.00,0.00
10.5300,130.0000,130.0000,90.0000,90.0000,66.20,0.00,0.00,85.02,0.00,0.00
10.5320,130.0000,130.0000,90.0000,90.0000,66.20,0.00,0.00,85.02,0.00,0.00
10.5340,130.0000,130.0000,90.0000,90.0000,66.20,0.00,0.00,85.02,0.00,0.00
10.5360,130.0000,130.0000,90.0000,90.0000,66.20,0.00,0.00,85.02,0.00,0.00
10.5380,130.0000,130.0000,90.0000,90.0000,66.20,0.00,0.00,85.02,0.00,0.00
10.5400,130.0000,130.0000,90.0000,90.0000,66.20,0.00,0.00,85.02,0.00,0.00
10.5420,130.0000,130.0000,90.0000,90.0000,66.20,0.00,0.00,85.02,0.00,0.00
10.5440,130.0000,130.0000,90.0000,90.0000,66.20,0.00,0.00,85.02,0.00,0.00
10.5460,130.0000,130.0000,90.0000,90.0000,66.20,0.00,0.00,85.02,0.00,0.00
10.5480,130.0000,130.0000,90.0000,90.0000,66.20,0.00,0.00,85.02,0.00,0.00
10.5500,130.0000,130.0000,90.0000,90.0000,66.20,0.00,0.00,85.02,0.00,0.00
10.5520,130.0000,130.0000,90.0000,90.0000,66.20,0.00,0.00,85.02,0.00,0.00
10.5540,130.0000,130.0000,90.0000,90.0000,66.20,0.00,0.00,85.02,0.00,0.00
10.5560,130.0000,130.0000,90.0000,90.0000,66.20,0.00,0.00,85.02,0.00,0.00
10.5580,130.0000,130.0000,90.0000,90.0000,66.20,0.00,0.00,85.02,0.00,0.00
10.5600,130.0000,130.0000,90.0000,90.0000,66.20,0.00,0.00,85.02,0.00,0.00
10.5620,130.0000,130.0000,90.0000,90.0000,66.20,0.00,0.00,85.02,0.00,0.00
10.5640,130.0000,130.0000,90.0000,90.0000,66.20,0.00,0.00,85.02,0.00,0.00
10.5660,130.0000,130.0000,90.0000,90.0000,66.20,0.00,0.00,85.02,0.00,0.00
10.5680,130.0000,130.0000,90.0000,90.0000,66.20,0.00,0.00,85.02,0.00,0.00
10.5700,130.0000,130.0000,90.0000,90.0000,66.20,0.00,0.00,85.02,0.00,0.00
10.5720,130.0000,130.0000,90.0000,90.0000,66.20,0.00,0.00,85.02,0.00,0.00
10.5740,130.0000,130.0000,90.0000,90.0000,66.20,0.00,0.00,85.02,0.00,0.00
10.5760,130.0000,130.0000,90.0000,90.0000,66.20,0.00,0.00,85.02,0.00,0.00
10.5780,130.0000,130.0000,90.0000,90.0000,66.20,0.00,0.00,85.02,0.00,0.00
10.5800,130.0000,130.0000,90.0000,90.0000,66.20,0.00,0.00,85.02,0.00,0.00
10.5820,130.0000,130.0000,90.0000,90.0000,66.20,0.00,0.00,85.02,0.00,0.00
10.5840,130.0000,130.0000,90.0000,90.0000,66.20,0.00,0.00,85.02,0.00,0.00
10.5860,130.0000,130.0000,90.0000,90.0000,66.20,0.00,0.00,85.02,0.00,0.00
10.5880,130.0000,130.0000,90.0000,90.0000,66.20,0.00,0.00,85.02,0.00,0.00
10.5900,130.0000,130.0000,90.0000,90.0000,66.20,0.00,0.00,85.02,0.00,0.00
10.5920,130.0000,130.0000,90.0000,90.0000,66.20,0.00,0.00,85.02,0.00,0.00
10.5940,130.0000,130.0000,90.0000,90.0000,66.20,0.00,0.00,85.02,0.00,0.00
10.5960,130.0000,130.0000,90.0000,90.0000,66.20,0.00,0.00,85.02,0.00,0.00
10.5980,130.0000,130.0000,90.0000,90.0000,66.20,0.00,0.00,85.02,0.00,0.00
10.6000,130.0000,130.0000,90.0000,90.0000,66.20,0.00,0.00,85.02,0.00,0.00
10.6020,130.0000,130.0000,90.0000,90.0000,66.20,0.00,0.00,85.02,0.00,0.00
10.6040,130.0000,130.0000,90.0000,90.0000,66.20,0.00,0.00,85.02,0.00,0.00
10.6060,130.0000,130.0000,90.0000,90.0000,66.20,0.00,0.00,85.02,0.00,0.00
10.6080,130.0000,130.0000,90.0000,90.0000,0.00,0.00,72.14,85.02,0.00,0.00
10.6100,130.0000,130.0000,90.0000,90.0000,0.00,0.00,72.14,85.02,0.00,0.00
10.6120,130.0000,130.0000,90.0000,90.0000,0.00,0.00,72.14,85.02,0.00,0.00
10.6140,130.0000,130.0000,90.0000,90.0000,0.00,0.00,72.14,85.02,0.00,0.00
10.6160,130.0000,130.0000,90.0000,90.0000,0.00,0.00,72.14,85.02,0.00,0.00
10.6180,130.0000,130.0000,90.0000,90.0000,0.00,0.00,72.14,85.02,0.00,0.00
10.6200,130.0000,130.0000,90.0000,90.0000,0.00,0.00,72.14,85.02,0.00,0.00
10.6220,130.0000,130.0000,90.0000,90.0000,0.00,0.00,72.14,85.02,0.00,0.00
10.6240,130.0000,130.0000,90.0000,90.0000,0.00,0.00,72.14,85.02,0.00,0.00
10.6260,130.0000,130.0000,90.0000,90.0000,0.00,0.00,72.14,85.02,0.00,0.00
10.6280,130.0000,130.0000,90.0000,90.0000,0.00,0.00,72.14,85.02,0.00,0.00
10.6300,130.0000,130.0000,90.0000,90.0000,0.00,0.00,72.14,85.02,0.00,0.00
10.6320,130.0000,130.0000,90.0000,90.0000,66.20,0.00,0.00,85.02,0.00,0.00
10.6340,130.0000,130.0000,90.0000,90.0000,66.20,0.00,0.00,85.02,0.00,0.00
10.6360,130.0000,130.0000,90.0000,90.0000,66.20,0.00,0.00,85.02,0.00,0.00
10.6380,130.0000,130.0000,90.0000,90.0000,66.20,0.00,0.00,85.02,0.00,0.00
10.6400,130.0000,130.0000,90.0000,90.0000,66.20,0.00,0.00,85.02,0.00,0.00
10.6420,130.0000,130.0000,90.0000,90.0000,66.20,0.00,0.00,85.02,0.00,0.00
10.6440,130.0000,130.0000,90.0000,90.0000,66.20,0.00,0.00,85.02,0.00,0.00
10.6460,130.0000,130.0000,90.0000,90.0000,66.20,0.00,0.00,85.02,0.00,0.00
10.6480,130.0000,130.0000,90.0000,90.0000,66.20,0.00,0.00,85.02,0.00,0.00
10.6500,130.0000,130.0000,90.0000,90.0000,66.20,0.00,0.00,85.02,0.00,0.00
10.6520,130.0000,130.0000,90.0000,90.0000,66.20,0.00,0.00,85.02,0.00,0.00
10.6540,130.0000,130.0000,90.0000,90.0000,66.20,0.00,0.00,85.02,0.00,0.00
10.6560,130.0000,130.0000,90.0000,90.0000,66.20,0.00,0.00,85.02,0.00,0.00
10.6580,130.0000,130.0000,90.0000,90.0000,66.20,0.00,0.00,85.02,0.00,0.00
10.6600,130.0000,130.0000,90.0000,90.0000,66.20,0.00,0.00,85.02,0.00,0.00
10.6620,130.0000,130.0000,90.0000,90.0000,66.20,0.00,0.00,85.02,0.00,0.00
10.6640,130.0000,130.0000,90.0000,90.0000,66.20,0.00,0.00,85.02,0.00,0.00
10.6660,130.0000,130.0000,90.0000,90.0000,66.20,0.00,0.00,85.02,0.00,0.00
10.6680,130.0000,130.0000,90.0000,90.0000,66.20,0.00,0.00,85.02,0.00,0.00
10.6700,130.0000,130.0000,90.0000,90.0000,66.20,0.00,0.00,85.02,0.00,0.00
10.6720,130.0000,130.0000,90.0000,90.0000,66.20,0.00,0.00,85.02,0.00,0.00
10.6740,130.0000,130.0000,90.0000,90.0000,66.20,0.00,0.00,85.02,0.00,0.00
10.6760,130.0000,130.0000,90.0000,90.0000,66.20,0.00,0.00,85.02,0.00,0.00
10.6780,130.0000,130.0000,90.0000,90.0000,66.20,0.00,0.00,85.02,0.00,0.00
10.6800,130.0000,130.0000,90.0000,90.0000,66.20,0.00,0.00,85.02,0.00,0.00
10.6820,130.0000,130.0000,90.0000,90.0000,66.20,0.00,0.00,85.02,0.00,0.00
10.6840,130.0000,130.0000,90.0000,90.0000,66.20,0.00,0.00,85.02,0.00,0.00
10.6860,130.0000,130.0000,90.0000,90.0000,66.20,0.00,0.00,85.02,0.00,0.00
10.6880,130.0000,130.0000,90.0000,90.0000,66.20,0.00,0.00,85.02,0.00,0.00
10.6900,130.0000,130.0000,90.0000,90.0000,66.20,0.00,0.00,85.02,0.00,0.00
10.6920,130.0000,130.0000,90.0000,90.0000,66.20,0.00,0.00,85.02,0.00,0.00
10.6940,130.0000,130.0000,90.0000,90.0000,66.20,0.00,0.00,85.02,0.00,0.00
10.6960,130.0000,130.0000,90.0000,90.0000,66.20,0.00,0.00,85.02,0.00,0.00
10.6980,130.0000,130.0000,90.0000,90.0000,66.20,0.00,0.00,85.02,0.00,0.00
10.7000,130.0000,130.0000,90.0000,90.0000,66.20,0.00,0.00,85.02,0.00,0.00
10.7020,130.0000,130.0000,90.0000,90.0000,66.20,0.00,0.00,85.02,0.00,0.00
10.7040,130.0000,130.0000,90.0000,90.0000,66.20,0.00,0.00,85.02,0.00,0.00
10.7060,130.0000,130.0000,90.0000,90.0000,66.20,0.00,0.00,85.02,0.00,0.00
10.7080,130.0000,130.0000,90.0000,90.0000,66.20,0.00,0.00,85.02,0.00,0.00
10.7100,130.0000,130.0000,90.0000,90.0000,66.20,0.00,0.00,85.02,0.00,0.00
10.7120,130.0000,130.0000,90.0000,90.0000,66.20,0.00,0.00,85.02,0.00,0.00
10.7140,130.0000,130.0000,90.0000,90.0000,66.20,0.00,0.00,85.02,0.00,0.00
10.7160,130.0000,130.0000,90.0000,90.0000,66.20,0.00,0.00,85.02,0.00,0.00
10.7180,130.0000,130.0000,90.0000,90.0000,66.20,0.00,0.00,85.02,0.00,0.00
10.7200,130.0000,130.0000,90.0000,90.0000,66.20,0.00,0.00,85.02,0.00,0.00
10.7220,130.0000,130.0000,90.0000,90.0000,66.20,0.00,0.00,85.02,0.00,0.00
10.7240,130.0000,130.0000,90.0000,90.0000,66.20,0.00,0.00,85.02,0.00,0.00
10.7260,130.0000,130.0000,90.0000,90.0000,0.00,0.00,72.14,85.02,0.00,0.00
10.7280,130.0000,130.0000,90.0000,90.0000,0.00,0.00,72.14,85.02,0.00,0.00
10.7300,130.0000,130.0000,90.0000,90.0000,0.00,0.00,72.14,85.02,0.00,0.00
10.7320,130.0000,130.0000,90.0000,90.0000,0.00,0.00,72.14,85.02,0.00,0.00
10.7340,130.0000,130.0000,90.0000,90.0000,0.00,0.00,72.14,85.02,0.00,0.00
10.7360,130.0000,130.0000,90.0000,90.0000,0.00,0.00,72.14,85.02,0.00,0.00
10.7380,130.0000,130.0000,90.0000,90.0000,0.00,0.00,72.14,85.02,0.00,0.00
10.7400,130.0000,130.0000,90.0000,90.0000,0.00,0.00,72.14,85.02,0.00,0.00
10.7420,130.0000,130.0000,90.0000,90.0000,0.00,0.00,72.14,85.02,0.00,0.00
10.7440,130.0000,130.0000,90.0000,90.0000,0.00,0.00,72.14,85.02,0.00,0.00
10.7460,130.0000,130.0000,90.0000,90.0000,0.00,0.00,72.14,85.02,0.00,0.00
10.7480,130.0000,130.0000,90.0000,90.0000,0.00,0.00,72.14,85.02,0.00,0.00
10.7500,130.0000,130.0000,90.0000,90.0000,66.20,0.00,0.00,85.02,0.00,0.00
10.7520,130.0000,130.0000,90.0000,90.0000,66.20,0.00,0.00,85.02,0.00,0.00
10.7540,130.0000,130.0000,90.0000,90.0000,66.20,0.00,0.00,85.02,0.00,0.00
10.7560,130.0000,130.0000,90.0000,90.0000,66.20,0.00,0.00,85.02,0.00,0.00
10.7580,130.0000,130.0000,90.0000,90.0000,66.20,0.00,0.00,85.02,0.00,0.00
10.7600,130.0000,130.0000,90.0000,90.0000,66.20,0.00,0.00,85.02,0.00,0.00
10.7620,130.0000,130.0000,90.0000,90.0000,66.20,0.00,0.00,85.02,0.00,0.00
10.7640,130.0000,130.0000,90.0000,90.0000,66.20,0.00,0.00,85.02,0.00,0.00
10.7660,130.0000,130.0000,90.0000,90.0000,66.20,0.00,0.00,85.02,0.00,0.00
10.7680,130.0000,130.0000,90.0000,90.0000,66.20,0.00,0.00,85.02,0.00,0.00
10.7700,130.0000,130.0000,90.0000,90.0000,66.20,0.00,0.00,85.02,0.00,0.00
10.7720,130.0000,130.0000,90.0000,90.0000,66.20,0.00,0.00,85.02,0.00,0.00
10.7740,130.0000,130.0000,90.0000,90.0000,66.20,0.00,0.00,85.02,0.00,0.00
10.7760,130.0000,130.0000,90.0000,90.0000,66.20,0.00,0.00,85.02,0.00,0.00
10.7780,130.0000,130.0000,90.0000,90.0000,66.20,0.00,0.00,85.02,0.00,0.00
10.7800,130.0000,130.0000,90.0000,90.0000,66.20,0.00,0.00,85.02,0.00,0.00
10.7820,130.0000,130.0000,90.0000,90.0000,66.20,0.00,0.00,85.02,0.00,0.00
10.7840,130.0000,130.0000,90.0000,90.0000,66.20,0.00,0.00,85.02,0.00,0.00
10.7860,130.0000,130.0000,90.0000,90.0000,66.20,0.00,0.00,85.02,0.00,0.00
10.7880,130.0000,130.0000,90.0000,90.0000,66.20,0.00,0.00,85.02,0.00,0.00
10.7900,130.0000,130.0000,90.0000,90.0000,66.20,0.00,0.00,85.02,0.00,0.00
10.7920,130.0000,130.0000,90.0000,90.0000,66.20,0.00,0.00,85.02,0.00,0.00
10.7940,130.0000,130.0000,90.0000,90.0000,66.20,0.00,0.00,85.02,0.00,0.00
10.7960,130.0000,130.0000,90.0000,90.0000,66.20,0.00,0.00,85.02,0.00,0.00
10.7980,130.0000,130.0000,90.0000,90.0000,66.20,0.00,0.00,85.02,0.00,0.00
10.8000,130.0000,130.0000,90.0000,90.0000,66.20,0.00,0.00,85.02,0.00,0.00
10.8020,130.0000,130.0000,90.0000,90.0000,66.20,0.00,0.00,85.02,0.00,0.00
10.8040,130.0000,130.0000,90.0000,90.0000,66.20,0.00,0.00,85.02,0.00,0.00
10.8060,130.0000,130.0000,90.0000,90.0000,66.20,0.00,0.00,85.02,0.00,0.00
10.8080,130.0000,130.0000,90.0000,90.0000,66.20,0.00,0.00,85.02,0.00,0.00
10.8100,130.0000,130.0000,90.0000,90.0000,66.20,0.00,0.00,85.02,0.00,0.00
10.8120,130.0000,130.0000,90.0000,90.0000,66.20,0.00,0.00,85.02,0.00,0.00
10.8140,130.0000,130.0000,90.0000,90.0000,66.20,0.00,0.00,85.02,0.00,0.00
10.8160,130.0000,130.0000,90.0000,90.0000,66.20,0.00,0.00,85.02,0.00,0.00
10.8180,130.0000,130.0000,90.0000,90.0000,66.20,0.00,0.00,85.02,0.00,0.00
10.8200,130.0000,130.0000,90.0000,90.0000,66.20,0.00,0.00,85.02,0.00,0.00
10.8220,130.0000,130.0000,90.0000,90.0000,66.20,0.00,0.00,85.02,0.00,0.00
10.8240,130.0000,130.0000,90.0000,90.0000,66.20,0.00,0.00,85.02,0.00,0.00
10.8260,130.0000,130.0000,90.0000,90.0000,66.20,0.00,0.00,85.02,0.00,0.00
10.8280,130.0000,130.0000,90.0000,90.0000,66.20,0.00,0.00,85.02,0.00,0.00
10.8300,130.0000,130.0000,90.0000,90.0000,66.20,0.00,0.00,85.02,0.00,0.00
10.8320,130.0000,130.0000,90.0000,90.0000,66.20,0.00,0.00,85.02,0.00,0.00
10.8340,130.0000,130.0000,90.0000,90.0000,66.20,0.00,0.00,85.02,0.00,0.00
10.8360,130.0000,130.0000,90.0000,90.0000,66.20,0.00,0.00,85.02,0.00,0.00
10.8380,130.0000,130.0000,90.0000,90.0000,66.20,0.00,0.00,85.02,0.00,0.00
10.8400,130.0000,130.0000,90.0000,90.0000,66.20,0.00,0.00,85.02,0.00,0.00
10.8420,130.0000,130.0000,90.0000,90.0000,66.20,0.00,0.00,85.02,0.00,0.00
10.8440,130.0000,130.0000,90.0000,90.0000,0.00,0.00,72.14,85.02,0.00,0.00
10.8460,130.0000,130.0000,90.0000,90.0000,0.00,0.00,72.14,85.02,0.00,0.00
10.8480,130.0000,130.0000,90.0000,90.0000,0.00,0.00,72.14,85.02,0.00,0.00
10.8500,130.0000,130.0000,90.0000,90.0000,0.00,0.00,72.14,85.02,0.00,0.00
10.8520,130.0000,130.0000,90.0000,90.0000,0.00,0.00,72.14,85.02,0.00,0.00
10.8540,130.0000,130.0000,90.0000,90.0000,0.00,0.00,72.14,85.02,0.00,0.00
10.8560,130.0000,130.0000,90.0000,90.0000,0.00,0.00,72.14,85.02,0.00,0.00
10.8580,130.0000,130.0000,90.0000,90.0000,0.00,0.00,72.14,85.02,0.00,0.00
10.8600,130.0000,130.0000,90.0000,90.0000,0.00,0.00,72.14,85.02,0.00,0.00
10.8620,130.0000,130.0000,90.0000,90.0000,0.00,0.00,72.14,85.02,0.00,0.00
10.8640,130.0000,130.0000,90.0000,90.0000,0.00,0.00,72.14,85.02,0.00,0.00
10.8660,130.0000,130.0000,90.0000,90.0000,0.00,0.00,72.14,85.02,0.00,0.00
10.8680,130.0000,130.0000,90.0000,90.0000,66.20,0.00,0.00,85.02,0.00,0.00
10.8700,130.0000,130.0000,90.0000,90.0000,66.20,0.00,0.00,85.02,0.00,0.00
10.8720,130.0000,130.0000,90.0000,90.0000,66.20,0.00,0.00,85.02,0.00,0.00
10.8740,130.0000,130.0000,90.0000,90.0000,66.20,0.00,0.00,85.02,0.00,0.00
10.8760,130.0000,130.0000,90.0000,90.0000,66.20,0.00,0.00,85.02,0.00,0.00
10.8780,130.0000,130.0000,90.0000,90.0000,66.20,0.00,0.00,85.02,0.00,0.00
10.8800,130.0000,130.0000,90.0000,90.0000,66.20,0.00,0.00,85.02,0.00,0.00
10.8820,130.0000,130.0000,90.0000,90.0000,66.20,0.00,0.00,85.02,0.00,0.00
10.8840,130.0000,130.0000,90.0000,90.0000,66.20,0.00,0.00,85.02,0.00,0.00
10.8860,130.0000,130.0000,90.0000,90.0000,66.20,0.00,0.00,85.02,0.00,0.00
10.8880,130.0000,130.0000,90.0000,90.0000,66.20,0.00,0.00,85.02,0.00,0.00
10.8900,130.0000,130.0000,90.0000,90.0000,66.20,0.00,0.00,85.02,0.00,0.00
10.8920,130.0000,130.0000,90.0000,90.0000,66.20,0.00,0.00,85.02,0.00,0.00
10.8940,130.0000,130.0000,90.0000,90.0000,66.20,0.00,0.00,85.02,0.00,0.00
10.8960,130.0000,130.0000,90.0000,90.0000,66.20,0.00,0.00,85.02,0.00,0.00
10.8980,130.0000,130.0000,90.0000,90.0000,66.20,0.00,0.00,85.02,0.00,0.00
10.9000,130.0000,130.0000,90.0000,90.0000,66.20,0.00,0.00,85.02,0.00,0.00
10.9020,130.0000,130.0000,90.0000,90.0000,66.20,0.00,0.00,85.02,0.00,0.00
10.9040,130.0000,130.0000,90.0000,90.0000,66.20,0.00,0.00,85.02,0.00,0.00
10.9060,130.0000,130.0000,90.0000,90.0000,66.20,0.00,0.00,85.02,0.00,0.00
10.9080,130.0000,130.0000,90.0000,90.0000,66.20,0.00,0.00,85.02,0.00,0.00
10.9100,130.0000,130.0000,90.0000,90.0000,66.20,0.00,0.00,85.02,0.00,0.00
10.9120,130.0000,130.0000,90.0000,90.0000,66.20,0.00,0.00,85.02,0.00,0.00
10.9140,130.0000,130.0000,90.0000,90.0000,66.20,0.00,0.00,85.02,0.00,0.00
10.9160,130.0000,130.0000,90.0000,90.0000,66.20,0.00,0.00,85.02,0.00,0.00
10.9180,130.0000,130.0000,90.0000,90.0000,66.20,0.00,0.00,85.02,0.00,0.00
10.9200,130.0000,130.0000,90.0000,90.0000,66.20,0.00,0.00,85.02,0.00,0.00
10.9220,130.0000,130.0000,90.0000,90.0000,66.20,0.00,0.00,85.02,0.00,0.00
10.9240,130.0000,130.0000,90.0000,90.0000,66.20,0.00,0.00,85.02,0.00,0.00
10.9260,130.0000,130.0000,90.0000,90.0000,66.20,0.00,0.00,85.02,0.00,0.00
10.9280,130.0000,130.0000,90.0000,90.0000,66.20,0.00,0.00,85.02,0.00,0.00
10.9300,130.0000,130.0000,90.0000,90.0000,66.20,0.00,0.00,85.02,0.00,0.00
10.9320,130.0000,130.0000,90.0000,90.0000,66.20,0.00,0.00,85.02,0.00,0.00
10.9340,130.0000,130.0000,90.0000,90.0000,66.20,0.00,0.00,85.02,0.00,0.00
10.9360,130.0000,130.0000,90.0000,90.0000,66.20,0.00,0.00,85.02,0.00,0.00
10.9380,130.0000,130.0000,90.0000,90.0000,66.20,0.00,0.00,85.02,0.00,0.00
10.9400,130.0000,130.0000,90.0000,90.0000,66.20,0.00,0.00,85.02,0.00,0.00
10.9420,130.0000,130.0000,90.0000,90.0000,66.20,0.00,0.00,85.02,0.00,0.00
10.9440,130.0000,130.0000,90.0000,90.0000,66.20,0.00,0.00,85.02,0.00,0.00
10.9460,130.0000,130.0000,90.0000,90.0000,66.20,0.00,0.00,85.02,0.00,0.00
10.9480,130.0000,130.0000,90.0000,90.0000,66.20,0.00,0.00,85.02,0.00,0.00
10.9500,130.0000,130.0000,90.0000,90.0000,66.20,0.00,0.00,85.02,0.00,0.00
10.9520,130.0000,130.0000,90.0000,90.0000,66.20,0.00,0.00,85.02,0.00,0.00
10.9540,130.0000,130.0000,90.0000,90.0000,66.20,0.00,0.00,85.02,0.00,0.00
10.9560,130.0000,130.0000,90.0000,90.0000,66.20,0.00,0.00,85.02,0.00,0.00
10.9580,130.0000,130.0000,90.0000,90.0000,66.20,0.00,0.00,85.02,0.00,0.00
10.9600,130.0000,130.0000,90.0000,90.0000,66.20,0.00,0.00,85.02,0.00,0.00
10.9620,130.0000,130.0000,90.0000,90.0000,0.00,0.00,72.14,85.02,0.00,0.00
10.9640,130.0000,130.0000,90.0000,90.0000,0.00,0.00,72.14,85.02,0.00,0.00
10.9660,130.0000,130.0000,90.0000,90.0000,0.00,0.00,72.14,85.02,0.00,0.00
10.9680,130.0000,130.0000,90.0000,90.0000,0.00,0.00,72.14,85.02,0.00,0.00
10.9700,130.0000,130.0000,90.0000,90.0000,0.00,0.00,72.14,85.03,0.00,0.00
10.9720,130.0000,130.0000,90.0000,90.0000,0.00,0.00,72.14,0.00,0.00,84.71
10.9740,130.0000,130.0000,90.0000,90.0000,0.00,0.00,72.14,0.00,0.00,84.71
10.9760,130.0000,130.0000,90.0000,90.0000,0.00,0.00,72.14,0.00,0.00,84.71
10.9780,130.0000,130.0000,90.0000,90.0000,0.00,0.00,72.14,0.00,0.00,84.71
10.9800,130.0000,130.0000,90.0000,90.0000,0.00,0.00,72.14,0.00,0.00,84.71
10.9820,130.0000,130.0000,90.0000,90.0000,0.00,0.00,72.14,0.00,0.00,84.71
10.9840,130.0000,130.0000,90.0000,90.0000,0.00,0.00,72.14,0.00,0.00,84.71
10.9860,130.0000,130.0000,90.0000,90.0000,66.20,0.00,0.00,0.00,0.00,84.71
10.9880,130.0000,130.0000,90.0000,90.0000,66.20,0.00,0.00,0.00,0.00,84.71
10.9900,130.0000,130.0000,90.0000,90.0000,66.20,0.00,0.00,0.00,0.00,84.71
10.9920,130.0000,130.0000,90.0000,90.0000,66.20,0.00,0.00,0.00,0.00,84.71
10.9940,130.0000,130.0000,90.0000,90.0000,66.20,0.00,0.00,0.00,0.00,84.71
10.9960,130.0000,130.0000,90.0000,90.0000,66.20,0.00,0.00,0.00,0.00,84.71
10.9980,130.0000,130.0000,90.0000,90.0000,66.20,0.00,0.00,0.00,0.00,84.71
11.0000,130.0000,130.0000,90.0000,90.0000,66.20,0.00,0.00,0.00,0.00,84.71
11.0020,130.0000,130.0000,90.0000,90.0000,66.20,0.00,0.00,0.00,0.00,84.71
11.0040,130.0000,130.0000,90.0000,90.0000,66.20,0.00,0.00,0.00,0.00,84.71
11.0060,130.0000,130.0000,90.0000,90.0000,66.20,0.00,0.00,0.00,0.00,84.71
11.0080,130.0000,130.0000,90.0000,90.0000,66.20,0.00,0.00,0.00,0.00,84.71
11.0100,130.0000,130.0000,90.0000,90.0000,66.20,0.00,0.00,0.00,0.00,84.71
11.0120,130.0000,130.0000,90.0000,90.0000,66.20,0.00,0.00,0.00,0.00,84.71
11.0140,130.0000,130.0000,90.0000,90.0000,66.20,0.00,0.00,0.00,0.00,84.71
11.0160,130.0000,130.0000,90.0000,90.0000,66.20,0.00,0.00,0.00,0.00,84.71
11.0180,130.0000,130.0000,90.0000,90.0000,66.20,0.00,0.00,0.00,0.00,84.71
11.0200,130.0000,130.0000,90.0000,90.0000,66.20,0.00,0.00,0.00,0.00,84.71
11.0220,130.0000,130.0000,90.0000,90.0000,66.20,0.00,0.00,0.00,0.00,84.71
11.0240,130.0000,130.0000,90.0000,90.0000,66.20,0.00,0.00,0.00,0.00,84.71
11.0260,130.0000,130.0000,90.0000,90.0000,66.20,0.00,0.00,0.00,0.00,84.71
11.0280,130.0000,130.0000,90.0000,90.0000,66.20,0.00,0.00,0.00,0.00,84.71
11.0300,130.0000,130.0000,90.0000,90.0000,66.20,0.00,0.00,0.00,0.00,84.71
11.0320,130.0000,130.0000,90.0000,90.0000,66.20,0.00,0.00,0.00,0.00,84.71
11.0340,130.0000,130.0000,90.0000,90.0000,66.20,0.00,0.00,0.00,0.00,84.71
11.0360,130.0000,130.0000,90.0000,90.0000,66.20,0.00,0.00,0.00,0.00,84.71
11.0380,130.0000,130.0000,90.0000,90.0000,66.20,0.00,0.00,0.00,0.00,84.71
11.0400,130.0000,130.0000,90.0000,90.0000,66.20,0.00,0.00,0.00,0.00,84.71
11.0420,130.0000,130.0000,90.0000,90.0000,66.20,0.00,0.00,0.00,0.00,84.71
11.0440,130.0000,130.0000,90.0000,90.0000,66.20,0.00,0.00,0.00,0.00,84.71
11.0460,130.0000,130.0000,90.0000,90.0000,66.20,0.00,0.00,0.00,0.00,84.71
11.0480,130.0000,130.0000,90.0000,90.0000,66.20,0.00,0.00,0.00,0.00,84.71
11.0500,130.0000,130.0000,90.0000,90.0000,66.20,0.00,0.00,0.00,0.00,84.71
11.0520,130.0000,130.0000,90.0000,90.0000,66.20,0.00,0.00,0.00,0.00,84.71
11.0540,130.0000,130.0000,90.0000,90.0000,66.20,0.00,0.00,0.00,0.00,84.71
11.0560,130.0000,130.0000,90.0000,90.0000,66.20,0.00,0.00,0.00,0.00,84.71
11.0580,130.0000,130.0000,90.0000,90.0000,66.20,0.00,0.00,0.00,0.00,84.71
11.0600,130.0000,130.0000,90.0000,90.0000,66.20,0.00,0.00,0.00,0.00,84.71
11.0620,130.0000,130.0000,90.0000,90.0000,66.20,0.00,0.00,0.00,0.00,84.71
11.0640,130.0000,130.0000,90.0000,90.0000,66.20,0.00,0.00,0.00,0.00,84.71
11.0660,130.0000,130.0000,90.0000,90.0000,66.20,0.00,0.00,0.00,0.00,84.71
11.0680,130.0000,130.0000,90.0000,90.0000,66.20,0.00,0.00,0.00,0.00,84.71
11.0700,130.0000,130.0000,90.0000,90.0000,66.20,0.00,0.00,0.00,0.00,84.71
11.0720,130.0000,130.0000,90.0000,90.0000,66.20,0.00,0.00,85.02,0.00,0.00
11.0740,130.0000,130.0000,90.0000,90.0000,66.20,0.00,0.00,85.02,0.00,0.00
11.0760,130.0000,130.0000,90.0000,90.0000,66.20,0.00,0.00,85.02,0.00,0.00
11.0780,130.0000,130.0000,90.0000,90.0000,66.20,0.00,0.00,85.02,0.00,0.00
11.0800,130.0000,130.0000,90.0000,90.0000,0.00,0.00,72.14,85.02,0.00,0.00
11.0820,130.0000,130.0000,90.0000,90.0000,0.00,0.00,72.14,85.02,0.00,0.00
11.0840,130.0000,130.0000,90.0000,90.0000,0.00,0.00,72.14,85.02,0.00,0.00
11.0860,130.0000,130.0000,90.0000,90.0000,0.00,0.00,72.14,85.02,0.00,0.00
11.0880,130.0000,130.0000,90.0000,90.0000,0.00,0.00,72.14,85.02,0.00,0.00
11.0900,130.0000,130.0000,90.0000,90.0000,0.00,0.00,72.14,85.02,0.00,0.00
11.0920,130.0000,130.0000,90.0000,90.0000,0.00,0.00,72.14,85.02,0.00,0.00
11.0940,130.0000,130.0000,90.0000,90.0000,0.00,0.00,72.14,85.02,0.00,0.00
11.0960,130.0000,130.0000,90.0000,90.0000,0.00,0.00,72.14,85.02,0.00,0.00
11.0980,130.0000,130.0000,90.0000,90.0000,0.00,0.00,72.14,85.02,0.00,0.00
11.1000,130.0000,130.0000,90.0000,90.0000,0.00,0.00,72.14,85.02,0.00,0.00
11.1020,130.0000,130.0000,90.0000,90.0000,0.00,0.00,72.14,85.02,0.00,0.00
11.1040,130.0000,130.0000,90.0000,90.0000,66.20,0.00,0.00,85.02,0.00,0.00
11.1060,130.0000,130.0000,90.0000,90.0000,66.20,0.00,0.00,85.02,0.00,0.00
11.1080,130.0000,130.0000,90.0000,90.0000,66.20,0.00,0.00,85.02,0.00,0.00
11.1100,130.0000,130.0000,90.0000,90.0000,66.20,0.00,0.00,85.02,0.00,0.00
11.1120,130.0000,130.0000,90.0000,90.0000,66.20,0.00,0.00,85.02,0.00,0.00
11.1140,130.0000,130.0000,90.0000,90.0000,66.20,0.00,0.00,85.02,0.00,0.00
11.1160,130.0000,130.0000,90.0000,90.0000,66.20,0.00,0.00,85.02,0.00,0.00
11.1180,130.0000,130.0000,90.0000,90.0000,66.20,0.00,0.00,85.02,0.00,0.00
11.1200,130.0000,130.0000,90.0000,90.0000,66.20,0.00,0.00,85.02,0.00,0.00
11.1220,130.0000,130.0000,90.0000,90.0000,66.20,0.00,0.00,85.02,0.00,0.00
11.1240,130.0000,130.0000,90.0000,90.0000,66.20,0.00,0.00,85.02,0.00,0.00
11.1260,130.0000,130.0000,90.0000,90.0000,66.20,0.00,0.00,85.02,0.00,0.00
11.1280,130.0000,130.0000,90.0000,90.0000,66.20,0.00,0.00,85.02,0.00,0.00
11.1300,130.0000,130.0000,90.0000,90.0000,66.20,0.00,0.00,85.02,0.00,0.00
11.1320,130.0000,130.0000,90.0000,90.0000,66.20,0.00,0.00,85.02,0.00,0.00
11.1340,130.0000,130.0000,90.0000,90.0000,66.20,0.00,0.00,85.02,0.00,0.00
11.1360,130.0000,130.0000,90.0000,90.0000,66.20,0.00,0.00,85.02,0.00,0.00
11.1380,130.0000,130.0000,90.0000,90.0000,66.20,0.00,0.00,85.02,0.00,0.00
11.1400,130.0000,130.0000,90.0000,90.0000,66.20,0.00,0.00,85.02,0.00,0.00
11.1420,130.0000,130.0000,90.0000,90.0000,66.20,0.00,0.00,85.02,0.00,0.00
11.1440,130.0000,130.0000,90.0000,90.0000,66.20,0.00,0.00,85.02,0.00,0.00
11.1460,130.0000,130.0000,90.0000,90.0000,66.20,0.00,0.00,85.02,0.00,0.00
11.1480,130.0000,130.0000,90.0000,90.0000,66.20,0.00,0.00,85.02,0.00,0.00
11.1500,130.0000,130.0000,90.0000,90.0000,66.20,0.00,0.00,85.02,0.00,0.00
11.1520,130.0000,130.0000,90.0000,90.0000,66.20,0.00,0.00,85.02,0.00,0.00
11.1540,130.0000,130.0000,90.0000,90.0000,66.20,0.00,0.00,85.02,0.00,0.00
11.1560,130.0000,130.0000,90.0000,90.0000,66.20,0.00,0.00,85.02,0.00,0.00
11.1580,130.0000,130.0000,90.0000,90.0000,66.20,0.00,0.00,85.02,0.00,0.00
11.1600,130.0000,130.0000,90.0000,90.0000,66.20,0.00,0.00,85.02,0.00,0.00
11.1620,130.0000,130.0000,90.0000,90.0000,66.20,0.00,0.00,85.02,0.00,0.00
11.1640,130.0000,130.0000,90.0000,90.0000,66.20,0.00,0.00,85.02,0.00,0.00
11.1660,130.0000,130.0000,90.0000,90.0000,66.20,0.00,0.00,85.02,0.00,0.00
11.1680,130.0000,130.0000,90.0000,90.0000,66.20,0.00,0.00,85.02,0.00,0.00
11.1700,130.0000,130.0000,90.0000,90.0000,66.20,0.00,0.00,85.02,0.00,0.00
11.1720,130.0000,130.0000,90.0000,90.0000,66.20,0.00,0.00,85.02,0.00,0.00
11.1740,130.0000,130.0000,90.0000,90.0000,66.20,0.00,0.00,85.02,0.00,0.00
11.1760,130.0000,130.0000,90.0000,90.0000,66.20,0.00,0.00,85.02,0.00,0.00
11.1780,130.0000,130.0000,90.0000,90.0000,66.20,0.00,0.00,85.02,0.00,0.00
11.1800,130.0000,130.0000,90.0000,90.0000,66.20,0.00,0.00,85.02,0.00,0.00
11.1820,130.0000,130.0000,90.0000,90.0000,66.20,0.00,0.00,85.02,0.00,0.00
11.1840,130.0000,130.0000,90.0000,90.0000,66.20,0.00,0.00,85.02,0.00,0.00
11.1860,130.0000,130.0000,90.0000,90.0000,66.20,0.00,0.00,85.02,0.00,0.00
11.1880,130.0000,130.0000,90.0000,90.0000,66.20,0.00,0.00,85.02,0.00,0.00
11.1900,130.0000,130.0000,90.0000,90.0000,66.20,0.00,0.00,85.02,0.00,0.00
11.1920,130.0000,130.0000,90.0000,90.0000,66.20,0.00,0.00,85.02,0.00,0.00
11.1940,130.0000,130.0000,90.0000,90.0000,66.20,0.00,0.00,85.02,0.00,0.00
11.1960,130.0000,130.0000,90.0000,90.0000,66.20,0.00,0.00,85.02,0.00,0.00
11.1980,130.0000,130.0000,90.0000,90.0000,0.00,0.00,72.14,85.02,0.00,0.00
11.2000,130.0000,130.0000,90.0000,90.0000,0.00,0.00,72.14,85.02,0.00,0.00
11.2020,130.0000,130.0000,90.0000,90.0000,0.00,0.00,72.14,85.02,0.00,0.00
11.2040,130.0000,130.0000,90.0000,90.0000,0.00,0.00,72.14,85.02,0.00,0.00
11.2060,130.0000,130.0000,90.0000,90.0000,0.00,0.00,72.14,85.02,0.00,0.00
11.2080,130.0000,130.0000,90.0000,90.0000,0.00,0.00,72.14,85.02,0.00,0.00
11.2100,130.0000,130.0000,90.0000,90.0000,0.00,0.00,72.14,85.02,0.00,0.00
11.2120,130.0000,130.0000,90.0000,90.0000,0.00,0.00,72.14,85.02,0.00,0.00
11.2140,130.0000,130.0000,90.0000,90.0000,0.00,0.00,72.14,85.03,0.00,0.00
11.2160,130.0000,130.0000,90.0000,90.0000,0.00,0.00,72.14,0.00,0.00,84.71
11.2180,130.0000,130.0000,90.0000,90.0000,0.00,0.00,72.14,0.00,0.00,84.71
11.2200,130.0000,130.0000,90.0000,90.0000,0.00,0.00,72.14,0.00,0.00,84.71
11.2220,130.0000,130.0000,90.0000,90.0000,66.20,0.00,0.00,0.00,0.00,84.71
11.2240,130.0000,130.0000,90.0000,90.0000,66.20,0.00,0.00,0.00,0.00,84.71
11.2260,130.0000,130.0000,90.0000,90.0000,66.20,0.00,0.00,0.00,0.00,84.71
11.2280,130.0000,130.0000,90.0000,90.0000,66.20,0.00,0.00,0.00,0.00,84.71
11.2300,130.0000,130.0000,90.0000,90.0000,66.20,0.00,0.00,0.00,0.00,84.71
11.2320,130.0000,130.0000,90.0000,90.0000,66.20,0.00,0.00,0.00,0.00,84.71
11.2340,130.0000,130.0000,90.0000,90.0000,66.20,0.00,0.00,0.00,0.00,84.71
11.2360,130.0000,130.0000,90.0000,90.0000,66.20,0.00,0.00,0.00,0.00,84.71
11.2380,130.0000,130.0000,90.0000,90.0000,66.20,0.00,0.00,0.00,0.00,84.71
11.2400,130.0000,130.0000,90.0000,90.0000,66.20,0.00,0.00,0.00,0.00,84.71
11.2420,130.0000,130.0000,90.0000,90.0000,66.20,0.00,0.00,0.00,0.00,84.71
11.2440,130.0000,130.0000,90.0000,90.0000,66.20,0.00,0.00,0.00,0.00,84.71
11.2460,130.0000,130.0000,90.0000,90.0000,66.20,0.00,0.00,0.00,0.00,84.71
11.2480,130.0000,130.0000,90.0000,90.0000,66.20,0.00,0.00,0.00,0.00,84.71
11.2500,130.0000,130.0000,90.0000,90.0000,66.20,0.00,0.00,0.00,0.00,84.71
11.2520,130.0000,130.0000,90.0000,90.0000,66.20,0.00,0.00,0.00,0.00,84.71
11.2540,130.0000,130.0000,90.0000,90.0000,66.20,0.00,0.00,0.00,0.00,84.71
11.2560,130.0000,130.0000,90.0000,90.0000,66.20,0.00,0.00,0.00,0.00,84.71
11.2580,130.0000,130.0000,90.0000,90.0000,66.20,0.00,0.00,0.00,0.00,84.71
11.2600,130.0000,130.0000,90.0000,90.0000,66.20,0.00,0.00,0.00,0.00,84.71
11.2620,130.0000,130.0000,90.0000,90.0000,66.20,0.00,0.00,0.00,0.00,84.71
11.2640,130.0000,130.0000,90.0000,90.0000,66.20,0.00,0.00,0.00,0.00,84.71
11.2660,130.0000,130.0000,90.0000,90.0000,66.20,0.00,0.00,0.00,0.00,84.71
11.2680,130.0000,130.0000,90.0000,90.0000,66.20,0.00,0.00,0.00,0.00,84.71
11.2700,130.0000,130.0000,90.0000,90.0000,66.20,0.00,0.00,0.00,0.00,84.71
11.2720,130.0000,130.0000,90.0000,90.0000,66.20,0.00,0.00,0.00,0.00,84.71
11.2740,130.0000,130.0000,90.0000,90.0000,66.20,0.00,0.00,0.00,0.00,84.71
11.2760,130.0000,130.0000,90.0000,90.0000,66.20,0.00,0.00,0.00,0.00,84.71
11.2780,130.0000,130.0000,90.0000,90.0000,66.20,0.00,0.00,0.00,0.00,84.71
11.2800,130.0000,130.0000,90.0000,90.0000,66.20,0.00,0.00,0.00,0.00,84.71
11.2820,130.0000,130.0000,90.0000,90.0000,66.20,0.00,0.00,0.00,0.00,84.71
11.2840,130.0000,130.0000,90.0000,90.0000,66.20,0.00,0.00,0.00,0.00,84.71
11.2860,130.0000,130.0000,90.0000,90.0000,66.20,0.00,0.00,0.00,0.00,84.71
11.2880,130.0000,130.0000,90.0000,90.0000,66.20,0.00,0.00,0.00,0.00,84.71
11.2900,130.0000,130.0000,90.0000,90.0000,66.20,0.00,0.00,0.00,0.00,84.71
11.2920,130.0000,130.0000,90.0000,90.0000,66.20,0.00,0.00,0.00,0.00,84.71
11.2940,130.0000,130.0000,90.0000,90.0000,66.20,0.00,0.00,0.00,0.00,84.71
11.2960,130.0000,130.0000,90.0000,90.0000,66.20,0.00,0.00,0.00,0.00,84.71
11.2980,130.0000,130.0000,90.0000,90.0000,66.20,0.00,0.00,0.00,0.00,84.71
11.3000,130.0000,130.0000,90.0000,90.0000,66.20,0.00,0.00,0.00,0.00,84.71
11.3020,130.0000,130.0000,90.0000,90.0000,66.20,0.00,0.00,0.00,0.00,84.71
11.3040,130.0000,130.0000,90.0000,90.0000,66.20,0.00,0.00,0.00,0.00,84.71
11.3060,130.0000,130.0000,90.0000,90.0000,66.20,0.00,0.00,0.00,0.00,84.71
11.3080,130.0000,130.0000,90.0000,90.0000,66.20,0.00,0.00,0.00,0.00,84.71
11.3100,130.0000,130.0000,90.0000,90.0000,66.20,0.00,0.00,0.00,0.00,84.71
11.3120,130.0000,130.0000,90.0000,90.0000,66.20,0.00,0.00,0.00,0.00,84.71
11.3140,130.0000,130.0000,90.0000,90.0000,66.20,0.00,0.00,0.00,0.00,84.71
11.3160,130.0000,130.0000,90.0000,90.0000,0.00,0.00,72.14,85.02,0.00,0.00
11.3180,130.0000,130.0000,90.0000,90.0000,0.00,0.00,72.14,85.02,0.00,0.00
11.3200,130.0000,130.0000,90.0000,90.0000,0.00,0.00,72.14,85.02,0.00,0.00
11.3220,130.0000,130.0000,90.0000,90.0000,0.00,0.00,72.14,85.02,0.00,0.00
11.3240,130.0000,130.0000,90.0000,90.0000,0.00,0.00,72.14,85.02,0.00,0.00
11.3260,130.0000,130.0000,90.0000,90.0000,0.00,0.00,72.14,85.02,0.00,0.00
11.3280,130.0000,130.0000,90.0000,90.0000,0.00,0.00,72.14,85.02,0.00,0.00
11.3300,130.0000,130.0000,90.0000,90.0000,0.00,0.00,72.14,85.02,0.00,0.00
11.3320,130.0000,130.0000,90.0000,90.0000,0.00,0.00,72.14,85.02,0.00,0.00
11.3340,130.0000,130.0000,90.0000,90.0000,0.00,0.00,72.14,85.02,0.00,0.00
11.3360,130.0000,130.0000,90.0000,90.0000,0.00,0.00,72.14,85.02,0.00,0.00
11.3380,130.0000,130.0000,90.0000,90.0000,0.00,0.00,72.14,85.02,0.00,0.00
11.3400,130.0000,130.0000,90.0000,90.0000,66.20,0.00,0.00,85.02,0.00,0.00
11.3420,130.0000,130.0000,90.0000,90.0000,66.20,0.00,0.00,85.02,0.00,0.00
11.3440,130.0000,130.0000,90.0000,90.0000,66.20,0.00,0.00,85.02,0.00,0.00
11.3460,130.0000,130.0000,90.0000,90.0000,66.20,0.00,0.00,85.02,0.00,0.00
11.3480,130.0000,130.0000,90.0000,90.0000,66.20,0.00,0.00,85.02,0.00,0.00
11.3500,130.0000,130.0000,90.0000,90.0000,66.20,0.00,0.00,85.02,0.00,0.00
11.3520,130.0000,130.0000,90.0000,90.0000,66.20,0.00,0.00,85.02,0.00,0.00
11.3540,130.0000,130.0000,90.0000,90.0000,66.20,0.00,0.00,85.02,0.00,0.00
11.3560,130.0000,130.0000,90.0000,90.0000,66.20,0.00,0.00,85.02,0.00,0.00
11.3580,130.0000,130.0000,90.0000,90.0000,66.20,0.00,0.00,85.02,0.00,0.00
11.3600,130.0000,130.0000,90.0000,90.0000,66.20,0.00,0.00,85.02,0.00,0.00
11.3620,130.0000,130.0000,90.0000,90.0000,66.20,0.00,0.00,85.02,0.00,0.00
11.3640,130.0000,130.0000,90.0000,90.0000,66.20,0.00,0.00,85.02,0.00,0.00
11.3660,130.0000,130.0000,90.0000,90.0000,66.20,0.00,0.00,85.02,0.00,0.00
11.3680,130.0000,130.0000,90.0000,90.0000,66.20,0.00,0.00,85.02,0.00,0.00
11.3700,130.0000,130.0000,90.0000,90.0000,66.20,0.00,0.00,85.02,0.00,0.00
11.3720,130.0000,130.0000,90.0000,90.0000,66.20,0.00,0.00,85.02,0.00,0.00
11.3740,130.0000,130.0000,90.0000,90.0000,66.20,0.00,0.00,85.02,0.00,0.00
11.3760,130.0000,130.0000,90.0000,90.0000,66.20,0.00,0.00,85.02,0.00,0.00
11.3780,130.0000,130.0000,90.0000,90.0000,66.20,0.00,0.00,85.02,0.00,0.00
11.3800,130.0000,130.0000,90.0000,90.0000,66.20,0.00,0.00,85.02,0.00,0.00
11.3820,130.0000,130.0000,90.0000,90.0000,66.20,0.00,0.00,85.02,0.00,0.00
11.3840,130.0000,130.0000,90.0000,90.0000,66.20,0.00,0.00,85.02,0.00,0.00
11.3860,130.0000,130.0000,90.0000,90.0000,66.20,0.00,0.00,85.02,0.00,0.00
11.3880,130.0000,130.0000,90.0000,90.0000,66.20,0.00,0.00,85.02,0.00,0.00
11.3900,130.0000,130.0000,90.0000,90.0000,66.20,0.00,0.00,85.02,0.00,0.00
11.3920,130.0000,130.0000,90.0000,90.0000,66.20,0.00,0.00,85.02,0.00,0.00
11.3940,130.0000,130.0000,90.0000,90.0000,66.20,0.00,0.00,85.02,0.00,0.00
11.3960,130.0000,130.0000,90.0000,90.0000,66.20,0.00,0.00,85.02,0.00,0.00
11.3980,130.0000,130.0000,90.0000,90.0000,66.20,0.00,0.00,85.02,0.00,0.00
11.4000,130.0000,130.0000,90.0000,90.0000,66.20,0.00,0.00,85.02,0.00,0.00
11.4020,130.0000,130.0000,90.0000,90.0000,66.20,0.00,0.00,85.02,0.00,0.00
11.4040,130.0000,130.0000,90.0000,90.0000,66.20,0.00,0.00,85.02,0.00,0.00
11.4060,130.0000,130.0000,90.0000,90.0000,66.20,0.00,0.00,85.02,0.00,0.00
11.4080,130.0000,130.0000,90.0000,90.0000,66.20,0.00,0.00,85.02,0.00,0.00
11.4100,130.0000,130.0000,90.0000,90.0000,66.20,0.00,0.00,85.02,0.00,0.00
11.4120,130.0000,130.0000,90.0000,90.0000,66.20,0.00,0.00,85.02,0.00,0.00
11.4140,130.0000,130.0000,90.0000,90.0000,66.20,0.00,0.00,85.02,0.00,0.00
11.4160,130.0000,130.0000,90.0000,90.0000,66.20,0.00,0.00,85.02,0.00,0.00
11.4180,130.0000,130.0000,90.0000,90.0000,66.20,0.00,0.00,85.02,0.00,0.00
11.4200,130.0000,130.0000,90.0000,90.0000,66.20,0.00,0.00,85.02,0.00,0.00
11.4220,130.0000,130.0000,90.0000,90.0000,66.20,0.00,0.00,85.02,0.00,0.00
11.4240,130.0000,130.0000,90.0000,90.0000,66.20,0.00,0.00,85.02,0.00,0.00
11.4260,130.0000,130.0000,90.0000,90.0000,66.20,0.00,0.00,85.02,0.00,0.00
11.4280,130.0000,130.0000,90.0000,90.0000,66.20,0.00,0.00,85.02,0.00,0.00
11.4300,130.0000,130.0000,90.0000,90.0000,66.20,0.00,0.00,85.02,0.00,0.00
11.4320,130.0000,130.0000,90.0000,90.0000,66.20,0.00,0.00,85.02,0.00,0.00
11.4340,130.0000,130.0000,90.0000,90.0000,0.00,0.00,72.14,85.02,0.00,0.00
11.4360,130.0000,130.0000,90.0000,90.0000,0.00,0.00,72.14,85.02,0.00,0.00
11.4380,130.0000,130.0000,90.0000,90.0000,0.00,0.00,72.14,85.02,0.00,0.00
11.4400,130.0000,130.0000,90.0000,90.0000,0.00,0.00,72.14,85.02,0.00,0.00
11.4420,130.0000,130.0000,90.0000,90.0000,0.00,0.00,72.14,85.02,0.00,0.00
11.4440,130.0000,130.0000,90.0000,90.0000,0.00,0.00,72.14,85.02,0.00,0.00
11.4460,130.0000,130.0000,90.0000,90.0000,0.00,0.00,72.14,85.02,0.00,0.00
11.4480,130.0000,130.0000,90.0000,90.0000,0.00,0.00,72.14,85.02,0.00,0.00
11.4500,130.0000,130.0000,90.0000,90.0000,0.00,0.00,72.14,85.02,0.00,0.00
11.4520,130.0000,130.0000,90.0000,90.0000,0.00,0.00,72.14,85.02,0.00,0.00
11.4540,130.0000,130.0000,90.0000,90.0000,0.00,0.00,72.14,85.02,0.00,0.00
11.4560,130.0000,130.0000,90.0000,90.0000,0.00,0.00,72.14,85.02,0.00,0.00
11.4580,130.0000,130.0000,90.0000,90.0000,66.20,0.00,0.00,85.03,0.00,0.00
11.4600,130.0000,130.0000,90.0000,90.0000,66.20,0.00,0.00,0.00,0.00,84.71
11.4620,130.0000,130.0000,90.0000,90.0000,66.20,0.00,0.00,0.00,0.00,84.71
11.4640,130.0000,130.0000,90.0000,90.0000,66.20,0.00,0.00,0.00,0.00,84.71
11.4660,130.0000,130.0000,90.0000,90.0000,66.20,0.00,0.00,0.00,0.00,84.71
11.4680,130.0000,130.0000,90.0000,90.0000,66.20,0.00,0.00,0.00,0.00,84.71
11.4700,130.0000,130.0000,90.0000,90.0000,66.20,0.00,0.00,0.00,0.00,84.71
11.4720,130.0000,130.0000,90.0000,90.0000,66.20,0.00,0.00,0.00,0.00,84.71
11.4740,130.0000,130.0000,90.0000,90.0000,66.20,0.00,0.00,0.00,0.00,84.71
11.4760,130.0000,130.0000,90.0000,90.0000,66.20,0.00,0.00,0.00,0.00,84.71
11.4780,130.0000,130.0000,90.0000,90.0000,66.20,0.00,0.00,0.00,0.00,84.71
11.4800,130.0000,130.0000,90.0000,90.0000,66.20,0.00,0.00,0.00,0.00,84.71
11.4820,130.0000,130.0000,90.0000,90.0000,66.20,0.00,0.00,0.00,0.00,84.71
11.4840,130.0000,130.0000,90.0000,90.0000,66.20,0.00,0.00,0.00,0.00,84.71
11.4860,130.0000,130.0000,90.0000,90.0000,66.20,0.00,0.00,0.00,0.00,84.71
11.4880,130.0000,130.0000,90.0000,90.0000,66.20,0.00,0.00,0.00,0.00,84.71
11.4900,130.0000,130.0000,90.0000,90.0000,66.20,0.00,0.00,0.00,0.00,84.71
11.4920,130.0000,130.0000,90.0000,90.0000,66.20,0.00,0.00,0.00,0.00,84.71
11.4940,130.0000,130.0000,90.0000,90.0000,66.20,0.00,0.00,0.00,0.00,84.71
11.4960,130.0000,130.0000,90.0000,90.0000,66.20,0.00,0.00,0.00,0.00,84.71
11.4980,130.0000,130.0000,90.0000,90.0000,66.20,0.00,0.00,0.00,0.00,84.71
11.5000,130.0000,130.0000,90.0000,90.0000,66.20,0.00,0.00,0.00,0.00,84.71
11.5020,130.0000,130.0000,90.0000,90.0000,66.20,0.00,0.00,0.00,0.00,84.71
11.5040,130.0000,130.0000,90.0000,90.0000,66.20,0.00,0.00,0.00,0.00,84.71
11.5060,130.0000,130.0000,90.0000,90.0000,66.20,0.00,0.00,0.00,0.00,84.71
11.5080,130.0000,130.0000,90.0000,90.0000,66.20,0.00,0.00,0.00,0.00,84.71
11.5100,130.0000,130.0000,90.0000,90.0000,66.20,0.00,0.00,0.00,0.00,84.71
11.5120,130.0000,130.0000,90.0000,90.0000,66.20,0.00,0.00,0.00,0.00,84.71
11.5140,130.0000,130.0000,90.0000,90.0000,66.20,0.00,0.00,0.00,0.00,84.71
11.5160,130.0000,130.0000,90.0000,90.0000,66.20,0.00,0.00,0.00,0.00,84.71
11.5180,130.0000,130.0000,90.0000,90.0000,66.20,0.00,0.00,0.00,0.00,84.71
11.5200,130.0000,130.0000,90.0000,90.0000,66.20,0.00,0.00,0.00,0.00,84.71
11.5220,130.0000,130.0000,90.0000,90.0000,66.20,0.00,0.00,0.00,0.00,84.71
11.5240,130.0000,130.0000,90.0000,90.0000,66.20,0.00,0.00,0.00,0.00,84.71
11.5260,130.0000,130.0000,90.0000,90.0000,66.20,0.00,0.00,0.00,0.00,84.71
11.5280,130.0000,130.0000,90.0000,90.0000,66.20,0.00,0.00,0.00,0.00,84.71
11.5300,130.0000,130.0000,90.0000,90.0000,66.20,0.00,0.00,0.00,0.00,84.71
11.5320,130.0000,130.0000,90.0000,90.0000,66.20,0.00,0.00,0.00,0.00,84.71
11.5340,130.0000,130.0000,90.0000,90.0000,66.20,0.00,0.00,0.00,0.00,84.71
11.5360,130.0000,130.0000,90.0000,90.0000,66.20,0.00,0.00,0.00,0.00,84.71
11.5380,130.0000,130.0000,90.0000,90.0000,66.20,0.00,0.00,0.00,0.00,84.71
11.5400,130.0000,130.0000,90.0000,90.0000,66.20,0.00,0.00,0.00,0.00,84.71
11.5420,130.0000,130.0000,90.0000,90.0000,66.20,0.00,0.00,0.00,0.00,84.71
11.5440,130.0000,130.0000,90.0000,90.0000,66.20,0.00,0.00,0.00,0.00,84.71
11.5460,130.0000,130.0000,90.0000,90.0000,66.20,0.00,0.00,0.00,0.00,84.71
11.5480,130.0000,130.0000,90.0000,90.0000,66.20,0.00,0.00,0.00,0.00,84.71
11.5500,130.0000,130.0000,90.0000,90.0000,66.20,0.00,0.00,0.00,0.00,84.71
11.5520,130.0000,130.0000,90.0000,90.0000,0.00,0.00,72.14,0.00,0.00,84.71
11.5540,130.0000,130.0000,90.0000,90.0000,0.00,0.00,72.14,0.00,0.00,84.71
11.5560,130.0000,130.0000,90.0000,90.0000,0.00,0.00,72.14,0.00,0.00,84.71
11.5580,130.0000,130.0000,90.0000,90.0000,0.00,0.00,72.14,0.00,0.00,84.71
11.5600,130.0000,130.0000,90.0000,90.0000,0.00,0.00,72.14,85.02,0.00,0.00
11.5620,130.0000,130.0000,90.0000,90.0000,0.00,0.00,72.14,85.02,0.00,0.00
11.5640,130.0000,130.0000,90.0000,90.0000,0.00,0.00,72.14,85.02,0.00,0.00
11.5660,130.0000,130.0000,90.0000,90.0000,0.00,0.00,72.14,85.02,0.00,0.00
11.5680,130.0000,130.0000,90.0000,90.0000,0.00,0.00,72.14,85.02,0.00,0.00
11.5700,130.0000,130.0000,90.0000,90.0000,0.00,0.00,72.14,85.02,0.00,0.00
11.5720,130.0000,130.0000,90.0000,90.0000,0.00,0.00,72.14,85.02,0.00,0.00
11.5740,130.0000,130.0000,90.0000,90.0000,0.00,0.00,72.14,85.02,0.00,0.00
11.5760,130.0000,130.0000,90.0000,90.0000,66.20,0.00,0.00,85.02,0.00,0.00
11.5780,130.0000,130.0000,90.0000,90.0000,66.20,0.00,0.00,85.02,0.00,0.00
11.5800,130.0000,130.0000,90.0000,90.0000,66.20,0.00,0.00,85.02,0.00,0.00
11.5820,130.0000,130.0000,90.0000,90.0000,66.20,0.00,0.00,85.02,0.00,0.00
11.5840,130.0000,130.0000,90.0000,90.0000,66.20,0.00,0.00,85.02,0.00,0.00
11.5860,130.0000,130.0000,90.0000,90.0000,66.20,0.00,0.00,85.02,0.00,0.00
11.5880,130.0000,130.0000,90.0000,90.0000,66.20,0.00,0.00,85.02,0.00,0.00
11.5900,130.0000,130.0000,90.0000,90.0000,66.20,0.00,0.00,85.02,0.00,0.00
11.5920,130.0000,130.0000,90.0000,90.0000,66.20,0.00,0.00,85.02,0.00,0.00
11.5940,130.0000,130.0000,90.0000,90.0000,66.20,0.00,0.00,85.02,0.00,0.00
11.5960,130.0000,130.0000,90.0000,90.0000,66.20,0.00,0.00,85.02,0.00,0.00
11.5980,130.0000,130.0000,90.0000,90.0000,66.20,0.00,0.00,85.02,0.00,0.00
11.6000,130.0000,130.0000,90.0000,90.0000,66.20,0.00,0.00,85.02,0.00,0.00
11.6020,130.0000,130.0000,90.0000,90.0000,66.20,0.00,0.00,85.02,0.00,0.00
11.6040,130.0000,130.0000,90.0000,90.0000,66.20,0.00,0.00,85.02,0.00,0.00
11.6060,130.0000,130.0000,90.0000,90.0000,66.20,0.00,0.00,85.02,0.00,0.00
11.6080,130.0000,130.0000,90.0000,90.0000,66.20,0.00,0.00,85.02,0.00,0.00
11.6100,130.0000,130.0000,90.0000,90.0000,66.20,0.00,0.00,85.02,0.00,0.00
11.6120,130.0000,130.0000,90.0000,90.0000,66.20,0.00,0.00,85.02,0.00,0.00
11.6140,130.0000,130.0000,90.0000,90.0000,66.20,0.00,0.00,85.02,0.00,0.00
11.6160,130.0000,130.0000,90.0000,90.0000,66.20,0.00,0.00,85.02,0.00,0.00
11.6180,130.0000,130.0000,90.0000,90.0000,66.20,0.00,0.00,85.02,0.00,0.00
11.6200,130.0000,130.0000,90.0000,90.0000,66.20,0.00,0.00,85.02,0.00,0.00
11.6220,130.0000,130.0000,90.0000,90.0000,66.20,0.00,0.00,85.02,0.00,0.00
11.6240,130.0000,130.0000,90.0000,90.0000,66.20,0.00,0.00,85.02,0.00,0.00
11.6260,130.0000,130.0000,90.0000,90.0000,66.20,0.00,0.00,85.02,0.00,0.00
11.6280,130.0000,130.0000,90.0000,90.0000,66.20,0.00,0.00,85.02,0.00,0.00
11.6300,130.0000,130.0000,90.0000,90.0000,66.20,0.00,0.00,85.02,0.00,0.00
11.6320,130.0000,130.0000,90.0000,90.0000,66.20,0.00,0.00,85.02,0.00,0.00
11.6340,130.0000,130.0000,90.0000,90.0000,66.20,0.00,0.00,85.02,0.00,0.00
11.6360,130.0000,130.0000,90.0000,90.0000,66.20,0.00,0.00,85.02,0.00,0.00
11.6380,130.0000,130.0000,90.0000,90.0000,66.20,0.00,0.00,85.02,0.00,0.00
11.6400,130.0000,130.0000,90.0000,90.0000,66.20,0.00,0.00,85.02,0.00,0.00
11.6420,130.0000,130.0000,90.0000,90.0000,66.20,0.00,0.00,85.02,0.00,0.00
11.6440,130.0000,130.0000,90.0000,90.0000,66.20,0.00,0.00,85.02,0.00,0.00
11.6460,130.0000,130.0000,90.0000,90.0000,66.20,0.00,0.00,85.02,0.00,0.00
11.6480,130.0000,130.0000,90.0000,90.0000,66.20,0.00,0.00,85.02,0.00,0.00
11.6500,130.0000,130.0000,90.0000,90.0000,66.20,0.00,0.00,85.02,0.00,0.00
11.6520,130.0000,130.0000,90.0000,90.0000,66.20,0.00,0.00,85.02,0.00,0.00
11.6540,130.0000,130.0000,90.0000,90.0000,66.20,0.00,0.00,85.02,0.00,0.00
11.6560,130.0000,130.0000,90.0000,90.0000,66.20,0.00,0.00,85.02,0.00,0.00
11.6580,130.0000,130.0000,90.0000,90.0000,66.20,0.00,0.00,85.02,0.00,0.00
11.6600,130.0000,130.0000,90.0000,90.0000,66.20,0.00,0.00,85.02,0.00,0.00
11.6620,130.0000,130.0000,90.0000,90.0000,66.20,0.00,0.00,85.02,0.00,0.00
11.6640,130.0000,130.0000,90.0000,90.0000,66.20,0.00,0.00,85.02,0.00,0.00
11.6660,130.0000,130.0000,90.0000,90.0000,66.20,0.00,0.00,85.02,0.00,0.00
11.6680,130.0000,130.0000,90.0000,90.0000,66.20,0.00,0.00,85.02,0.00,0.00
11.6700,130.0000,130.0000,90.0000,90.0000,0.00,0.00,72.14,85.02,0.00,0.00
11.6720,130.0000,130.0000,90.0000,90.0000,0.00,0.00,72.14,85.02,0.00,0.00
11.6740,130.0000,130.0000,90.0000,90.0000,0.00,0.00,72.14,85.02,0.00,0.00
11.6760,130.0000,130.0000,90.0000,90.0000,0.00,0.00,72.14,85.02,0.00,0.00
11.6780,130.0000,130.0000,90.0000,90.0000,0.00,0.00,72.14,85.02,0.00,0.00
11.6800,130.0000,130.0000,90.0000,90.0000,0.00,0.00,72.14,85.02,0.00,0.00
11.6820,130.0000,130.0000,90.0000,90.0000,0.00,0.00,72.14,85.02,0.00,0.00
11.6840,130.0000,130.0000,90.0000,90.0000,0.00,0.00,72.14,85.02,0.00,0.00
11.6860,130.0000,130.0000,90.0000,90.0000,0.00,0.00,72.14,85.02,0.00,0.00
11.6880,130.0000,130.0000,90.0000,90.0000,0.00,0.00,72.14,85.02,0.00,0.00
11.6900,130.0000,130.0000,90.0000,90.0000,0.00,0.00,72.14,85.02,0.00,0.00
11.6920,130.0000,130.0000,90.0000,90.0000,0.00,0.00,72.14,85.02,0.00,0.00
11.6940,130.0000,130.0000,90.0000,90.0000,66.20,0.00,0.00,85.02,0.00,0.00
11.6960,130.0000,130.0000,90.0000,90.0000,66.20,0.00,0.00,85.02,0.00,0.00
11.6980,130.0000,130.0000,90.0000,90.0000,66.20,0.00,0.00,85.02,0.00,0.00
11.7000,130.0000,130.0000,90.0000,90.0000,66.20,0.00,0.00,85.02,0.00,0.00
11.7020,130.0000,130.0000,90.0000,90.0000,66.20,0.00,0.00,85.03,0.00,0.00
11.7040,130.0000,130.0000,90.0000,90.0000,66.20,0.00,0.00,0.00,0.00,84.71
11.7060,130.0000,130.0000,90.0000,90.0000,66.20,0.00,0.00,0.00,0.00,84.71
11.7080,130.0000,130.0000,90.0000,90.0000,66.20,0.00,0.00,0.00,0.00,84.71
11.7100,130.0000,130.0000,90.0000,90.0000,66.20,0.00,0.00,0.00,0.00,84.71
11.7120,130.0000,130.0000,90.0000,90.0000,66.20,0.00,0.00,0.00,0.00,84.71
11.7140,130.0000,130.0000,90.0000,90.0000,66.20,0.00,0.00,0.00,0.00,84.71
11.7160,130.0000,130.0000,90.0000,90.0000,66.20,0.00,0.00,0.00,0.00,84.71
11.7180,130.0000,130.0000,90.0000,90.0000,66.20,0.00,0.00,0.00,0.00,84.71
11.7200,130.0000,130.0000,90.0000,90.0000,66.20,0.00,0.00,0.00,0.00,84.71
11.7220,130.0000,130.0000,90.0000,90.0000,66.20,0.00,0.00,0.00,0.00,84.71
11.7240,130.0000,130.0000,90.0000,90.0000,66.20,0.00,0.00,0.00,0.00,84.71
11.7260,130.0000,130.0000,90.0000,90.0000,66.20,0.00,0.00,0.00,0.00,84.71
11.7280,130.0000,130.0000,90.0000,90.0000,66.20,0.00,0.00,0.00,0.00,84.71
11.7300,130.0000,130.0000,90.0000,90.0000,66.20,0.00,0.00,0.00,0.00,84.71
11.7320,130.0000,130.0000,90.0000,90.0000,66.20,0.00,0.00,0.00,0.00,84.71
11.7340,130.0000,130.0000,90.0000,90.0000,66.20,0.00,0.00,0.00,0.00,84.71
11.7360,130.0000,130.0000,90.0000,90.0000,66.20,0.00,0.00,0.00,0.00,84.71
11.7380,130.0000,130.0000,90.0000,90.0000,66.20,0.00,0.00,0.00,0.00,84.71
11.7400,130.0000,130.0000,90.0000,90.0000,66.20,0.00,0.00,0.00,0.00,84.71
11.7420,130.0000,130.0000,90.0000,90.0000,66.20,0.00,0.00,0.00,0.00,84.71
11.7440,130.0000,130.0000,90.0000,90.0000,66.20,0.00,0.00,0.00,0.00,84.71
11.7460,130.0000,130.0000,90.0000,90.0000,66.20,0.00,0.00,0.00,0.00,84.71
11.7480,130.0000,130.0000,90.0000,90.0000,66.20,0.00,0.00,0.00,0.00,84.71
11.7500,130.0000,130.0000,90.0000,90.0000,66.20,0.00,0.00,0.00,0.00,84.71
11.7520,130.0000,130.0000,90.0000,90.0000,66.20,0.00,0.00,0.00,0.00,84.71
11.7540,130.0000,130.0000,90.0000,90.0000,66.20,0.00,0.00,0.00,0.00,84.71
11.7560,130.0000,130.0000,90.0000,90.0000,66.20,0.00,0.00,0.00,0.00,84.71
11.7580,130.0000,130.0000,90.0000,90.0000,66.20,0.00,0.00,0.00,0.00,84.71
11.7600,130.0000,130.0000,90.0000,90.0000,66.20,0.00,0.00,0.00,0.00,84.71
11.7620,130.0000,130.0000,90.0000,90.0000,66.20,0.00,0.00,0.00,0.00,84.71
11.7640,130.0000,130.0000,90.0000,90.0000,66.20,0.00,0.00,0.00,0.00,84.71
11.7660,130.0000,130.0000,90.0000,90.0000,66.20,0.00,0.00,0.00,0.00,84.71
11.7680,130.0000,130.0000,90.0000,90.0000,66.20,0.00,0.00,0.00,0.00,84.71
11.7700,130.0000,130.0000,90.0000,90.0000,66.20,0.00,0.00,0.00,0.00,84.71
11.7720,130.0000,130.0000,90.0000,90.0000,66.20,0.00,0.00,0.00,0.00,84.71
11.7740,130.0000,130.0000,90.0000,90.0000,66.20,0.00,0.00,0.00,0.00,84.71
11.7760,130.0000,130.0000,90.0000,90.0000,66.20,0.00,0.00,0.00,0.00,84.71
11.7780,130.0000,130.0000,90.0000,90.0000,66.20,0.00,0.00,0.00,0.00,84.71
11.7800,130.0000,130.0000,90.0000,90.0000,66.20,0.00,0.00,0.00,0.00,84.71
11.7820,130.0000,130.0000,90.0000,90.0000,66.20,0.00,0.00,0.00,0.00,84.71
11.7840,130.0000,130.0000,90.0000,90.0000,66.20,0.00,0.00,0.00,0.00,84.71
11.7860,130.0000,130.0000,90.0000,90.0000,66.20,0.00,0.00,0.00,0.00,84.71
11.7880,130.0000,130.0000,90.0000,90.0000,0.00,0.00,72.14,0.00,0.00,84.71
11.7900,130.0000,130.0000,90.0000,90.0000,0.00,0.00,72.14,0.00,0.00,84.71
11.7920,130.0000,130.0000,90.0000,90.0000,0.00,0.00,72.14,0.00,0.00,84.71
11.7940,130.0000,130.0000,90.0000,90.0000,0.00,0.00,72.14,0.00,0.00,84.71
11.7960,130.0000,130.0000,90.0000,90.0000,0.00,0.00,72.14,0.00,0.00,84.71
11.7980,130.0000,130.0000,90.0000,90.0000,0.00,0.00,72.14,0.00,0.00,84.71
11.8000,130.0000,130.0000,90.0000,90.0000,0.00,0.00,72.14,0.00,0.00,84.71
11.8020,130.0000,130.0000,90.0000,90.0000,0.00,0.00,72.14,0.00,0.00,84.71
11.8040,130.0000,130.0000,90.0000,90.0000,0.00,0.00,72.14,85.02,0.00,0.00
11.8060,130.0000,130.0000,90.0000,90.0000,0.00,0.00,72.14,85.02,0.00,0.00
11.8080,130.0000,130.0000,90.0000,90.0000,0.00,0.00,72.14,85.02,0.00,0.00
11.8100,130.0000,130.0000,90.0000,90.0000,0.00,0.00,72.14,85.02,0.00,0.00
11.8120,130.0000,130.0000,90.0000,90.0000,66.20,0.00,0.00,85.02,0.00,0.00
11.8140,130.0000,130.0000,90.0000,90.0000,66.20,0.00,0.00,85.02,0.00,0.00
11.8160,130.0000,130.0000,90.0000,90.0000,66.20,0.00,0.00,85.02,0.00,0.00
11.8180,130.0000,130.0000,90.0000,90.0000,66.20,0.00,0.00,85.02,0.00,0.00
11.8200,130.0000,130.0000,90.0000,90.0000,66.20,0.00,0.00,85.02,0.00,0.00
11.8220,130.0000,130.0000,90.0000,90.0000,66.20,0.00,0.00,85.02,0.00,0.00
11.8240,130.0000,130.0000,90.0000,90.0000,66.20,0.00,0.00,85.02,0.00,0.00
11.8260,130.0000,130.0000,90.0000,90.0000,66.20,0.00,0.00,85.02,0.00,0.00
11.8280,130.0000,130.0000,90.0000,90.0000,66.20,0.00,0.00,85.02,0.00,0.00
11.8300,130.0000,130.0000,90.0000,90.0000,66.20,0.00,0.00,85.02,0.00,0.00
11.8320,130.0000,130.0000,90.0000,90.0000,66.20,0.00,0.00,85.02,0.00,0.00
11.8340,130.0000,130.0000,90.0000,90.0000,66.20,0.00,0.00,85.02,0.00,0.00
11.8360,130.0000,130.0000,90.0000,90.0000,66.20,0.00,0.00,85.02,0.00,0.00
11.8380,130.0000,130.0000,90.0000,90.0000,66.20,0.00,0.00,85.02,0.00,0.00
11.8400,130.0000,130.0000,90.0000,90.0000,66.20,0.00,0.00,85.02,0.00,0.00
11.8420,130.0000,130.0000,90.0000,90.0000,66.20,0.00,0.00,85.02,0.00,0.00
11.8440,130.0000,130.0000,90.0000,90.0000,66.20,0.00,0.00,85.02,0.00,0.00
11.8460,130.0000,130.0000,90.0000,90.0000,66.20,0.00,0.00,85.02,0.00,0.00
11.8480,130.0000,130.0000,90.0000,90.0000,66.20,0.00,0.00,85.02,0.00,0.00
11.8500,130.0000,130.0000,90.0000,90.0000,66.20,0.00,0.00,85.02,0.00,0.00
11.8520,130.0000,130.0000,90.0000,90.0000,66.20,0.00,0.00,85.02,0.00,0.00
11.8540,130.0000,130.0000,90.0000,90.0000,66.20,0.00,0.00,85.02,0.00,0.00
11.8560,130.0000,130.0000,90.0000,90.0000,66.20,0.00,0.00,85.02,0.00,0.00
11.8580,130.0000,130.0000,90.0000,90.0000,66.20,0.00,0.00,85.02,0.00,0.00
11.8600,130.0000,130.0000,90.0000,90.0000,66.20,0.00,0.00,85.02,0.00,0.00
11.8620,130.0000,130.0000,90.0000,90.0000,66.20,0.00,0.00,85.02,0.00,0.00
11.8640,130.0000,130.0000,90.0000,90.0000,66.20,0.00,0.00,85.02,0.00,0.00
11.8660,130.0000,130.0000,90.0000,90.0000,66.20,0.00,0.00,85.02,0.00,0.00
11.8680,130.0000,130.0000,90.0000,90.0000,66.20,0.00,0.00,85.02,0.00,0.00
11.8700,130.0000,130.0000,90.0000,90.0000,66.20,0.00,0.00,85.02,0.00,0.00
11.8720,130.0000,130.0000,90.0000,90.0000,66.20,0.00,0.00,85.02,0.00,0.00
11.8740,130.0000,130.0000,90.0000,90.0000,66.20,0.00,0.00,85.02,0.00,0.00
11.8760,130.0000,130.0000,90.0000,90.0000,66.20,0.00,0.00,85.02,0.00,0.00
11.8780,130.0000,130.0000,90.0000,90.0000,66.20,0.00,0.00,85.02,0.00,0.00
11.8800,130.0000,130.0000,90.0000,90.0000,66.20,0.00,0.00,85.02,0.00,0.00
11.8820,130.0000,130.0000,90.0000,90.0000,66.20,0.00,0.00,85.02,0.00,0.00
11.8840,130.0000,130.0000,90.0000,90.0000,66.20,0.00,0.00,85.02,0.00,0.00
11.8860,130.0000,130.0000,90.0000,90.0000,66.20,0.00,0.00,85.02,0.00,0.00
11.8880,130.0000,130.0000,90.0000,90.0000,66.20,0.00,0.00,85.02,0.00,0.00
11.8900,130.0000,130.0000,90.0000,90.0000,66.20,0.00,0.00,85.02,0.00,0.00
11.8920,130.0000,130.0000,90.0000,90.0000,66.20,0.00,0.00,85.02,0.00,0.00
11.8940,130.0000,130.0000,90.0000,90.0000,66.20,0.00,0.00,85.02,0.00,0.00
11.8960,130.0000,130.0000,90.0000,90.0000,66.20,0.00,0.00,85.02,0.00,0.00
11.8980,130.0000,130.0000,90.0000,90.0000,66.20,0.00,0.00,85.02,0.00,0.00
11.9000,130.0000,130.0000,90.0000,90.0000,66.20,0.00,0.00,85.02,0.00,0.00
11.9020,130.0000,130.0000,90.0000,90.0000,66.20,0.00,0.00,85.02,0.00,0.00
11.9040,130.0000,130.0000,90.0000,90.0000,66.20,0.00,0.00,85.02,0.00,0.00
11.9060,130.0000,130.0000,90.0000,90.0000,0.00,0.00,72.14,85.02,0.00,0.00
11.9080,130.0000,130.0000,90.0000,90.0000,0.00,0.00,72.14,85.02,0.00,0.00
11.9100,130.0000,130.0000,90.0000,90.0000,0.00,0.00,72.14,85.02,0.00,0.00
11.9120,130.0000,130.0000,90.0000,90.0000,0.00,0.00,72.14,85.02,0.00,0.00
11.9140,130.0000,130.0000,90.0000,90.0000,0.00,0.00,72.14,85.02,0.00,0.00
11.9160,130.0000,130.0000,90.0000,90.0000,0.00,0.00,72.14,85.02,0.00,0.00
11.9180,130.0000,130.0000,90.0000,90.0000,0.00,0.00,72.14,85.02,0.00,0.00
11.9200,130.0000,130.0000,90.0000,90.0000,0.00,0.00,72.14,85.02,0.00,0.00
11.9220,130.0000,130.0000,90.0000,90.0000,0.00,0.00,72.14,85.02,0.00,0.00
11.9240,130.0000,130.0000,90.0000,90.0000,0.00,0.00,72.14,85.02,0.00,0.00
11.9260,130.0000,130.0000,90.0000,90.0000,0.00,0.00,72.14,85.02,0.00,0.00
11.9280,130.0000,130.0000,90.0000,90.0000,0.00,0.00,72.14,85.02,0.00,0.00
11.9300,130.0000,130.0000,90.0000,90.0000,66.20,0.00,0.00,85.02,0.00,0.00
11.9320,130.0000,130.0000,90.0000,90.0000,66.20,0.00,0.00,85.02,0.00,0.00
11.9340,130.0000,130.0000,90.0000,90.0000,66.20,0.00,0.00,85.02,0.00,0.00
11.9360,130.0000,130.0000,90.0000,90.0000,66.20,0.00,0.00,85.02,0.00,0.00
11.9380,130.0000,130.0000,90.0000,90.0000,66.20,0.00,0.00,85.02,0.00,0.00
11.9400,130.0000,130.0000,90.0000,90.0000,66.20,0.00,0.00,85.02,0.00,0.00
11.9420,130.0000,130.0000,90.0000,90.0000,66.20,0.00,0.00,85.02,0.00,0.00
11.9440,130.0000,130.0000,90.0000,90.0000,66.20,0.00,0.00,85.02,0.00,0.00
11.9460,130.0000,130.0000,90.0000,90.0000,66.20,0.00,0.00,85.03,0.00,0.00
11.9480,130.0000,130.0000,90.0000,90.0000,66.20,0.00,0.00,0.00,0.00,84.71
11.9500,130.0000,130.0000,90.0000,90.0000,66.20,0.00,0.00,0.00,0.00,84.71
11.9520,130.0000,130.0000,90.0000,90.0000,66.20,0.00,0.00,0.00,0.00,84.71
11.9540,130.0000,130.0000,90.0000,90.0000,66.20,0.00,0.00,0.00,0.00,84.71
11.9560,130.0000,130.0000,90.0000,90.0000,66.20,0.00,0.00,0.00,0.00,84.71
11.9580,130.0000,130.0000,90.0000,90.0000,66.20,0.00,0.00,0.00,0.00,84.71
11.9600,130.0000,130.0000,90.0000,90.0000,66.20,0.00,0.00,0.00,0.00,84.71
11.9620,130.0000,130.0000,90.0000,90.0000,66.20,0.00,0.00,0.00,0.00,84.71
11.9640,130.0000,130.0000,90.0000,90.0000,66.20,0.00,0.00,0.00,0.00,84.71
11.9660,130.0000,130.0000,90.0000,90.0000,66.20,0.00,0.00,0.00,0.00,84.71
11.9680,130.0000,130.0000,90.0000,90.0000,66.20,0.00,0.00,0.00,0.00,84.71
11.9700,130.0000,130.0000,90.0000,90.0000,66.20,0.00,0.00,0.00,0.00,84.71
11.9720,130.0000,130.0000,90.0000,90.0000,66.20,0.00,0.00,0.00,0.00,84.71
11.9740,130.0000,130.0000,90.0000,90.0000,66.20,0.00,0.00,0.00,0.00,84.71
11.9760,130.0000,130.0000,90.0000,90.0000,66.20,0.00,0.00,0.00,0.00,84.71
11.9780,130.0000,130.0000,90.0000,90.0000,66.20,0.00,0.00,0.00,0.00,84.71
11.9800,130.0000,130.0000,90.0000,90.0000,66.20,0.00,0.00,0.00,0.00,84.71
11.9820,130.0000,130.0000,90.0000,90.0000,66.20,0.00,0.00,0.00,0.00,84.71
11.9840,130.0000,130.0000,90.0000,90.0000,66.20,0.00,0.00,0.00,0.00,84.71
11.9860,130.0000,130.0000,90.0000,90.0000,66.20,0.00,0.00,0.00,0.00,84.71
11.9880,130.0000,130.0000,90.0000,90.0000,66.20,0.00,0.00,0.00,0.00,84.71
11.9900,130.0000,130.0000,90.0000,90.0000,66.20,0.00,0.00,0.00,0.00,84.71
11.9920,130.0000,130.0000,90.0000,90.0000,66.20,0.00,0.00,0.00,0.00,84.71
11.9940,130.0000,130.0000,90.0000,90.0000,66.20,0.00,0.00,0.00,0.00,84.71
11.9960,130.0000,130.0000,90.0000,90.0000,66.20,0.00,0.00,0.00,0.00,84.71
11.9980,130.0000,130.0000,90.0000,90.0000,66.20,0.00,0.00,0.00,0.00,84.71
12.0000,130.0000,130.0000,90.0000,90.0000,66.20,0.00,0.00,0.00,0.00,84.71
12.0020,130.0000,130.0000,90.0000,90.0000,66.20,0.00,0.00,0.00,0.00,84.71
12.0040,130.0000,130.0000,90.0000,90.0000,66.20,0.00,0.00,0.00,0.00,84.71
12.0060,130.0000,130.0000,90.0000,90.0000,66.20,0.00,0.00,0.00,0.00,84.71
12.0080,130.0000,130.0000,90.0000,90.0000,66.20,0.00,0.00,0.00,0.00,84.71
12.0100,130.0000,130.0000,90.0000,90.0000,66.20,0.00,0.00,0.00,0.00,84.71
12.0120,130.0000,130.0000,90.0000,90.0000,66.20,0.00,0.00,0.00,0.00,84.71
12.0140,130.0000,130.0000,90.0000,90.0000,66.20,0.00,0.00,0.00,0.00,84.71
12.0160,130.0000,130.0000,90.0000,90.0000,66.20,0.00,0.00,0.00,0.00,84.71
12.0180,130.0000,130.0000,90.0000,90.0000,66.20,0.00,0.00,0.00,0.00,84.71
12.0200,130.0000,130.0000,90.0000,90.0000,66.20,0.00,0.00,0.00,0.00,84.71
12.0220,130.0000,130.0000,90.0000,90.0000,66.20,0.00,0.00,0.00,0.00,84.71
12.0240,130.0000,130.0000,90.0000,90.0000,0.00,0.00,72.14,0.00,0.00,84.71
12.0260,130.0000,130.0000,90.0000,90.0000,0.00,0.00,72.14,0.00,0.00,84.71
12.0280,130.0000,130.0000,90.0000,90.0000,0.00,0.00,72.14,0.00,0.00,84.71
12.0300,130.0000,130.0000,90.0000,90.0000,0.00,0.00,72.14,0.00,0.00,84.71
12.0320,130.0000,130.0000,90.0000,90.0000,0.00,0.00,72.14,0.00,0.00,84.71
12.0340,130.0000,130.0000,90.0000,90.0000,0.00,0.00,72.14,0.00,0.00,84.71
12.0360,130.0000,130.0000,90.0000,90.0000,0.00,0.00,72.14,0.00,0.00,84.71
12.0380,130.0000,130.0000,90.0000,90.0000,0.00,0.00,72.14,0.00,0.00,84.71
12.0400,130.0000,130.0000,90.0000,90.0000,0.00,0.00,72.14,0.00,0.00,84.71
12.0420,130.0000,130.0000,90.0000,90.0000,0.00,0.00,72.14,0.00,0.00,84.71
12.0440,130.0000,130.0000,90.0000,90.0000,0.00,0.00,72.14,0.00,0.00,84.71
12.0460,130.0000,130.0000,90.0000,90.0000,0.00,0.00,72.14,0.00,0.00,84.71
12.0480,130.0000,130.0000,90.0000,90.0000,66.20,0.00,0.00,85.02,0.00,0.00
12.0500,130.0000,130.0000,90.0000,90.0000,66.20,0.00,0.00,85.02,0.00,0.00
12.0520,130.0000,130.0000,90.0000,90.0000,66.20,0.00,0.00,85.02,0.00,0.00
12.0540,130.0000,130.0000,90.0000,90.0000,66.20,0.00,0.00,85.02,0.00,0.00
12.0560,130.0000,130.0000,90.0000,90.0000,66.20,0.00,0.00,85.02,0.00,0.00
12.0580,130.0000,130.0000,90.0000,90.0000,66.20,0.00,0.00,85.02,0.00,0.00
12.0600,130.0000,130.0000,90.0000,90.0000,66.20,0.00,0.00,85.02,0.00,0.00
12.0620,130.0000,130.0000,90.0000,90.0000,66.20,0.00,0.00,85.02,0.00,0.00
12.0640,130.0000,130.0000,90.0000,90.0000,66.20,0.00,0.00,85.02,0.00,0.00
12.0660,130.0000,130.0000,90.0000,90.0000,66.20,0.00,0.00,85.02,0.00,0.00
12.0680,130.0000,130.0000,90.0000,90.0000,66.20,0.00,0.00,85.02,0.00,0.00
12.0700,130.0000,130.0000,90.0000,90.0000,66.20,0.00,0.00,85.02,0.00,0.00
12.0720,130.0000,130.0000,90.0000,90.0000,66.20,0.00,0.00,85.02,0.00,0.00
12.0740,130.0000,130.0000,90.0000,90.0000,66.20,0.00,0.00,85.02,0.00,0.00
12.0760,130.0000,130.0000,90.0000,90.0000,66.20,0.00,0.00,85.02,0.00,0.00
12.0780,130.0000,130.0000,90.0000,90.0000,66.20,0.00,0.00,85.02,0.00,0.00
12.0800,130.0000,130.0000,90.0000,90.0000,66.20,0.00,0.00,85.02,0.00,0.00
12.0820,130.0000,130.0000,90.0000,90.0000,66.20,0.00,0.00,85.02,0.00,0.00
12.0840,130.0000,130.0000,90.0000,90.0000,66.20,0.00,0.00,85.02,0.00,0.00
12.0860,130.0000,130.0000,90.0000,90.0000,66.20,0.00,0.00,85.02,0.00,0.00
12.0880,130.0000,130.0000,90.0000,90.0000,66.20,0.00,0.00,85.02,0.00,0.00
12.0900,130.0000,130.0000,90.0000,90.0000,66.20,0.00,0.00,85.02,0.00,0.00
12.0920,130.0000,130.0000,90.0000,90.0000,66.20,0.00,0.00,85.02,0.00,0.00
12.0940,130.0000,130.0000,90.0000,90.0000,66.20,0.00,0.00,85.02,0.00,0.00
12.0960,130.0000,130.0000,90.0000,90.0000,66.20,0.00,0.00,85.02,0.00,0.00
12.0980,130.0000,130.0000,90.0000,90.0000,66.20,0.00,0.00,85.02,0.00,0.00
12.1000,130.0000,130.0000,90.0000,90.0000,66.20,0.00,0.00,85.02,0.00,0.00
12.1020,130.0000,130.0000,90.0000,90.0000,66.20,0.00,0.00,85.02,0.00,0.00
12.1040,130.0000,130.0000,90.0000,90.0000,66.20,0.00,0.00,85.02,0.00,0.00
12.1060,130.0000,130.0000,90.0000,90.0000,66.20,0.00,0.00,85.02,0.00,0.00
12.1080,130.0000,130.0000,90.0000,90.0000,66.20,0.00,0.00,85.02,0.00,0.00
12.1100,130.0000,130.0000,90.0000,90.0000,66.20,0.00,0.00,85.02,0.00,0.00
12.1120,130.0000,130.0000,90.0000,90.0000,66.20,0.00,0.00,85.02,0.00,0.00
12.1140,130.0000,130.0000,90.0000,90.0000,66.20,0.00,0.00,85.02,0.00,0.00
12.1160,130.0000,130.0000,90.0000,90.0000,66.20,0.00,0.00,85.02,0.00,0.00
12.1180,130.0000,130.0000,90.0000,90.0000,66.20,0.00,0.00,85.02,0.00,0.00
12.1200,130.0000,130.0000,90.0000,90.0000,66.20,0.00,0.00,85.02,0.00,0.00
12.1220,130.0000,130.0000,90.0000,90.0000,66.20,0.00,0.00,85.02,0.00,0.00
12.1240,130.0000,130.0000,90.0000,90.0000,66.20,0.00,0.00,85.02,0.00,0.00
12.1260,130.0000,130.0000,90.0000,90.0000,66.20,0.00,0.00,85.02,0.00,0.00
12.1280,130.0000,130.0000,90.0000,90.0000,66.20,0.00,0.00,85.02,0.00,0.00
12.1300,130.0000,130.0000,90.0000,90.0000,66.20,0.00,0.00,85.02,0.00,0.00
12.1320,130.0000,130.0000,90.0000,90.0000,66.20,0.00,0.00,85.02,0.00,0.00
12.1340,130.0000,130.0000,90.0000,90.0000,66.20,0.00,0.00,85.02,0.00,0.00
12.1360,130.0000,130.0000,90.0000,90.0000,66.20,0.00,0.00,85.02,0.00,0.00
12.1380,130.0000,130.0000,90.0000,90.0000,66.20,0.00,0.00,85.02,0.00,0.00
12.1400,130.0000,130.0000,90.0000,90.0000,66.20,0.00,0.00,85.02,0.00,0.00
12.1420,130.0000,130.0000,90.0000,90.0000,0.00,0.00,72.14,85.02,0.00,0.00
12.1440,130.0000,130.0000,90.0000,90.0000,0.00,0.00,72.14,85.02,0.00,0.00
12.1460,130.0000,130.0000,90.0000,90.0000,0.00,0.00,72.14,85.02,0.00,0.00
12.1480,130.0000,130.0000,90.0000,90.0000,0.00,0.00,72.14,85.02,0.00,0.00
12.1500,130.0000,130.0000,90.0000,90.0000,0.00,0.00,72.14,85.02,0.00,0.00
12.1520,130.0000,130.0000,90.0000,90.0000,0.00,0.00,72.14,85.02,0.00,0.00
12.1540,130.0000,130.0000,90.0000,90.0000,0.00,0.00,72.14,85.02,0.00,0.00
12.1560,130.0000,130.0000,90.0000,90.0000,0.00,0.00,72.14,85.02,0.00,0.00
12.1580,130.0000,130.0000,90.0000,90.0000,0.00,0.00,72.14,85.02,0.00,0.00
12.1600,130.0000,130.0000,90.0000,90.0000,0.00,0.00,72.14,85.02,0.00,0.00
12.1620,130.0000,130.0000,90.0000,90.0000,0.00,0.00,72.14,85.02,0.00,0.00
12.1640,130.0000,130.0000,90.0000,90.0000,0.00,0.00,72.14,85.02,0.00,0.00
12.1660,130.0000,130.0000,90.0000,90.0000,66.20,0.00,0.00,85.02,0.00,0.00
12.1680,130.0000,130.0000,90.0000,90.0000,66.20,0.00,0.00,85.02,0.00,0.00
12.1700,130.0000,130.0000,90.0000,90.0000,66.20,0.00,0.00,85.02,0.00,0.00
12.1720,130.0000,130.0000,90.0000,90.0000,66.20,0.00,0.00,85.02,0.00,0.00
12.1740,130.0000,130.0000,90.0000,90.0000,66.20,0.00,0.00,85.02,0.00,0.00
12.1760,130.0000,130.0000,90.0000,90.0000,66.20,0.00,0.00,85.02,0.00,0.00
12.1780,130.0000,130.0000,90.0000,90.0000,66.20,0.00,0.00,85.02,0.00,0.00
12.1800,130.0000,130.0000,90.0000,90.0000,66.20,0.00,0.00,85.02,0.00,0.00
12.1820,130.0000,130.0000,90.0000,90.0000,66.20,0.00,0.00,85.02,0.00,0.00
12.1840,130.0000,130.0000,90.0000,90.0000,66.20,0.00,0.00,85.02,0.00,0.00
12.1860,130.0000,130.0000,90.0000,90.0000,66.20,0.00,0.00,85.02,0.00,0.00
12.1880,130.0000,130.0000,90.0000,90.0000,66.20,0.00,0.00,85.02,0.00,0.00
12.1900,130.0000,130.0000,90.0000,90.0000,66.20,0.00,0.00,85.03,0.00,0.00
12.1920,130.0000,130.0000,90.0000,90.0000,66.20,0.00,0.00,0.00,0.00,84.71
12.1940,130.0000,130.0000,90.0000,90.0000,66.20,0.00,0.00,0.00,0.00,84.71
12.1960,130.0000,130.0000,90.0000,90.0000,66.20,0.00,0.00,0.00,0.00,84.71
12.1980,130.0000,130.0000,90.0000,90.0000,66.20,0.00,0.00,0.00,0.00,84.71
12.2000,130.0000,130.0000,90.0000,90.0000,66.20,0.00,0.00,0.00,0.00,84.71
12.2020,130.0000,130.0000,90.0000,90.0000,66.20,0.00,0.00,0.00,0.00,84.71
12.2040,130.0000,130.0000,90.0000,90.0000,66.20,0.00,0.00,0.00,0.00,84.71
12.2060,130.0000,130.0000,90.0000,90.0000,66.20,0.00,0.00,0.00,0.00,84.71
12.2080,130.0000,130.0000,90.0000,90.0000,66.20,0.00,0.00,0.00,0.00,84.71
12.2100,130.0000,130.0000,90.0000,90.0000,66.20,0.00,0.00,0.00,0.00,84.71
12.2120,130.0000,130.0000,90.0000,90.0000,66.20,0.00,0.00,0.00,0.00,84.71
12.2140,130.0000,130.0000,90.0000,90.0000,66.20,0.00,0.00,0.00,0.00,84.71
12.2160,130.0000,130.0000,90.0000,90.0000,66.20,0.00,0.00,0.00,0.00,84.71
12.2180,130.0000,130.0000,90.0000,90.0000,66.20,0.00,0.00,0.00,0.00,84.71
12.2200,130.0000,130.0000,90.0000,90.0000,66.20,0.00,0.00,0.00,0.00,84.71
12.2220,130.0000,130.0000,90.0000,90.0000,66.20,0.00,0.00,0.00,0.00,84.71
12.2240,130.0000,130.0000,90.0000,90.0000,66.20,0.00,0.00,0.00,0.00,84.71
12.2260,130.0000,130.0000,90.0000,90.0000,66.20,0.00,0.00,0.00,0.00,84.71
12.2280,130.0000,130.0000,90.0000,90.0000,66.20,0.00,0.00,0.00,0.00,84.71
12.2300,130.0000,130.0000,90.0000,90.0000,66.20,0.00,0.00,0.00,0.00,84.71
12.2320,130.0000,130.0000,90.0000,90.0000,66.20,0.00,0.00,0.00,0.00,84.71
12.2340,130.0000,130.0000,90.0000,90.0000,66.20,0.00,0.00,0.00,0.00,84.71
12.2360,130.0000,130.0000,90.0000,90.0000,66.20,0.00,0.00,0.00,0.00,84.71
12.2380,130.0000,130.0000,90.0000,90.0000,66.20,0.00,0.00,0.00,0.00,84.71
12.2400,130.0000,130.0000,90.0000,90.0000,66.20,0.00,0.00,0.00,0.00,84.71
12.2420,130.0000,130.0000,90.0000,90.0000,66.20,0.00,0.00,0.00,0.00,84.71
12.2440,130.0000,130.0000,90.0000,90.0000,66.20,0.00,0.00,0.00,0.00,84.71
12.2460,130.0000,130.0000,90.0000,90.0000,66.20,0.00,0.00,0.00,0.00,84.71
12.2480,130.0000,130.0000,90.0000,90.0000,66.20,0.00,0.00,0.00,0.00,84.71
12.2500,130.0000,130.0000,90.0000,90.0000,66.20,0.00,0.00,0.00,0.00,84.71
12.2520,130.0000,130.0000,90.0000,90.0000,66.20,0.00,0.00,0.00,0.00,84.71
12.2540,130.0000,130.0000,90.0000,90.0000,66.20,0.00,0.00,0.00,0.00,84.71
12.2560,130.0000,130.0000,90.0000,90.0000,66.20,0.00,0.00,0.00,0.00,84.71
12.2580,130.0000,130.0000,90.0000,90.0000,66.20,0.00,0.00,0.00,0.00,84.71
12.2600,130.0000,130.0000,90.0000,90.0000,0.00,0.00,72.14,0.00,0.00,84.71
12.2620,130.0000,130.0000,90.0000,90.0000,0.00,0.00,72.14,0.00,0.00,84.71
12.2640,130.0000,130.0000,90.0000,90.0000,0.00,0.00,72.14,0.00,0.00,84.71
12.2660,130.0000,130.0000,90.0000,90.0000,0.00,0.00,72.14,0.00,0.00,84.71
12.2680,130.0000,130.0000,90.0000,90.0000,0.00,0.00,72.14,0.00,0.00,84.71
12.2700,130.0000,130.0000,90.0000,90.0000,0.00,0.00,72.14,0.00,0.00,84.71
12.2720,130.0000,130.0000,90.0000,90.0000,0.00,0.00,72.14,0.00,0.00,84.71
12.2740,130.0000,130.0000,90.0000,90.0000,0.00,0.00,72.14,0.00,0.00,84.71
12.2760,130.0000,130.0000,90.0000,90.0000,0.00,0.00,72.14,0.00,0.00,84.71
12.2780,130.0000,130.0000,90.0000,90.0000,0.00,0.00,72.14,0.00,0.00,84.71
12.2800,130.0000,130.0000,90.0000,90.0000,0.00,0.00,72.14,0.00,0.00,84.71
12.2820,130.0000,130.0000,90.0000,90.0000,0.00,0.00,72.14,0.00,0.00,84.71
12.2840,130.0000,130.0000,90.0000,90.0000,66.20,0.00,0.00,0.00,0.00,84.71
12.2860,130.0000,130.0000,90.0000,90.0000,66.20,0.00,0.00,0.00,0.00,84.71
12.2880,130.0000,130.0000,90.0000,90.0000,66.20,0.00,0.00,0.00,0.00,84.71
12.2900,130.0000,130.0000,90.0000,90.0000,66.20,0.00,0.00,0.00,0.00,84.71
12.2920,130.0000,130.0000,90.0000,90.0000,66.20,0.00,0.00,85.02,0.00,0.00
12.2940,130.0000,130.0000,90.0000,90.0000,66.20,0.00,0.00,85.02,0.00,0.00
12.2960,130.0000,130.0000,90.0000,90.0000,66.20,0.00,0.00,85.02,0.00,0.00
12.2980,130.0000,130.0000,90.0000,90.0000,66.20,0.00,0.00,85.02,0.00,0.00
12.3000,130.0000,130.0000,90.0000,90.0000,66.20,0.00,0.00,85.02,0.00,0.00
12.3020,130.0000,130.0000,90.0000,90.0000,66.20,0.00,0.00,85.02,0.00,0.00
12.3040,130.0000,130.0000,90.0000,90.0000,66.20,0.00,0.00,85.02,0.00,0.00
12.3060,130.0000,130.0000,90.0000,90.0000,66.20,0.00,0.00,85.02,0.00,0.00
12.3080,130.0000,130.0000,90.0000,90.0000,66.20,0.00,0.00,85.02,0.00,0.00
12.3100,130.0000,130.0000,90.0000,90.0000,66.20,0.00,0.00,85.02,0.00,0.00
12.3120,130.0000,130.0000,90.0000,90.0000,66.20,0.00,0.00,85.02,0.00,0.00
12.3140,130.0000,130.0000,90.0000,90.0000,66.20,0.00,0.00,85.02,0.00,0.00
12.3160,130.0000,130.0000,90.0000,90.0000,66.20,0.00,0.00,85.02,0.00,0.00
12.3180,130.0000,130.0000,90.0000,90.0000,66.20,0.00,0.00,85.02,0.00,0.00
12.3200,130.0000,130.0000,90.0000,90.0000,66.20,0.00,0.00,85.02,0.00,0.00
12.3220,130.0000,130.0000,90.0000,90.0000,66.20,0.00,0.00,85.02,0.00,0.00
12.3240,130.0000,130.0000,90.0000,90.0000,66.20,0.00,0.00,85.02,0.00,0.00
12.3260,130.0000,130.0000,90.0000,90.0000,66.20,0.00,0.00,85.02,0.00,0.00
12.3280,130.0000,130.0000,90.0000,90.0000,66.20,0.00,0.00,85.02,0.00,0.00
12.3300,130.0000,130.0000,90.0000,90.0000,66.20,0.00,0.00,85.02,0.00,0.00
12.3320,130.0000,130.0000,90.0000,90.0000,66.20,0.00,0.00,85.02,0.00,0.00
12.3340,130.0000,130.0000,90.0000,90.0000,66.20,0.00,0.00,85.02,0.00,0.00
12.3360,130.0000,130.0000,90.0000,90.0000,66.20,0.00,0.00,85.02,0.00,0.00
12.3380,130.0000,130.0000,90.0000,90.0000,66.20,0.00,0.00,85.02,0.00,0.00
12.3400,130.0000,130.0000,90.0000,90.0000,66.20,0.00,0.00,85.02,0.00,0.00
12.3420,130.0000,130.0000,90.0000,90.0000,66.20,0.00,0.00,85.02,0.00,0.00
12.3440,130.0000,130.0000,90.0000,90.0000,66.20,0.00,0.00,85.02,0.00,0.00
12.3460,130.0000,130.0000,90.0000,90.0000,66.20,0.00,0.00,85.02,0.00,0.00
12.3480,130.0000,130.0000,90.0000,90.0000,66.20,0.00,0.00,85.02,0.00,0.00
12.3500,130.0000,130.0000,90.0000,90.0000,66.20,0.00,0.00,85.02,0.00,0.00
12.3520,130.0000,130.0000,90.0000,90.0000,66.20,0.00,0.00,85.02,0.00,0.00
12.3540,130.0000,130.0000,90.0000,90.0000,66.20,0.00,0.00,85.02,0.00,0.00
12.3560,130.0000,130.0000,90.0000,90.0000,66.20,0.00,0.00,85.02,0.00,0.00
12.3580,130.0000,130.0000,90.0000,90.0000,66.20,0.00,0.00,85.02,0.00,0.00
12.3600,130.0000,130.0000,90.0000,90.0000,66.20,0.00,0.00,85.02,0.00,0.00
12.3620,130.0000,130.0000,90.0000,90.0000,66.20,0.00,0.00,85.02,0.00,0.00
12.3640,130.0000,130.0000,90.0000,90.0000,66.20,0.00,0.00,85.02,0.00,0.00
12.3660,130.0000,130.0000,90.0000,90.0000,66.20,0.00,0.00,85.02,0.00,0.00
12.3680,130.0000,130.0000,90.0000,90.0000,66.20,0.00,0.00,85.02,0.00,0.00
12.3700,130.0000,130.0000,90.0000,90.0000,66.20,0.00,0.00,85.02,0.00,0.00
12.3720,130.0000,130.0000,90.0000,90.0000,66.20,0.00,0.00,85.02,0.00,0.00
12.3740,130.0000,130.0000,90.0000,90.0000,66.20,0.00,0.00,85.02,0.00,0.00
12.3760,130.0000,130.0000,90.0000,90.0000,66.20,0.00,0.00,85.02,0.00,0.00
12.3780,130.0000,130.0000,90.0000,90.0000,0.00,0.00,72.14,85.02,0.00,0.00
12.3800,130.0000,130.0000,90.0000,90.0000,0.00,0.00,72.14,85.02,0.00,0.00
12.3820,130.0000,130.0000,90.0000,90.0000,0.00,0.00,72.14,85.02,0.00,0.00
12.3840,130.0000,130.0000,90.0000,90.0000,0.00,0.00,72.14,85.02,0.00,0.00
12.3860,130.0000,130.0000,90.0000,90.0000,0.00,0.00,72.14,85.02,0.00,0.00
12.3880,130.0000,130.0000,90.0000,90.0000,0.00,0.00,72.14,85.02,0.00,0.00
12.3900,130.0000,130.0000,90.0000,90.0000,0.00,0.00,72.14,85.02,0.00,0.00
12.3920,130.0000,130.0000,90.0000,90.0000,0.00,0.00,72.14,85.02,0.00,0.00
12.3940,130.0000,130.0000,90.0000,90.0000,0.00,0.00,72.14,85.02,0.00,0.00
12.3960,130.0000,130.0000,90.0000,90.0000,0.00,0.00,72.14,85.02,0.00,0.00
12.3980,130.0000,130.0000,90.0000,90.0000,0.00,0.00,72.14,85.02,0.00,0.00
12.4000,130.0000,130.0000,90.0000,90.0000,0.00,0.00,72.14,85.02,0.00,0.00
12.4020,130.0000,130.0000,90.0000,90.0000,66.20,0.00,0.00,85.02,0.00,0.00
12.4040,130.0000,130.0000,90.0000,90.0000,66.20,0.00,0.00,85.02,0.00,0.00
12.4060,130.0000,130.0000,90.0000,90.0000,66.20,0.00,0.00,85.02,0.00,0.00
12.4080,130.0000,130.0000,90.0000,90.0000,66.20,0.00,0.00,85.02,0.00,0.00
12.4100,130.0000,130.0000,90.0000,90.0000,66.20,0.00,0.00,85.02,0.00,0.00
12.4120,130.0000,130.0000,90.0000,90.0000,66.20,0.00,0.00,85.02,0.00,0.00
12.4140,130.0000,130.0000,90.0000,90.0000,66.20,0.00,0.00,85.02,0.00,0.00
12.4160,130.0000,130.0000,90.0000,90.0000,66.20,0.00,0.00,85.02,0.00,0.00
12.4180,130.0000,130.0000,90.0000,90.0000,66.20,0.00,0.00,85.02,0.00,0.00
12.4200,130.0000,130.0000,90.0000,90.0000,66.20,0.00,0.00,85.02,0.00,0.00
12.4220,130.0000,130.0000,90.0000,90.0000,66.20,0.00,0.00,85.02,0.00,0.00
12.4240,130.0000,130.0000,90.0000,90.0000,66.20,0.00,0.00,85.02,0.00,0.00
12.4260,130.0000,130.0000,90.0000,90.0000,66.20,0.00,0.00,85.02,0.00,0.00
12.4280,130.0000,130.0000,90.0000,90.0000,66.20,0.00,0.00,85.02,0.00,0.00
12.4300,130.0000,130.0000,90.0000,90.0000,66.20,0.00,0.00,85.02,0.00,0.00
12.4320,130.0000,130.0000,90.0000,90.0000,66.20,0.00,0.00,85.02,0.00,0.00
12.4340,130.0000,130.0000,90.0000,90.0000,66.20,0.00,0.00,85.03,0.00,0.00
12.4360,130.0000,130.0000,90.0000,90.0000,66.20,0.00,0.00,0.00,0.00,84.71
12.4380,130.0000,130.0000,90.0000,90.0000,66.20,0.00,0.00,0.00,0.00,84.71
12.4400,130.0000,130.0000,90.0000,90.0000,66.20,0.00,0.00,0.00,0.00,84.71
12.4420,130.0000,130.0000,90.0000,90.0000,66.20,0.00,0.00,0.00,0.00,84.71
12.4440,130.0000,130.0000,90.0000,90.0000,66.20,0.00,0.00,0.00,0.00,84.71
12.4460,130.0000,130.0000,90.0000,90.0000,66.20,0.00,0.00,0.00,0.00,84.71
12.4480,130.0000,130.0000,90.0000,90.0000,66.20,0.00,0.00,0.00,0.00,84.71
12.4500,130.0000,130.0000,90.0000,90.0000,66.20,0.00,0.00,0.00,0.00,84.71
12.4520,130.0000,130.0000,90.0000,90.0000,66.20,0.00,0.00,0.00,0.00,84.71
12.4540,130.0000,130.0000,90.0000,90.0000,66.20,0.00,0.00,0.00,0.00,84.71
12.4560,130.0000,130.0000,90.0000,90.0000,66.20,0.00,0.00,0.00,0.00,84.71
12.4580,130.0000,130.0000,90.0000,90.0000,66.20,0.00,0.00,0.00,0.00,84.71
12.4600,130.0000,130.0000,90.0000,90.0000,66.20,0.00,0.00,0.00,0.00,84.71
12.4620,130.0000,130.0000,90.0000,90.0000,66.20,0.00,0.00,0.00,0.00,84.71
12.4640,130.0000,130.0000,90.0000,90.0000,66.20,0.00,0.00,0.00,0.00,84.71
12.4660,130.0000,130.0000,90.0000,90.0000,66.20,0.00,0.00,0.00,0.00,84.71
12.4680,130.0000,130.0000,90.0000,90.0000,66.20,0.00,0.00,0.00,0.00,84.71
12.4700,130.0000,130.0000,90.0000,90.0000,66.20,0.00,0.00,0.00,0.00,84.71
12.4720,130.0000,130.0000,90.0000,90.0000,66.20,0.00,0.00,0.00,0.00,84.71
12.4740,130.0000,130.0000,90.0000,90.0000,66.20,0.00,0.00,0.00,0.00,84.71
12.4760,130.0000,130.0000,90.0000,90.0000,66.20,0.00,0.00,0.00,0.00,84.71
12.4780,130.0000,130.0000,90.0000,90.0000,66.20,0.00,0.00,0.00,0.00,84.71
12.4800,130.0000,130.0000,90.0000,90.0000,66.20,0.00,0.00,0.00,0.00,84.71
12.4820,130.0000,130.0000,90.0000,90.0000,66.20,0.00,0.00,0.00,0.00,84.71
12.4840,130.0000,130.0000,90.0000,90.0000,66.20,0.00,0.00,0.00,0.00,84.71
12.4860,130.0000,130.0000,90.0000,90.0000,66.20,0.00,0.00,0.00,0.00,84.71
12.4880,130.0000,130.0000,90.0000,90.0000,66.20,0.00,0.00,0.00,0.00,84.71
12.4900,130.0000,130.0000,90.0000,90.0000,66.20,0.00,0.00,0.00,0.00,84.71
12.4920,130.0000,130.0000,90.0000,90.0000,66.20,0.00,0.00,0.00,0.00,84.71
12.4940,130.0000,130.0000,90.0000,90.0000,66.20,0.00,0.00,0.00,0.00,84.71
12.4960,130.0000,130.0000,90.0000,90.0000,0.00,0.00,72.14,0.00,0.00,84.71
12.4980,130.0000,130.0000,90.0000,90.0000,0.00,0.00,72.14,0.00,0.00,84.71
12.5000,130.0000,130.0000,90.0000,90.0000,0.00,0.00,72.14,0.00,0.00,84.71
12.5020,130.0000,130.0000,90.0000,90.0000,0.00,0.00,72.14,0.00,0.00,84.71
12.5040,130.0000,130.0000,90.0000,90.0000,0.00,0.00,72.14,0.00,0.00,84.71
12.5060,130.0000,130.0000,90.0000,90.0000,0.00,0.00,72.14,0.00,0.00,84.71
12.5080,130.0000,130.0000,90.0000,90.0000,0.00,0.00,72.14,0.00,0.00,84.71
12.5100,130.0000,130.0000,90.0000,90.0000,0.00,0.00,72.14,0.00,0.00,84.71
12.5120,130.0000,130.0000,90.0000,90.0000,0.00,0.00,72.14,0.00,0.00,84.71
12.5140,130.0000,130.0000,90.0000,90.0000,0.00,0.00,72.14,0.00,0.00,84.71
12.5160,130.0000,130.0000,90.0000,90.0000,0.00,0.00,72.14,0.00,0.00,84.71
12.5180,130.0000,130.0000,90.0000,90.0000,0.00,0.00,72.14,0.00,0.00,84.71
12.5200,130.0000,130.0000,90.0000,90.0000,66.20,0.00,0.00,0.00,0.00,84.71
12.5220,130.0000,130.0000,90.0000,90.0000,66.20,0.00,0.00,0.00,0.00,84.71
12.5240,130.0000,130.0000,90.0000,90.0000,66.20,0.00,0.00,0.00,0.00,84.71
12.5260,130.0000,130.0000,90.0000,90.0000,66.20,0.00,0.00,0.00,0.00,84.71
12.5280,130.0000,130.0000,90.0000,90.0000,66.20,0.00,0.00,0.00,0.00,84.71
12.5300,130.0000,130.0000,90.0000,90.0000,66.20,0.00,0.00,0.00,0.00,84.71
12.5320,130.0000,130.0000,90.0000,90.0000,66.20,0.00,0.00,0.00,0.00,84.71
12.5340,130.0000,130.0000,90.0000,90.0000,66.20,0.00,0.00,0.00,0.00,84.71
12.5360,130.0000,130.0000,90.0000,90.0000,66.20,0.00,0.00,85.02,0.00,0.00
12.5380,130.0000,130.0000,90.0000,90.0000,66.20,0.00,0.00,85.02,0.00,0.00
12.5400,130.0000,130.0000,90.0000,90.0000,66.20,0.00,0.00,85.02,0.00,0.00
12.5420,130.0000,130.0000,90.0000,90.0000,66.20,0.00,0.00,85.02,0.00,0.00
12.5440,130.0000,130.0000,90.0000,90.0000,66.20,0.00,0.00,85.02,0.00,0.00
12.5460,130.0000,130.0000,90.0000,90.0000,66.20,0.00,0.00,85.02,0.00,0.00
12.5480,130.0000,130.0000,90.0000,90.0000,66.20,0.00,0.00,85.02,0.00,0.00
12.5500,130.0000,130.0000,90.0000,90.0000,66.20,0.00,0.00,85.02,0.00,0.00
12.5520,130.0000,130.0000,90.0000,90.0000,66.20,0.00,0.00,85.02,0.00,0.00
12.5540,130.0000,130.0000,90.0000,90.0000,66.20,0.00,0.00,85.02,0.00,0.00
12.5560,130.0000,130.0000,90.0000,90.0000,66.20,0.00,0.00,85.02,0.00,0.00
12.5580,130.0000,130.0000,90.0000,90.0000,66.20,0.00,0.00,85.02,0.00,0.00
12.5600,130.0000,130.0000,90.0000,90.0000,66.20,0.00,0.00,85.02,0.00,0.00
12.5620,130.0000,130.0000,90.0000,90.0000,66.20,0.00,0.00,85.02,0.00,0.00
12.5640,130.0000,130.0000,90.0000,90.0000,66.20,0.00,0.00,85.02,0.00,0.00
12.5660,130.0000,130.0000,90.0000,90.0000,66.20,0.00,0.00,85.02,0.00,0.00
12.5680,130.0000,130.0000,90.0000,90.0000,66.20,0.00,0.00,85.02,0.00,0.00
12.5700,130.0000,130.0000,90.0000,90.0000,66.20,0.00,0.00,85.02,0.00,0.00
12.5720,130.0000,130.0000,90.0000,90.0000,66.20,0.00,0.00,85.02,0.00,0.00
12.5740,130.0000,130.0000,90.0000,90.0000,66.20,0.00,0.00,85.02,0.00,0.00
12.5760,130.0000,130.0000,90.0000,90.0000,66.20,0.00,0.00,85.02,0.00,0.00
12.5780,130.0000,130.0000,90.0000,90.0000,66.20,0.00,0.00,85.02,0.00,0.00
12.5800,130.0000,130.0000,90.0000,90.0000,66.20,0.00,0.00,85.02,0.00,0.00
12.5820,130.0000,130.0000,90.0000,90.0000,66.20,0.00,0.00,85.02,0.00,0.00
12.5840,130.0000,130.0000,90.0000,90.0000,66.20,0.00,0.00,85.02,0.00,0.00
12.5860,130.0000,130.0000,90.0000,90.0000,66.20,0.00,0.00,85.02,0.00,0.00
12.5880,130.0000,130.0000,90.0000,90.0000,66.20,0.00,0.00,85.02,0.00,0.00
12.5900,130.0000,130.0000,90.0000,90.0000,66.20,0.00,0.00,85.02,0.00,0.00
12.5920,130.0000,130.0000,90.0000,90.0000,66.20,0.00,0.00,85.02,0.00,0.00
12.5940,130.0000,130.0000,90.0000,90.0000,66.20,0.00,0.00,85.02,0.00,0.00
12.5960,130.0000,130.0000,90.0000,90.0000,66.20,0.00,0.00,85.02,0.00,0.00
12.5980,130.0000,130.0000,90.0000,90.0000,66.20,0.00,0.00,85.02,0.00,0.00
12.6000,130.0000,130.0000,90.0000,90.0000,66.20,0.00,0.00,85.02,0.00,0.00
12.6020,130.0000,130.0000,90.0000,90.0000,66.20,0.00,0.00,85.02,0.00,0.00
12.6040,130.0000,130.0000,90.0000,90.0000,66.20,0.00,0.00,85.02,0.00,0.00
12.6060,130.0000,130.0000,90.0000,90.0000,66.20,0.00,0.00,85.02,0.00,0.00
12.6080,130.0000,130.0000,90.0000,90.0000,66.20,0.00,0.00,85.02,0.00,0.00
12.6100,130.0000,130.0000,90.0000,90.0000,66.20,0.00,0.00,85.02,0.00,0.00
12.6120,130.0000,130.0000,90.0000,90.0000,66.20,0.00,0.00,85.02,0.00,0.00
12.6140,130.0000,130.0000,90.0000,90.0000,0.00,0.00,72.14,85.02,0.00,0.00
12.6160,130.0000,130.0000,90.0000,90.0000,0.00,0.00,72.14,85.02,0.00,0.00
12.6180,130.0000,130.0000,90.0000,90.0000,0.00,0.00,72.14,85.02,0.00,0.00
12.6200,130.0000,130.0000,90.0000,90.0000,0.00,0.00,72.14,85.02,0.00,0.00
12.6220,130.0000,130.0000,90.0000,90.0000,0.00,0.00,72.14,85.02,0.00,0.00
12.6240,130.0000,130.0000,90.0000,90.0000,0.00,0.00,72.14,85.02,0.00,0.00
12.6260,130.0000,130.0000,90.0000,90.0000,0.00,0.00,72.14,85.02,0.00,0.00
12.6280,130.0000,130.0000,90.0000,90.0000,0.00,0.00,72.14,85.02,0.00,0.00
12.6300,130.0000,130.0000,90.0000,90.0000,0.00,0.00,72.14,85.02,0.00,0.00
12.6320,130.0000,130.0000,90.0000,90.0000,0.00,0.00,72.14,85.02,0.00,0.00
12.6340,130.0000,130.0000,90.0000,90.0000,0.00,0.00,72.14,85.02,0.00,0.00
12.6360,130.0000,130.0000,90.0000,90.0000,0.00,0.00,72.14,85.02,0.00,0.00
12.6380,130.0000,130.0000,90.0000,90.0000,66.20,0.00,0.00,85.02,0.00,0.00
12.6400,130.0000,130.0000,90.0000,90.0000,66.20,0.00,0.00,85.02,0.00,0.00
12.6420,130.0000,130.0000,90.0000,90.0000,66.20,0.00,0.00,85.02,0.00,0.00
12.6440,130.0000,130.0000,90.0000,90.0000,66.20,0.00,0.00,85.02,0.00,0.00
12.6460,130.0000,130.0000,90.0000,90.0000,66.20,0.00,0.00,85.02,0.00,0.00
12.6480,130.0000,130.0000,90.0000,90.0000,66.20,0.00,0.00,85.02,0.00,0.00
12.6500,130.0000,130.0000,90.0000,90.0000,66.20,0.00,0.00,85.02,0.00,0.00
12.6520,130.0000,130.0000,90.0000,90.0000,66.20,0.00,0.00,85.02,0.00,0.00
12.6540,130.0000,130.0000,90.0000,90.0000,66.20,0.00,0.00,85.02,0.00,0.00
12.6560,130.0000,130.0000,90.0000,90.0000,66.20,0.00,0.00,85.02,0.00,0.00
12.6580,130.0000,130.0000,90.0000,90.0000,66.20,0.00,0.00,85.02,0.00,0.00
12.6600,130.0000,130.0000,90.0000,90.0000,66.20,0.00,0.00,85.02,0.00,0.00
12.6620,130.0000,130.0000,90.0000,90.0000,66.20,0.00,0.00,85.02,0.00,0.00
12.6640,130.0000,130.0000,90.0000,90.0000,66.20,0.00,0.00,85.02,0.00,0.00
12.6660,130.0000,130.0000,90.0000,90.0000,66.20,0.00,0.00,85.02,0.00,0.00
12.6680,130.0000,130.0000,90.0000,90.0000,66.20,0.00,0.00,85.02,0.00,0.00
12.6700,130.0000,130.0000,90.0000,90.0000,66.20,0.00,0.00,85.02,0.00,0.00
12.6720,130.0000,130.0000,90.0000,90.0000,66.20,0.00,0.00,85.02,0.00,0.00
12.6740,130.0000,130.0000,90.0000,90.0000,66.20,0.00,0.00,85.02,0.00,0.00
12.6760,130.0000,130.0000,90.0000,90.0000,66.20,0.00,0.00,85.02,0.00,0.00
12.6780,130.0000,130.0000,90.0000,90.0000,66.20,0.00,0.00,85.03,0.00,0.00
12.6800,130.0000,130.0000,90.0000,90.0000,66.20,0.00,0.00,0.00,0.00,84.71
12.6820,130.0000,130.0000,90.0000,90.0000,66.20,0.00,0.00,0.00,0.00,84.71
12.6840,130.0000,130.0000,90.0000,90.0000,66.20,0.00,0.00,0.00,0.00,84.71
12.6860,130.0000,130.0000,90.0000,90.0000,66.20,0.00,0.00,0.00,0.00,84.71
12.6880,130.0000,130.0000,90.0000,90.0000,66.20,0.00,0.00,0.00,0.00,84.71
12.6900,130.0000,130.0000,90.0000,90.0000,66.20,0.00,0.00,0.00,0.00,84.71
12.6920,130.0000,130.0000,90.0000,90.0000,66.20,0.00,0.00,0.00,0.00,84.71
12.6940,130.0000,130.0000,90.0000,90.0000,66.20,0.00,0.00,0.00,0.00,84.71
12.6960,130.0000,130.0000,90.0000,90.0000,66.20,0.00,0.00,0.00,0.00,84.71
12.6980,130.0000,130.0000,90.0000,90.0000,66.20,0.00,0.00,0.00,0.00,84.71
12.7000,130.0000,130.0000,90.0000,90.0000,66.20,0.00,0.00,0.00,0.00,84.71
12.7020,130.0000,130.0000,90.0000,90.0000,66.20,0.00,0.00,0.00,0.00,84.71
12.7040,130.0000,130.0000,90.0000,90.0000,66.20,0.00,0.00,0.00,0.00,84.71
12.7060,130.0000,130.0000,90.0000,90.0000,66.20,0.00,0.00,0.00,0.00,84.71
12.7080,130.0000,130.0000,90.0000,90.0000,66.20,0.00,0.00,0.00,0.00,84.71
12.7100,130.0000,130.0000,90.0000,90.0000,66.20,0.00,0.00,0.00,0.00,84.71
12.7120,130.0000,130.0000,90.0000,90.0000,66.20,0.00,0.00,0.00,0.00,84.71
12.7140,130.0000,130.0000,90.0000,90.0000,66.20,0.00,0.00,0.00,0.00,84.71
12.7160,130.0000,130.0000,90.0000,90.0000,66.20,0.00,0.00,0.00,0.00,84.71
12.7180,130.0000,130.0000,90.0000,90.0000,66.20,0.00,0.00,0.00,0.00,84.71
12.7200,130.0000,130.0000,90.0000,90.0000,66.20,0.00,0.00,0.00,0.00,84.71
12.7220,130.0000,130.0000,90.0000,90.0000,66.20,0.00,0.00,0.00,0.00,84.71
12.7240,130.0000,130.0000,90.0000,90.0000,66.20,0.00,0.00,0.00,0.00,84.71
12.7260,130.0000,130.0000,90.0000,90.0000,66.20,0.00,0.00,0.00,0.00,84.71
12.7280,130.0000,130.0000,90.0000,90.0000,66.20,0.00,0.00,0.00,0.00,84.71
12.7300,130.0000,130.0000,90.0000,90.0000,66.20,0.00,0.00,0.00,0.00,84.71
12.7320,130.0000,130.0000,90.0000,90.0000,0.00,0.00,72.14,0.00,0.00,84.71
12.7340,130.0000,130.0000,90.0000,90.0000,0.00,0.00,72.14,0.00,0.00,84.71
12.7360,130.0000,130.0000,90.0000,90.0000,0.00,0.00,72.14,0.00,0.00,84.71
12.7380,130.0000,130.0000,90.0000,90.0000,0.00,0.00,72.14,0.00,0.00,84.71
12.7400,130.0000,130.0000,90.0000,90.0000,0.00,0.00,72.14,0.00,0.00,84.71
12.7420,130.0000,130.0000,90.0000,90.0000,0.00,0.00,72.14,0.00,0.00,84.71
12.7440,130.0000,130.0000,90.0000,90.0000,0.00,0.00,72.14,0.00,0.00,84.71
12.7460,130.0000,130.0000,90.0000,90.0000,0.00,0.00,72.14,0.00,0.00,84.71
12.7480,130.0000,130.0000,90.0000,90.0000,0.00,0.00,72.14,0.00,0.00,84.71
12.7500,130.0000,130.0000,90.0000,90.0000,0.00,0.00,72.14,0.00,0.00,84.71
12.7520,130.0000,130.0000,90.0000,90.0000,0.00,0.00,72.14,0.00,0.00,84.71
12.7540,130.0000,130.0000,90.0000,90.0000,0.00,0.00,72.14,0.00,0.00,84.71
12.7560,130.0000,130.0000,90.0000,90.0000,66.20,0.00,0.00,0.00,0.00,84.71
12.7580,130.0000,130.0000,90.0000,90.0000,66.20,0.00,0.00,0.00,0.00,84.71
12.7600,130.0000,130.0000,90.0000,90.0000,66.20,0.00,0.00,0.00,0.00,84.71
12.7620,130.0000,130.0000,90.0000,90.0000,66.20,0.00,0.00,0.00,0.00,84.71
12.7640,130.0000,130.0000,90.0000,90.0000,66.20,0.00,0.00,0.00,0.00,84.71
12.7660,130.0000,130.0000,90.0000,90.0000,66.20,0.00,0.00,0.00,0.00,84.71
12.7680,130.0000,130.0000,90.0000,90.0000,66.20,0.00,0.00,0.00,0.00,84.71
12.7700,130.0000,130.0000,90.0000,90.0000,66.20,0.00,0.00,0.00,0.00,84.71
12.7720,130.0000,130.0000,90.0000,90.0000,66.20,0.00,0.00,0.00,0.00,84.71
12.7740,130.0000,130.0000,90.0000,90.0000,66.20,0.00,0.00,0.00,0.00,84.71
12.7760,130.0000,130.0000,90.0000,90.0000,66.20,0.00,0.00,0.00,0.00,84.71
12.7780,130.0000,130.0000,90.0000,90.0000,66.20,0.00,0.00,0.00,0.00,84.71
12.7800,130.0000,130.0000,90.0000,90.0000,66.20,0.00,0.00,85.02,0.00,0.00
12.7820,130.0000,130.0000,90.0000,90.0000,66.20,0.00,0.00,85.02,0.00,0.00
12.7840,130.0000,130.0000,90.0000,90.0000,66.20,0.00,0.00,85.02,0.00,0.00
12.7860,130.0000,130.0000,90.0000,90.0000,66.20,0.00,0.00,85.02,0.00,0.00
12.7880,130.0000,130.0000,90.0000,90.0000,66.20,0.00,0.00,85.02,0.00,0.00
12.7900,130.0000,130.0000,90.0000,90.0000,66.20,0.00,0.00,85.02,0.00,0.00
12.7920,130.0000,130.0000,90.0000,90.0000,66.20,0.00,0.00,85.02,0.00,0.00
12.7940,130.0000,130.0000,90.0000,90.0000,66.20,0.00,0.00,85.02,0.00,0.00
12.7960,130.0000,130.0000,90.0000,90.0000,66.20,0.00,0.00,85.02,0.00,0.00
12.7980,130.0000,130.0000,90.0000,90.0000,66.20,0.00,0.00,85.02,0.00,0.00
12.8000,130.0000,130.0000,90.0000,90.0000,66.20,0.00,0.00,85.02,0.00,0.00
12.8020,130.0000,130.0000,90.0000,90.0000,66.20,0.00,0.00,85.02,0.00,0.00
12.8040,130.0000,130.0000,90.0000,90.0000,66.20,0.00,0.00,85.02,0.00,0.00
12.8060,130.0000,130.0000,90.0000,90.0000,66.20,0.00,0.00,85.02,0.00,0.00
12.8080,130.0000,130.0000,90.0000,90.0000,66.20,0.00,0.00,85.02,0.00,0.00
12.8100,130.0000,130.0000,90.0000,90.0000,66.20,0.00,0.00,85.02,0.00,0.00
12.8120,130.0000,130.0000,90.0000,90.0000,66.20,0.00,0.00,85.02,0.00,0.00
12.8140,130.0000,130.0000,90.0000,90.0000,66.20,0.00,0.00,85.02,0.00,0.00
12.8160,130.0000,130.0000,90.0000,90.0000,66.20,0.00,0.00,85.02,0.00,0.00
12.8180,130.0000,130.0000,90.0000,90.0000,66.20,0.00,0.00,85.02,0.00,0.00
12.8200,130.0000,130.0000,90.0000,90.0000,66.20,0.00,0.00,85.02,0.00,0.00
12.8220,130.0000,130.0000,90.0000,90.0000,66.20,0.00,0.00,85.02,0.00,0.00
12.8240,130.0000,130.0000,90.0000,90.0000,66.20,0.00,0.00,85.02,0.00,0.00
12.8260,130.0000,130.0000,90.0000,90.0000,66.20,0.00,0.00,85.02,0.00,0.00
12.8280,130.0000,130.0000,90.0000,90.0000,66.20,0.00,0.00,85.02,0.00,0.00
12.8300,130.0000,130.0000,90.0000,90.0000,66.20,0.00,0.00,85.02,0.00,0.00
12.8320,130.0000,130.0000,90.0000,90.0000,66.20,0.00,0.00,85.02,0.00,0.00
12.8340,130.0000,130.0000,90.0000,90.0000,66.20,0.00,0.00,85.02,0.00,0.00
12.8360,130.0000,130.0000,90.0000,90.0000,66.20,0.00,0.00,85.02,0.00,0.00
12.8380,130.0000,130.0000,90.0000,90.0000,66.20,0.00,0.00,85.02,0.00,0.00
12.8400,130.0000,130.0000,90.0000,90.0000,66.20,0.00,0.00,85.02,0.00,0.00
12.8420,130.0000,130.0000,90.0000,90.0000,66.20,0.00,0.00,85.02,0.00,0.00
12.8440,130.0000,130.0000,90.0000,90.0000,66.20,0.00,0.00,85.02,0.00,0.00
12.8460,130.0000,130.0000,90.0000,90.0000,66.20,0.00,0.00,85.02,0.00,0.00
12.8480,130.0000,130.0000,90.0000,90.0000,66.20,0.00,0.00,85.02,0.00,0.00
12.8500,130.0000,130.0000,90.0000,90.0000,0.00,0.00,72.14,85.02,0.00,0.00
12.8520,130.0000,130.0000,90.0000,90.0000,0.00,0.00,72.14,85.02,0.00,0.00
12.8540,130.0000,130.0000,90.0000,90.0000,0.00,0.00,72.14,85.02,0.00,0.00
12.8560,130.0000,130.0000,90.0000,90.0000,0.00,0.00,72.14,85.02,0.00,0.00
12.8580,130.0000,130.0000,90.0000,90.0000,0.00,0.00,72.14,85.02,0.00,0.00
12.8600,130.0000,130.0000,90.0000,90.0000,0.00,0.00,72.14,85.02,0.00,0.00
12.8620,130.0000,130.0000,90.0000,90.0000,0.00,0.00,72.14,85.02,0.00,0.00
12.8640,130.0000,130.0000,90.0000,90.0000,0.00,0.00,72.14,85.02,0.00,0.00
12.8660,130.0000,130.0000,90.0000,90.0000,0.00,0.00,72.14,85.02,0.00,0.00
12.8680,130.0000,130.0000,90.0000,90.0000,0.00,0.00,72.14,85.02,0.00,0.00
12.8700,130.0000,130.0000,90.0000,90.0000,0.00,0.00,72.14,85.02,0.00,0.00
12.8720,130.0000,130.0000,90.0000,90.0000,0.00,0.00,72.14,85.02,0.00,0.00
12.8740,130.0000,130.0000,90.0000,90.0000,66.20,0.00,0.00,85.02,0.00,0.00
12.8760,130.0000,130.0000,90.0000,90.0000,66.20,0.00,0.00,85.02,0.00,0.00
12.8780,130.0000,130.0000,90.0000,90.0000,66.20,0.00,0.00,85.02,0.00,0.00
12.8800,130.0000,130.0000,90.0000,90.0000,66.20,0.00,0.00,85.02,0.00,0.00
12.8820,130.0000,130.0000,90.0000,90.0000,66.20,0.00,0.00,85.02,0.00,0.00
12.8840,130.0000,130.0000,90.0000,90.0000,66.20,0.00,0.00,85.02,0.00,0.00
12.8860,130.0000,130.0000,90.0000,90.0000,66.20,0.00,0.00,85.02,0.00,0.00
12.8880,130.0000,130.0000,90.0000,90.0000,66.20,0.00,0.00,85.02,0.00,0.00
12.8900,130.0000,130.0000,90.0000,90.0000,66.20,0.00,0.00,85.02,0.00,0.00
12.8920,130.0000,130.0000,90.0000,90.0000,66.20,0.00,0.00,85.02,0.00,0.00
12.8940,130.0000,130.0000,90.0000,90.0000,66.20,0.00,0.00,85.02,0.00,0.00
12.8960,130.0000,130.0000,90.0000,90.0000,66.20,0.00,0.00,85.02,0.00,0.00
12.8980,130.0000,130.0000,90.0000,90.0000,66.20,0.00,0.00,85.02,0.00,0.00
12.9000,130.0000,130.0000,90.0000,90.0000,66.20,0.00,0.00,85.02,0.00,0.00
12.9020,130.0000,130.0000,90.0000,90.0000,66.20,0.00,0.00,85.02,0.00,0.00
12.9040,130.0000,130.0000,90.0000,90.0000,66.20,0.00,0.00,85.02,0.00,0.00
12.9060,130.0000,130.0000,90.0000,90.0000,66.20,0.00,0.00,85.02,0.00,0.00
12.9080,130.0000,130.0000,90.0000,90.0000,66.20,0.00,0.00,85.02,0.00,0.00
12.9100,130.0000,130.0000,90.0000,90.0000,66.20,0.00,0.00,85.02,0.00,0.00
12.9120,130.0000,130.0000,90.0000,90.0000,66.20,0.00,0.00,85.02,0.00,0.00
12.9140,130.0000,130.0000,90.0000,90.0000,66.20,0.00,0.00,85.02,0.00,0.00
12.9160,130.0000,130.0000,90.0000,90.0000,66.20,0.00,0.00,85.02,0.00,0.00
12.9180,130.0000,130.0000,90.0000,90.0000,66.20,0.00,0.00,85.02,0.00,0.00
12.9200,130.0000,130.0000,90.0000,90.0000,66.20,0.00,0.00,85.02,0.00,0.00
12.9220,130.0000,130.0000,90.0000,90.0000,66.20,0.00,0.00,85.03,0.00,0.00
12.9240,130.0000,130.0000,90.0000,90.0000,66.20,0.00,0.00,0.00,0.00,84.71
12.9260,130.0000,130.0000,90.0000,90.0000,66.20,0.00,0.00,0.00,0.00,84.71
12.9280,130.0000,130.0000,90.0000,90.0000,66.20,0.00,0.00,0.00,0.00,84.71
12.9300,130.0000,130.0000,90.0000,90.0000,66.20,0.00,0.00,0.00,0.00,84.71
12.9320,130.0000,130.0000,90.0000,90.0000,66.20,0.00,0.00,0.00,0.00,84.71
12.9340,130.0000,130.0000,90.0000,90.0000,66.20,0.00,0.00,0.00,0.00,84.71
12.9360,130.0000,130.0000,90.0000,90.0000,66.20,0.00,0.00,0.00,0.00,84.71
12.9380,130.0000,130.0000,90.0000,90.0000,66.20,0.00,0.00,0.00,0.00,84.71
12.9400,130.0000,130.0000,90.0000,90.0000,66.20,0.00,0.00,0.00,0.00,84.71
12.9420,130.0000,130.0000,90.0000,90.0000,66.20,0.00,0.00,0.00,0.00,84.71
12.9440,130.0000,130.0000,90.0000,90.0000,66.20,0.00,0.00,0.00,0.00,84.71
12.9460,130.0000,130.0000,90.0000,90.0000,66.20,0.00,0.00,0.00,0.00,84.71
12.9480,130.0000,130.0000,90.0000,90.0000,66.20,0.00,0.00,0.00,0.00,84.71
12.9500,130.0000,130.0000,90.0000,90.0000,66.20,0.00,0.00,0.00,0.00,84.71
12.9520,130.0000,130.0000,90.0000,90.0000,66.20,0.00,0.00,0.00,0.00,84.71
12.9540,130.0000,130.0000,90.0000,90.0000,66.20,0.00,0.00,0.00,0.00,84.71
12.9560,130.0000,130.0000,90.0000,90.0000,66.20,0.00,0.00,0.00,0.00,84.71
12.9580,130.0000,130.0000,90.0000,90.0000,66.20,0.00,0.00,0.00,0.00,84.71
12.9600,130.0000,130.0000,90.0000,90.0000,66.20,0.00,0.00,0.00,0.00,84.71
12.9620,130.0000,130.0000,90.0000,90.0000,66.20,0.00,0.00,0.00,0.00,84.71
12.9640,130.0000,130.0000,90.0000,90.0000,66.20,0.00,0.00,0.00,0.00,84.71
12.9660,130.0000,130.0000,90.0000,90.0000,66.20,0.00,0.00,0.00,0.00,84.71
12.9680,130.0000,130.0000,90.0000,90.0000,0.00,0.00,72.14,0.00,0.00,84.71
12.9700,130.0000,130.0000,90.0000,90.0000,0.00,0.00,72.14,0.00,0.00,84.71
12.9720,130.0000,130.0000,90.0000,90.0000,0.00,0.00,72.14,0.00,0.00,84.71
12.9740,130.0000,130.0000,90.0000,90.0000,0.00,0.00,72.14,0.00,0.00,84.71
12.9760,130.0000,130.0000,90.0000,90.0000,0.00,0.00,72.14,0.00,0.00,84.71
12.9780,130.0000,130.0000,90.0000,90.0000,0.00,0.00,72.14,0.00,0.00,84.71
12.9800,130.0000,130.0000,90.0000,90.0000,0.00,0.00,72.14,0.00,0.00,84.71
12.9820,130.0000,130.0000,90.0000,90.0000,0.00,0.00,72.14,0.00,0.00,84.71
12.9840,130.0000,130.0000,90.0000,90.0000,0.00,0.00,72.14,0.00,0.00,84.71
12.9860,130.0000,130.0000,90.0000,90.0000,0.00,0.00,72.14,0.00,0.00,84.71
12.9880,130.0000,130.0000,90.0000,90.0000,0.00,0.00,72.14,0.00,0.00,84.71
12.9900,130.0000,130.0000,90.0000,90.0000,0.00,0.00,72.14,0.00,0.00,84.71
12.9920,130.0000,130.0000,90.0000,90.0000,66.20,0.00,0.00,0.00,0.00,84.71
12.9940,130.0000,130.0000,90.0000,90.0000,66.20,0.00,0.00,0.00,0.00,84.71
12.9960,130.0000,130.0000,90.0000,90.0000,66.20,0.00,0.00,0.00,0.00,84.71
12.9980,130.0000,130.0000,90.0000,90.0000,66.20,0.00,0.00,0.00,0.00,84.71
13.0000,130.0000,130.0000,90.0000,90.0000,66.20,0.00,0.00,0.00,0.00,84.71
13.0020,130.0000,130.0000,90.0000,90.0000,66.20,0.00,0.00,0.00,0.00,84.71
13.0040,130.0000,130.0000,90.0000,90.0000,66.20,0.00,0.00,0.00,0.00,84.71
13.0060,130.0000,130.0000,90.0000,90.0000,66.20,0.00,0.00,0.00,0.00,84.71
13.0080,130.0000,130.0000,90.0000,90.0000,66.20,0.00,0.00,0.00,0.00,84.71
13.0100,130.0000,130.0000,90.0000,90.0000,66.20,0.00,0.00,0.00,0.00,84.71
13.0120,130.0000,130.0000,90.0000,90.0000,66.20,0.00,0.00,0.00,0.00,84.71
13.0140,130.0000,130.0000,90.0000,90.0000,66.20,0.00,0.00,0.00,0.00,84.71
13.0160,130.0000,130.0000,90.0000,90.0000,66.20,0.00,0.00,0.00,0.00,84.71
13.0180,130.0000,130.0000,90.0000,90.0000,66.20,0.00,0.00,0.00,0.00,84.71
13.0200,130.0000,130.0000,90.0000,90.0000,66.20,0.00,0.00,0.00,0.00,84.71
13.0220,130.0000,130.0000,90.0000,90.0000,66.20,0.00,0.00,0.00,0.00,84.71
13.0240,130.0000,130.0000,90.0000,90.0000,66.20,0.00,0.00,85.02,0.00,0.00
13.0260,130.0000,130.0000,90.0000,90.0000,66.20,0.00,0.00,85.02,0.00,0.00
13.0280,130.0000,130.0000,90.0000,90.0000,66.20,0.00,0.00,85.02,0.00,0.00
13.0300,130.0000,130.0000,90.0000,90.0000,66.20,0.00,0.00,85.02,0.00,0.00
13.0320,130.0000,130.0000,90.0000,90.0000,66.20,0.00,0.00,85.02,0.00,0.00
13.0340,130.0000,130.0000,90.0000,90.0000,66.20,0.00,0.00,85.02,0.00,0.00
13.0360,130.0000,130.0000,90.0000,90.0000,66.20,0.00,0.00,85.02,0.00,0.00
13.0380,130.0000,130.0000,90.0000,90.0000,66.20,0.00,0.00,85.02,0.00,0.00
13.0400,130.0000,130.0000,90.0000,90.0000,66.20,0.00,0.00,85.02,0.00,0.00
13.0420,130.0000,130.0000,90.0000,90.0000,66.20,0.00,0.00,85.02,0.00,0.00
13.0440,130.0000,130.0000,90.0000,90.0000,66.20,0.00,0.00,85.02,0.00,0.00
13.0460,130.0000,130.0000,90.0000,90.0000,66.20,0.00,0.00,85.02,0.00,0.00
13.0480,130.0000,130.0000,90.0000,90.0000,66.20,0.00,0.00,85.02,0.00,0.00
13.0500,130.0000,130.0000,90.0000,90.0000,66.20,0.00,0.00,85.02,0.00,0.00
13.0520,130.0000,130.0000,90.0000,90.0000,66.20,0.00,0.00,85.02,0.00,0.00
13.0540,130.0000,130.0000,90.0000,90.0000,66.20,0.00,0.00,85.02,0.00,0.00
13.0560,130.0000,130.0000,90.0000,90.0000,66.20,0.00,0.00,85.02,0.00,0.00
13.0580,130.0000,130.0000,90.0000,90.0000,66.20,0.00,0.00,85.02,0.00,0.00
13.0600,130.0000,130.0000,90.0000,90.0000,66.20,0.00,0.00,85.02,0.00,0.00
13.0620,130.0000,130.0000,90.0000,90.0000,66.20,0.00,0.00,85.02,0.00,0.00
13.0640,130.0000,130.0000,90.0000,90.0000,66.20,0.00,0.00,85.02,0.00,0.00
13.0660,130.0000,130.0000,90.0000,90.0000,66.20,0.00,0.00,85.02,0.00,0.00
13.0680,130.0000,130.0000,90.0000,90.0000,66.20,0.00,0.00,85.02,0.00,0.00
13.0700,130.0000,130.0000,90.0000,90.0000,66.20,0.00,0.00,85.02,0.00,0.00
13.0720,130.0000,130.0000,90.0000,90.0000,66.20,0.00,0.00,85.02,0.00,0.00
13.0740,130.0000,130.0000,90.0000,90.0000,66.20,0.00,0.00,85.02,0.00,0.00
13.0760,130.0000,130.0000,90.0000,90.0000,66.20,0.00,0.00,85.02,0.00,0.00
13.0780,130.0000,130.0000,90.0000,90.0000,66.20,0.00,0.00,85.02,0.00,0.00
13.0800,130.0000,130.0000,90.0000,90.0000,66.20,0.00,0.00,85.02,0.00,0.00
13.0820,130.0000,130.0000,90.0000,90.0000,66.20,0.00,0.00,85.02,0.00,0.00
13.0840,130.0000,130.0000,90.0000,90.0000,66.20,0.00,0.00,85.02,0.00,0.00
13.0860,130.0000,130.0000,90.0000,90.0000,0.00,0.00,72.14,85.02,0.00,0.00
13.0880,130.0000,130.0000,90.0000,90.0000,0.00,0.00,72.14,85.02,0.00,0.00
13.0900,130.0000,130.0000,90.0000,90.0000,0.00,0.00,72.14,85.02,0.00,0.00
13.0920,130.0000,130.0000,90.0000,90.0000,0.00,0.00,72.14,85.02,0.00,0.00
13.0940,130.0000,130.0000,90.0000,90.0000,0.00,0.00,72.14,85.02,0.00,0.00
13.0960,130.0000,130.0000,90.0000,90.0000,0.00,0.00,72.14,85.02,0.00,0.00
13.0980,130.0000,130.0000,90.0000,90.0000,0.00,0.00,72.14,85.02,0.00,0.00
13.1000,130.0000,130.0000,90.0000,90.0000,0.00,0.00,72.14,85.02,0.00,0.00
13.1020,130.0000,130.0000,90.0000,90.0000,0.00,0.00,72.14,85.02,0.00,0.00
13.1040,130.0000,130.0000,90.0000,90.0000,0.00,0.00,72.14,85.02,0.00,0.00
13.1060,130.0000,130.0000,90.0000,90.0000,0.00,0.00,72.14,85.02,0.00,0.00
13.1080,130.0000,130.0000,90.0000,90.0000,0.00,0.00,72.14,85.02,0.00,0.00
13.1100,130.0000,130.0000,90.0000,90.0000,66.20,0.00,0.00,85.02,0.00,0.00
13.1120,130.0000,130.0000,90.0000,90.0000,66.20,0.00,0.00,85.02,0.00,0.00
13.1140,130.0000,130.0000,90.0000,90.0000,66.20,0.00,0.00,85.02,0.00,0.00
13.1160,130.0000,130.0000,90.0000,90.0000,66.20,0.00,0.00,85.02,0.00,0.00
13.1180,130.0000,130.0000,90.0000,90.0000,66.20,0.00,0.00,85.02,0.00,0.00
13.1200,130.0000,130.0000,90.0000,90.0000,66.20,0.00,0.00,85.02,0.00,0.00
13.1220,130.0000,130.0000,90.0000,90.0000,66.20,0.00,0.00,85.02,0.00,0.00
13.1240,130.0000,130.0000,90.0000,90.0000,66.20,0.00,0.00,85.02,0.00,0.00
13.1260,130.0000,130.0000,90.0000,90.0000,66.20,0.00,0.00,85.02,0.00,0.00
13.1280,130.0000,130.0000,90.0000,90.0000,66.20,0.00,0.00,85.02,0.00,0.00
13.1300,130.0000,130.0000,90.0000,90.0000,66.20,0.00,0.00,85.02,0.00,0.00
13.1320,130.0000,130.0000,90.0000,90.0000,66.20,0.00,0.00,85.02,0.00,0.00
13.1340,130.0000,130.0000,90.0000,90.0000,66.20,0.00,0.00,85.02,0.00,0.00
13.1360,130.0000,130.0000,90.0000,90.0000,66.20,0.00,0.00,85.02,0.00,0.00
13.1380,130.0000,130.0000,90.0000,90.0000,66.20,0.00,0.00,85.02,0.00,0.00
13.1400,130.0000,130.0000,90.0000,90.0000,66.20,0.00,0.00,85.02,0.00,0.00
13.1420,130.0000,130.0000,90.0000,90.0000,66.20,0.00,0.00,85.02,0.00,0.00
13.1440,130.0000,130.0000,90.0000,90.0000,66.20,0.00,0.00,85.02,0.00,0.00
13.1460,130.0000,130.0000,90.0000,90.0000,66.20,0.00,0.00,85.02,0.00,0.00
13.1480,130.0000,130.0000,90.0000,90.0000,66.20,0.00,0.00,85.02,0.00,0.00
13.1500,130.0000,130.0000,90.0000,90.0000,66.20,0.00,0.00,85.02,0.00,0.00
13.1520,130.0000,130.0000,90.0000,90.0000,66.20,0.00,0.00,85.02,0.00,0.00
13.1540,130.0000,130.0000,90.0000,90.0000,66.20,0.00,0.00,85.02,0.00,0.00
13.1560,130.0000,130.0000,90.0000,90.0000,66.20,0.00,0.00,85.02,0.00,0.00
13.1580,130.0000,130.0000,90.0000,90.0000,66.20,0.00,0.00,85.02,0.00,0.00
13.1600,130.0000,130.0000,90.0000,90.0000,66.20,0.00,0.00,85.02,0.00,0.00
13.1620,130.0000,130.0000,90.0000,90.0000,66.20,0.00,0.00,85.02,0.00,0.00
13.1640,130.0000,130.0000,90.0000,90.0000,66.20,0.00,0.00,85.02,0.00,0.00
13.1660,130.0000,130.0000,90.0000,90.0000,66.20,0.00,0.00,85.03,0.00,0.00
13.1680,130.0000,130.0000,90.0000,90.0000,66.20,0.00,0.00,0.00,0.00,84.71
13.1700,130.0000,130.0000,90.0000,90.0000,66.20,0.00,0.00,0.00,0.00,84.71
13.1720,130.0000,130.0000,90.0000,90.0000,66.20,0.00,0.00,0.00,0.00,84.71
13.1740,130.0000,130.0000,90.0000,90.0000,66.20,0.00,0.00,0.00,0.00,84.71
13.1760,130.0000,130.0000,90.0000,90.0000,66.20,0.00,0.00,0.00,0.00,84.71
13.1780,130.0000,130.0000,90.0000,90.0000,66.20,0.00,0.00,0.00,0.00,84.71
13.1800,130.0000,130.0000,90.0000,90.0000,66.20,0.00,0.00,0.00,0.00,84.71
13.1820,130.0000,130.0000,90.0000,90.0000,66.20,0.00,0.00,0.00,0.00,84.71
13.1840,130.0000,130.0000,90.0000,90.0000,66.20,0.00,0.00,0.00,0.00,84.71
13.1860,130.0000,130.0000,90.0000,90.0000,66.20,0.00,0.00,0.00,0.00,84.71
13.1880,130.0000,130.0000,90.0000,90.0000,66.20,0.00,0.00,0.00,0.00,84.71
13.1900,130.0000,130.0000,90.0000,90.0000,66.20,0.00,0.00,0.00,0.00,84.71
13.1920,130.0000,130.0000,90.0000,90.0000,66.20,0.00,0.00,0.00,0.00,84.71
13.1940,130.0000,130.0000,90.0000,90.0000,66.20,0.00,0.00,0.00,0.00,84.71
13.1960,130.0000,130.0000,90.0000,90.0000,66.20,0.00,0.00,0.00,0.00,84.71
13.1980,130.0000,130.0000,90.0000,90.0000,66.20,0.00,0.00,0.00,0.00,84.71
13.2000,130.0000,130.0000,90.0000,90.0000,66.20,0.00,0.00,0.00,0.00,84.71
13.2020,130.0000,130.0000,90.0000,90.0000,66.20,0.00,0.00,0.00,0.00,84.71
13.2040,130.0000,130.0000,90.0000,90.0000,0.00,0.00,72.14,0.00,0.00,84.71
13.2060,130.0000,130.0000,90.0000,90.0000,0.00,0.00,72.14,0.00,0.00,84.71
13.2080,130.0000,130.0000,90.0000,90.0000,0.00,0.00,72.14,0.00,0.00,84.71
13.2100,130.0000,130.0000,90.0000,90.0000,0.00,0.00,72.14,0.00,0.00,84.71
13.2120,130.0000,130.0000,90.0000,90.0000,0.00,0.00,72.14,0.00,0.00,84.71
13.2140,130.0000,130.0000,90.0000,90.0000,0.00,0.00,72.14,0.00,0.00,84.71
13.2160,130.0000,130.0000,90.0000,90.0000,0.00,0.00,72.14,0.00,0.00,84.71
13.2180,130.0000,130.0000,90.0000,90.0000,0.00,0.00,72.14,0.00,0.00,84.71
13.2200,130.0000,130.0000,90.0000,90.0000,0.00,0.00,72.14,0.00,0.00,84.71
13.2220,130.0000,130.0000,90.0000,90.0000,0.00,0.00,72.14,0.00,0.00,84.71
13.2240,130.0000,130.0000,90.0000,90.0000,0.00,0.00,72.14,0.00,0.00,84.71
13.2260,130.0000,130.0000,90.0000,90.0000,0.00,0.00,72.14,0.00,0.00,84.71
13.2280,130.0000,130.0000,90.0000,90.0000,66.20,0.00,0.00,0.00,0.00,84.71
13.2300,130.0000,130.0000,90.0000,90.0000,66.20,0.00,0.00,0.00,0.00,84.71
13.2320,130.0000,130.0000,90.0000,90.0000,66.20,0.00,0.00,0.00,0.00,84.71
13.2340,130.0000,130.0000,90.0000,90.0000,66.20,0.00,0.00,0.00,0.00,84.71
13.2360,130.0000,130.0000,90.0000,90.0000,66.20,0.00,0.00,0.00,0.00,84.71
13.2380,130.0000,130.0000,90.0000,90.0000,66.20,0.00,0.00,0.00,0.00,84.71
13.2400,130.0000,130.0000,90.0000,90.0000,66.20,0.00,0.00,0.00,0.00,84.71
13.2420,130.0000,130.0000,90.0000,90.0000,66.20,0.00,0.00,0.00,0.00,84.71
13.2440,130.0000,130.0000,90.0000,90.0000,66.20,0.00,0.00,0.00,0.00,84.71
13.2460,130.0000,130.0000,90.0000,90.0000,66.20,0.00,0.00,0.00,0.00,84.71
13.2480,130.0000,130.0000,90.0000,90.0000,66.20,0.00,0.00,0.00,0.00,84.71
13.2500,130.0000,130.0000,90.0000,90.0000,66.20,0.00,0.00,0.00,0.00,84.71
13.2520,130.0000,130.0000,90.0000,90.0000,66.20,0.00,0.00,0.00,0.00,84.71
13.2540,130.0000,130.0000,90.0000,90.0000,66.20,0.00,0.00,0.00,0.00,84.71
13.2560,130.0000,130.0000,90.0000,90.0000,66.20,0.00,0.00,0.00,0.00,84.71
13.2580,130.0000,130.0000,90.0000,90.0000,66.20,0.00,0.00,0.00,0.00,84.71
13.2600,130.0000,130.0000,90.0000,90.0000,66.20,0.00,0.00,0.00,0.00,84.71
13.2620,130.0000,130.0000,90.0000,90.0000,66.20,0.00,0.00,0.00,0.00,84.71
13.2640,130.0000,130.0000,90.0000,90.0000,66.20,0.00,0.00,0.00,0.00,84.71
13.2660,130.0000,130.0000,90.0000,90.0000,66.20,0.00,0.00,0.00,0.00,84.71
13.2680,130.0000,130.0000,90.0000,90.0000,66.20,0.00,0.00,85.02,0.00,0.00
13.2700,130.0000,130.0000,90.0000,90.0000,66.20,0.00,0.00,85.02,0.00,0.00
13.2720,130.0000,130.0000,90.0000,90.0000,66.20,0.00,0.00,85.02,0.00,0.00
13.2740,130.0000,130.0000,90.0000,90.0000,66.20,0.00,0.00,85.02,0.00,0.00
13.2760,130.0000,130.0000,90.0000,90.0000,66.20,0.00,0.00,85.02,0.00,0.00
13.2780,130.0000,130.0000,90.0000,90.0000,66.20,0.00,0.00,85.02,0.00,0.00
13.2800,130.0000,130.0000,90.0000,90.0000,66.20,0.00,0.00,85.02,0.00,0.00
13.2820,130.0000,130.0000,90.0000,90.0000,66.20,0.00,0.00,85.02,0.00,0.00
13.2840,130.0000,130.0000,90.0000,90.0000,66.20,0.00,0.00,85.02,0.00,0.00
13.2860,130.0000,130.0000,90.0000,90.0000,66.20,0.00,0.00,85.02,0.00,0.00
13.2880,130.0000,130.0000,90.0000,90.0000,66.20,0.00,0.00,85.02,0.00,0.00
13.2900,130.0000,130.0000,90.0000,90.0000,66.20,0.00,0.00,85.02,0.00,0.00
13.2920,130.0000,130.0000,90.0000,90.0000,66.20,0.00,0.00,85.02,0.00,0.00
13.2940,130.0000,130.0000,90.0000,90.0000,66.20,0.00,0.00,85.02,0.00,0.00
13.2960,130.0000,130.0000,90.0000,90.0000,66.20,0.00,0.00,85.02,0.00,0.00
13.2980,130.0000,130.0000,90.0000,90.0000,66.20,0.00,0.00,85.02,0.00,0.00
13.3000,130.0000,130.0000,90.0000,90.0000,66.20,0.00,0.00,85.02,0.00,0.00
13.3020,130.0000,130.0000,90.0000,90.0000,66.20,0.00,0.00,85.02,0.00,0.00
13.3040,130.0000,130.0000,90.0000,90.0000,66.20,0.00,0.00,85.02,0.00,0.00
13.3060,130.0000,130.0000,90.0000,90.0000,66.20,0.00,0.00,85.02,0.00,0.00
13.3080,130.0000,130.0000,90.0000,90.0000,66.20,0.00,0.00,85.02,0.00,0.00
13.3100,130.0000,130.0000,90.0000,90.0000,66.20,0.00,0.00,85.02,0.00,0.00
13.3120,130.0000,130.0000,90.0000,90.0000,66.20,0.00,0.00,85.02,0.00,0.00
13.3140,130.0000,130.0000,90.0000,90.0000,66.20,0.00,0.00,85.02,0.00,0.00
13.3160,130.0000,130.0000,90.0000,90.0000,66.20,0.00,0.00,85.02,0.00,0.00
13.3180,130.0000,130.0000,90.0000,90.0000,66.20,0.00,0.00,85.02,0.00,0.00
13.3200,130.0000,130.0000,90.0000,90.0000,66.20,0.00,0.00,85.02,0.00,0.00
13.3220,130.0000,130.0000,90.0000,90.0000,0.00,0.00,72.14,85.02,0.00,0.00
13.3240,130.0000,130.0000,90.0000,90.0000,0.00,0.00,72.14,85.02,0.00,0.00
13.3260,130.0000,130.0000,90.0000,90.0000,0.00,0.00,72.14,85.02,0.00,0.00
13.3280,130.0000,130.0000,90.0000,90.0000,0.00,0.00,72.14,85.02,0.00,0.00
13.3300,130.0000,130.0000,90.0000,90.0000,0.00,0.00,72.14,85.02,0.00,0.00
13.3320,130.0000,130.0000,90.0000,90.0000,0.00,0.00,72.14,85.02,0.00,0.00
13.3340,130.0000,130.0000,90.0000,90.0000,0.00,0.00,72.14,85.02,0.00,0.00
13.3360,130.0000,130.0000,90.0000,90.0000,0.00,0.00,72.14,85.02,0.00,0.00
13.3380,130.0000,130.0000,90.0000,90.0000,0.00,0.00,72.14,85.02,0.00,0.00
13.3400,130.0000,130.0000,90.0000,90.0000,0.00,0.00,72.14,85.02,0.00,0.00
13.3420,130.0000,130.0000,90.0000,90.0000,0.00,0.00,72.14,85.02,0.00,0.00
13.3440,130.0000,130.0000,90.0000,90.0000,0.00,0.00,72.14,85.02,0.00,0.00
13.3460,130.0000,130.0000,90.0000,90.0000,66.20,0.00,0.00,85.02,0.00,0.00
13.3480,130.0000,130.0000,90.0000,90.0000,66.20,0.00,0.00,85.02,0.00,0.00
13.3500,130.0000,130.0000,90.0000,90.0000,66.20,0.00,0.00,85.02,0.00,0.00
13.3520,130.0000,130.0000,90.0000,90.0000,66.20,0.00,0.00,85.02,0.00,0.00
13.3540,130.0000,130.0000,90.0000,90.0000,66.20,0.00,0.00,85.02,0.00,0.00
13.3560,130.0000,130.0000,90.0000,90.0000,66.20,0.00,0.00,85.02,0.00,0.00
13.3580,130.0000,130.0000,90.0000,90.0000,66.20,0.00,0.00,85.02,0.00,0.00
13.3600,130.0000,130.0000,90.0000,90.0000,66.20,0.00,0.00,85.02,0.00,0.00
13.3620,130.0000,130.0000,90.0000,90.0000,66.20,0.00,0.00,85.02,0.00,0.00
13.3640,130.0000,130.0000,90.0000,90.0000,66.20,0.00,0.00,85.02,0.00,0.00
13.3660,130.0000,130.0000,90.0000,90.0000,66.20,0.00,0.00,85.02,0.00,0.00
13.3680,130.0000,130.0000,90.0000,90.0000,66.20,0.00,0.00,85.02,0.00,0.00
13.3700,130.0000,130.0000,90.0000,90.0000,66.20,0.00,0.00,85.02,0.00,0.00
13.3720,130.0000,130.0000,90.0000,90.0000,66.20,0.00,0.00,85.02,0.00,0.00
13.3740,130.0000,130.0000,90.0000,90.0000,66.20,0.00,0.00,85.02,0.00,0.00
13.3760,130.0000,130.0000,90.0000,90.0000,66.20,0.00,0.00,85.02,0.00,0.00
13.3780,130.0000,130.0000,90.0000,90.0000,66.20,0.00,0.00,85.02,0.00,0.00
13.3800,130.0000,130.0000,90.0000,90.0000,66.20,0.00,0.00,85.02,0.00,0.00
13.3820,130.0000,130.0000,90.0000,90.0000,66.20,0.00,0.00,85.02,0.00,0.00
13.3840,130.0000,130.0000,90.0000,90.0000,66.20,0.00,0.00,85.02,0.00,0.00
13.3860,130.0000,130.0000,90.0000,90.0000,66.20,0.00,0.00,85.02,0.00,0.00
13.3880,130.0000,130.0000,90.0000,90.0000,66.20,0.00,0.00,85.02,0.00,0.00
13.3900,130.0000,130.0000,90.0000,90.0000,66.20,0.00,0.00,85.02,0.00,0.00
13.3920,130.0000,130.0000,90.0000,90.0000,66.20,0.00,0.00,85.02,0.00,0.00
13.3940,130.0000,130.0000,90.0000,90.0000,66.20,0.00,0.00,85.02,0.00,0.00
13.3960,130.0000,130.0000,90.0000,90.0000,66.20,0.00,0.00,85.02,0.00,0.00
13.3980,130.0000,130.0000,90.0000,90.0000,66.20,0.00,0.00,85.02,0.00,0.00
13.4000,130.0000,130.0000,90.0000,90.0000,66.20,0.00,0.00,85.02,0.00,0.00
13.4020,130.0000,130.0000,90.0000,90.0000,66.20,0.00,0.00,85.02,0.00,0.00
13.4040,130.0000,130.0000,90.0000,90.0000,66.20,0.00,0.00,85.02,0.00,0.00
13.4060,130.0000,130.0000,90.0000,90.0000,66.20,0.00,0.00,85.02,0.00,0.00
13.4080,130.0000,130.0000,90.0000,90.0000,66.20,0.00,0.00,85.02,0.00,0.00
13.4100,130.0000,130.0000,90.0000,90.0000,66.20,0.00,0.00,85.03,0.00,0.00
13.4120,130.0000,130.0000,90.0000,90.0000,66.20,0.00,0.00,0.00,0.00,84.71
13.4140,130.0000,130.0000,90.0000,90.0000,66.20,0.00,0.00,0.00,0.00,84.71
13.4160,130.0000,130.0000,90.0000,90.0000,66.20,0.00,0.00,0.00,0.00,84.71
13.4180,130.0000,130.0000,90.0000,90.0000,66.20,0.00,0.00,0.00,0.00,84.71
13.4200,130.0000,130.0000,90.0000,90.0000,66.20,0.00,0.00,0.00,0.00,84.71
13.4220,130.0000,130.0000,90.0000,90.0000,66.20,0.00,0.00,0.00,0.00,84.71
13.4240,130.0000,130.0000,90.0000,90.0000,66.20,0.00,0.00,0.00,0.00,84.71
13.4260,130.0000,130.0000,90.0000,90.0000,66.20,0.00,0.00,0.00,0.00,84.71
13.4280,130.0000,130.0000,90.0000,90.0000,66.20,0.00,0.00,0.00,0.00,84.71
13.4300,130.0000,130.0000,90.0000,90.0000,66.20,0.00,0.00,0.00,0.00,84.71
13.4320,130.0000,130.0000,90.0000,90.0000,66.20,0.00,0.00,0.00,0.00,84.71
13.4340,130.0000,130.0000,90.0000,90.0000,66.20,0.00,0.00,0.00,0.00,84.71
13.4360,130.0000,130.0000,90.0000,90.0000,66.20,0.00,0.00,0.00,0.00,84.71
13.4380,130.0000,130.0000,90.0000,90.0000,66.20,0.00,0.00,0.00,0.00,84.71
13.4400,130.0000,130.0000,90.0000,90.0000,0.00,0.00,72.14,0.00,0.00,84.71
13.4420,130.0000,130.0000,90.0000,90.0000,0.00,0.00,72.14,0.00,0.00,84.71
13.4440,130.0000,130.0000,90.0000,90.0000,0.00,0.00,72.14,0.00,0.00,84.71
13.4460,130.0000,130.0000,90.0000,90.0000,0.00,0.00,72.14,0.00,0.00,84.71
13.4480,130.0000,130.0000,90.0000,90.0000,0.00,0.00,72.14,0.00,0.00,84.71
13.4500,130.0000,130.0000,90.0000,90.0000,0.00,0.00,72.14,0.00,0.00,84.71
13.4520,130.0000,130.0000,90.0000,90.0000,0.00,0.00,72.14,0.00,0.00,84.71
13.4540,130.0000,130.0000,90.0000,90.0000,0.00,0.00,72.14,0.00,0.00,84.71
13.4560,130.0000,130.0000,90.0000,90.0000,0.00,0.00,72.14,0.00,0.00,84.71
13.4580,130.0000,130.0000,90.0000,90.0000,0.00,0.00,72.14,0.00,0.00,84.71
13.4600,130.0000,130.0000,90.0000,90.0000,0.00,0.00,72.14,0.00,0.00,84.71
13.4620,130.0000,130.0000,90.0000,90.0000,0.00,0.00,72.14,0.00,0.00,84.71
13.4640,130.0000,130.0000,90.0000,90.0000,66.20,0.00,0.00,0.00,0.00,84.71
13.4660,130.0000,130.0000,90.0000,90.0000,66.20,0.00,0.00,0.00,0.00,84.71
13.4680,130.0000,130.0000,90.0000,90.0000,66.20,0.00,0.00,0.00,0.00,84.71
13.4700,130.0000,130.0000,90.0000,90.0000,66.20,0.00,0.00,0.00,0.00,84.71
13.4720,130.0000,130.0000,90.0000,90.0000,66.20,0.00,0.00,0.00,0.00,84.71
13.4740,130.0000,130.0000,90.0000,90.0000,66.20,0.00,0.00,0.00,0.00,84.71
13.4760,130.0000,130.0000,90.0000,90.0000,66.20,0.00,0.00,0.00,0.00,84.71
13.4780,130.0000,130.0000,90.0000,90.0000,66.20,0.00,0.00,0.00,0.00,84.71
13.4800,130.0000,130.0000,90.0000,90.0000,66.20,0.00,0.00,0.00,0.00,84.71
13.4820,130.0000,130.0000,90.0000,90.0000,66.20,0.00,0.00,0.00,0.00,84.71
13.4840,130.0000,130.0000,90.0000,90.0000,66.20,0.00,0.00,0.00,0.00,84.71
13.4860,130.0000,130.0000,90.0000,90.0000,66.20,0.00,0.00,0.00,0.00,84.71
13.4880,130.0000,130.0000,90.0000,90.0000,66.20,0.00,0.00,0.00,0.00,84.71
13.4900,130.0000,130.0000,90.0000,90.0000,66.20,0.00,0.00,0.00,0.00,84.71
13.4920,130.0000,130.0000,90.0000,90.0000,66.20,0.00,0.00,0.00,0.00,84.71
13.4940,130.0000,130.0000,90.0000,90.0000,66.20,0.00,0.00,0.00,0.00,84.71
13.4960,130.0000,130.0000,90.0000,90.0000,66.20,0.00,0.00,0.00,0.00,84.71
13.4980,130.0000,130.0000,90.0000,90.0000,66.20,0.00,0.00,0.00,0.00,84.71
13.5000,130.0000,130.0000,90.0000,90.0000,66.20,0.00,0.00,0.00,0.00,84.71
13.5020,130.0000,130.0000,90.0000,90.0000,66.20,0.00,0.00,0.00,0.00,84.71
13.5040,130.0000,130.0000,90.0000,90.0000,66.20,0.00,0.00,0.00,0.00,84.71
13.5060,130.0000,130.0000,90.0000,90.0000,66.20,0.00,0.00,0.00,0.00,84.71
13.5080,130.0000,130.0000,90.0000,90.0000,66.20,0.00,0.00,0.00,0.00,84.71
13.5100,130.0000,130.0000,90.0000,90.0000,66.20,0.00,0.00,0.00,0.00,84.71
13.5120,130.0000,130.0000,90.0000,90.0000,66.20,0.00,0.00,85.02,0.00,0.00
13.5140,130.0000,130.0000,90.0000,90.0000,66.20,0.00,0.00,85.02,0.00,0.00
13.5160,130.0000,130.0000,90.0000,90.0000,66.20,0.00,0.00,85.02,0.00,0.00
13.5180,130.0000,130.0000,90.0000,90.0000,66.20,0.00,0.00,85.02,0.00,0.00
13.5200,130.0000,130.0000,90.0000,90.0000,66.20,0.00,0.00,85.02,0.00,0.00
13.5220,130.0000,130.0000,90.0000,90.0000,66.20,0.00,0.00,85.02,0.00,0.00
13.5240,130.0000,130.0000,90.0000,90.0000,66.20,0.00,0.00,85.02,0.00,0.00
13.5260,130.0000,130.0000,90.0000,90.0000,66.20,0.00,0.00,85.02,0.00,0.00
13.5280,130.0000,130.0000,90.0000,90.0000,66.20,0.00,0.00,85.02,0.00,0.00
13.5300,130.0000,130.0000,90.0000,90.0000,66.20,0.00,0.00,85.02,0.00,0.00
13.5320,130.0000,130.0000,90.0000,90.0000,66.20,0.00,0.00,85.02,0.00,0.00
13.5340,130.0000,130.0000,90.0000,90.0000,66.20,0.00,0.00,85.02,0.00,0.00
13.5360,130.0000,130.0000,90.0000,90.0000,66.20,0.00,0.00,85.02,0.00,0.00
13.5380,130.0000,130.0000,90.0000,90.0000,66.20,0.00,0.00,85.02,0.00,0.00
13.5400,130.0000,130.0000,90.0000,90.0000,66.20,0.00,0.00,85.02,0.00,0.00
13.5420,130.0000,130.0000,90.0000,90.0000,66.20,0.00,0.00,85.02,0.00,0.00
13.5440,130.0000,130.0000,90.0000,90.0000,66.20,0.00,0.00,85.02,0.00,0.00
13.5460,130.0000,130.0000,90.0000,90.0000,66.20,0.00,0.00,85.02,0.00,0.00
13.5480,130.0000,130.0000,90.0000,90.0000,66.20,0.00,0.00,85.02,0.00,0.00
13.5500,130.0000,130.0000,90.0000,90.0000,66.20,0.00,0.00,85.02,0.00,0.00
13.5520,130.0000,130.0000,90.0000,90.0000,66.20,0.00,0.00,85.02,0.00,0.00
13.5540,130.0000,130.0000,90.0000,90.0000,66.20,0.00,0.00,85.02,0.00,0.00
13.5560,130.0000,130.0000,90.0000,90.0000,66.20,0.00,0.00,85.02,0.00,0.00
13.5580,130.0000,130.0000,90.0000,90.0000,0.00,0.00,72.14,85.02,0.00,0.00
13.5600,130.0000,130.0000,90.0000,90.0000,0.00,0.00,72.14,85.02,0.00,0.00
13.5620,130.0000,130.0000,90.0000,90.0000,0.00,0.00,72.14,85.02,0.00,0.00
13.5640,130.0000,130.0000,90.0000,90.0000,0.00,0.00,72.14,85.02,0.00,0.00
13.5660,130.0000,130.0000,90.0000,90.0000,0.00,0.00,72.14,85.02,0.00,0.00
13.5680,130.0000,130.0000,90.0000,90.0000,0.00,0.00,72.14,85.02,0.00,0.00
13.5700,130.0000,130.0000,90.0000,90.0000,0.00,0.00,72.14,85.02,0.00,0.00
13.5720,130.0000,130.0000,90.0000,90.0000,0.00,0.00,72.14,85.02,0.00,0.00
13.5740,130.0000,130.0000,90.0000,90.0000,0.00,0.00,72.14,85.02,0.00,0.00
13.5760,130.0000,130.0000,90.0000,90.0000,0.00,0.00,72.14,85.02,0.00,0.00
13.5780,130.0000,130.0000,90.0000,90.0000,0.00,0.00,72.14,85.02,0.00,0.00
13.5800,130.0000,130.0000,90.0000,90.0000,0.00,0.00,72.14,85.02,0.00,0.00
13.5820,130.0000,130.0000,90.0000,90.0000,66.20,0.00,0.00,85.02,0.00,0.00
13.5840,130.0000,130.0000,90.0000,90.0000,66.20,0.00,0.00,85.02,0.00,0.00
13.5860,130.0000,130.0000,90.0000,90.0000,66.20,0.00,0.00,85.02,0.00,0.00
13.5880,130.0000,130.0000,90.0000,90.0000,66.20,0.00,0.00,85.02,0.00,0.00
13.5900,130.0000,130.0000,90.0000,90.0000,66.20,0.00,0.00,85.02,0.00,0.00
13.5920,130.0000,130.0000,90.0000,90.0000,66.20,0.00,0.00,85.02,0.00,0.00
13.5940,130.0000,130.0000,90.0000,90.0000,66.20,0.00,0.00,85.02,0.00,0.00
13.5960,130.0000,130.0000,90.0000,90.0000,66.20,0.00,0.00,85.02,0.00,0.00
13.5980,130.0000,130.0000,90.0000,90.0000,66.20,0.00,0.00,85.02,0.00,0.00
13.6000,130.0000,130.0000,90.0000,90.0000,66.20,0.00,0.00,85.02,0.00,0.00
13.6020,130.0000,130.0000,90.0000,90.0000,66.20,0.00,0.00,85.02,0.00,0.00
13.6040,130.0000,130.0000,90.0000,90.0000,66.20,0.00,0.00,85.02,0.00,0.00
13.6060,130.0000,130.0000,90.0000,90.0000,66.20,0.00,0.00,85.02,0.00,0.00
13.6080,130.0000,130.0000,90.0000,90.0000,66.20,0.00,0.00,85.02,0.00,0.00
13.6100,130.0000,130.0000,90.0000,90.0000,66.20,0.00,0.00,85.02,0.00,0.00
13.6120,130.0000,130.0000,90.0000,90.0000,66.20,0.00,0.00,85.02,0.00,0.00
13.6140,130.0000,130.0000,90.0000,90.0000,66.20,0.00,0.00,85.02,0.00,0.00
13.6160,130.0000,130.0000,90.0000,90.0000,66.20,0.00,0.00,85.02,0.00,0.00
13.6180,130.0000,130.0000,90.0000,90.0000,66.20,0.00,0.00,85.02,0.00,0.00
13.6200,130.0000,130.0000,90.0000,90.0000,66.20,0.00,0.00,85.02,0.00,0.00
13.6220,130.0000,130.0000,90.0000,90.0000,66.20,0.00,0.00,85.02,0.00,0.00
13.6240,130.0000,130.0000,90.0000,90.0000,66.20,0.00,0.00,85.02,0.00,0.00
13.6260,130.0000,130.0000,90.0000,90.0000,66.20,0.00,0.00,85.02,0.00,0.00
13.6280,130.0000,130.0000,90.0000,90.0000,66.20,0.00,0.00,85.02,0.00,0.00
13.6300,130.0000,130.0000,90.0000,90.0000,66.20,0.00,0.00,85.02,0.00,0.00
13.6320,130.0000,130.0000,90.0000,90.0000,66.20,0.00,0.00,85.02,0.00,0.00
13.6340,130.0000,130.0000,90.0000,90.0000,66.20,0.00,0.00,85.02,0.00,0.00
13.6360,130.0000,130.0000,90.0000,90.0000,66.20,0.00,0.00,85.02,0.00,0.00
13.6380,130.0000,130.0000,90.0000,90.0000,66.20,0.00,0.00,85.02,0.00,0.00
13.6400,130.0000,130.0000,90.0000,90.0000,66.20,0.00,0.00,85.02,0.00,0.00
13.6420,130.0000,130.0000,90.0000,90.0000,66.20,0.00,0.00,85.02,0.00,0.00
13.6440,130.0000,130.0000,90.0000,90.0000,66.20,0.00,0.00,85.02,0.00,0.00
13.6460,130.0000,130.0000,90.0000,90.0000,66.20,0.00,0.00,85.02,0.00,0.00
13.6480,130.0000,130.0000,90.0000,90.0000,66.20,0.00,0.00,85.02,0.00,0.00
13.6500,130.0000,130.0000,90.0000,90.0000,66.20,0.00,0.00,85.02,0.00,0.00
13.6520,130.0000,130.0000,90.0000,90.0000,66.20,0.00,0.00,85.02,0.00,0.00
13.6540,130.0000,130.0000,90.0000,90.0000,66.20,0.00,0.00,85.03,0.00,0.00
13.6560,130.0000,130.0000,90.0000,90.0000,66.20,0.00,0.00,0.00,0.00,84.71
13.6580,130.0000,130.0000,90.0000,90.0000,66.20,0.00,0.00,0.00,0.00,84.71
13.6600,130.0000,130.0000,90.0000,90.0000,66.20,0.00,0.00,0.00,0.00,84.71
13.6620,130.0000,130.0000,90.0000,90.0000,66.20,0.00,0.00,0.00,0.00,84.71
13.6640,130.0000,130.0000,90.0000,90.0000,66.20,0.00,0.00,0.00,0.00,84.71
13.6660,130.0000,130.0000,90.0000,90.0000,66.20,0.00,0.00,0.00,0.00,84.71
13.6680,130.0000,130.0000,90.0000,90.0000,66.20,0.00,0.00,0.00,0.00,84.71
13.6700,130.0000,130.0000,90.0000,90.0000,66.20,0.00,0.00,0.00,0.00,84.71
13.6720,130.0000,130.0000,90.0000,90.0000,66.20,0.00,0.00,0.00,0.00,84.71
13.6740,130.0000,130.0000,90.0000,90.0000,66.20,0.00,0.00,0.00,0.00,84.71
13.6760,130.0000,130.0000,90.0000,90.0000,0.00,0.00,72.14,0.00,0.00,84.71
13.6780,130.0000,130.0000,90.0000,90.0000,0.00,0.00,72.14,0.00,0.00,84.71
13.6800,130.0000,130.0000,90.0000,90.0000,0.00,0.00,72.14,0.00,0.00,84.71
13.6820,130.0000,130.0000,90.0000,90.0000,0.00,0.00,72.14,0.00,0.00,84.71
13.6840,130.0000,130.0000,90.0000,90.0000,0.00,0.00,72.14,0.00,0.00,84.71
13.6860,130.0000,130.0000,90.0000,90.0000,0.00,0.00,72.14,0.00,0.00,84.71
13.6880,130.0000,130.0000,90.0000,90.0000,0.00,0.00,72.14,0.00,0.00,84.71
13.6900,130.0000,130.0000,90.0000,90.0000,0.00,0.00,72.14,0.00,0.00,84.71
13.6920,130.0000,130.0000,90.0000,90.0000,0.00,0.00,72.14,0.00,0.00,84.71
13.6940,130.0000,130.0000,90.0000,90.0000,0.00,0.00,72.14,0.00,0.00,84.71
13.6960,130.0000,130.0000,90.0000,90.0000,0.00,0.00,72.14,0.00,0.00,84.71
13.6980,130.0000,130.0000,90.0000,90.0000,0.00,0.00,72.14,0.00,0.00,84.71
13.7000,130.0000,130.0000,90.0000,90.0000,66.20,0.00,0.00,0.00,0.00,84.71
13.7020,130.0000,130.0000,90.0000,90.0000,66.20,0.00,0.00,0.00,0.00,84.71
13.7040,130.0000,130.0000,90.0000,90.0000,66.20,0.00,0.00,0.00,0.00,84.71
13.7060,130.0000,130.0000,90.0000,90.0000,66.20,0.00,0.00,0.00,0.00,84.71
13.7080,130.0000,130.0000,90.0000,90.0000,66.20,0.00,0.00,0.00,0.00,84.71
13.7100,130.0000,130.0000,90.0000,90.0000,66.20,0.00,0.00,0.00,0.00,84.71
13.7120,130.0000,130.0000,90.0000,90.0000,66.20,0.00,0.00,0.00,0.00,84.71
13.7140,130.0000,130.0000,90.0000,90.0000,66.20,0.00,0.00,0.00,0.00,84.71
13.7160,130.0000,130.0000,90.0000,90.0000,66.20,0.00,0.00,0.00,0.00,84.71
13.7180,130.0000,130.0000,90.0000,90.0000,66.20,0.00,0.00,0.00,0.00,84.71
13.7200,130.0000,130.0000,90.0000,90.0000,66.20,0.00,0.00,0.00,0.00,84.71
13.7220,130.0000,130.0000,90.0000,90.0000,66.20,0.00,0.00,0.00,0.00,84.71
13.7240,130.0000,130.0000,90.0000,90.0000,66.20,0.00,0.00,0.00,0.00,84.71
13.7260,130.0000,130.0000,90.0000,90.0000,66.20,0.00,0.00,0.00,0.00,84.71
13.7280,130.0000,130.0000,90.0000,90.0000,66.20,0.00,0.00,0.00,0.00,84.71
13.7300,130.0000,130.0000,90.0000,90.0000,66.20,0.00,0.00,0.00,0.00,84.71
13.7320,130.0000,130.0000,90.0000,90.0000,66.20,0.00,0.00,0.00,0.00,84.71
13.7340,130.0000,130.0000,90.0000,90.0000,66.20,0.00,0.00,0.00,0.00,84.71
13.7360,130.0000,130.0000,90.0000,90.0000,66.20,0.00,0.00,0.00,0.00,84.71
13.7380,130.0000,130.0000,90.0000,90.0000,66.20,0.00,0.00,0.00,0.00,84.71
13.7400,130.0000,130.0000,90.0000,90.0000,66.20,0.00,0.00,0.00,0.00,84.71
13.7420,130.0000,130.0000,90.0000,90.0000,66.20,0.00,0.00,0.00,0.00,84.71
13.7440,130.0000,130.0000,90.0000,90.0000,66.20,0.00,0.00,0.00,0.00,84.71
13.7460,130.0000,130.0000,90.0000,90.0000,66.20,0.00,0.00,0.00,0.00,84.71
13.7480,130.0000,130.0000,90.0000,90.0000,66.20,0.00,0.00,0.00,0.00,84.71
13.7500,130.0000,130.0000,90.0000,90.0000,66.20,0.00,0.00,0.00,0.00,84.71
13.7520,130.0000,130.0000,90.0000,90.0000,66.20,0.00,0.00,0.00,0.00,84.71
13.7540,130.0000,130.0000,90.0000,90.0000,66.20,0.00,0.00,0.00,0.00,84.71
13.7560,130.0000,130.0000,90.0000,90.0000,66.20,0.00,0.00,85.02,0.00,0.00
13.7580,130.0000,130.0000,90.0000,90.0000,66.20,0.00,0.00,85.02,0.00,0.00
13.7600,130.0000,130.0000,90.0000,90.0000,66.20,0.00,0.00,85.02,0.00,0.00
13.7620,130.0000,130.0000,90.0000,90.0000,66.20,0.00,0.00,85.02,0.00,0.00
13.7640,130.0000,130.0000,90.0000,90.0000,66.20,0.00,0.00,85.02,0.00,0.00
13.7660,130.0000,130.0000,90.0000,90.0000,66.20,0.00,0.00,85.02,0.00,0.00
13.7680,130.0000,130.0000,90.0000,90.0000,66.20,0.00,0.00,85.02,0.00,0.00
13.7700,130.0000,130.0000,90.0000,90.0000,66.20,0.00,0.00,85.02,0.00,0.00
13.7720,130.0000,130.0000,90.0000,90.0000,66.20,0.00,0.00,85.02,0.00,0.00
13.7740,130.0000,130.0000,90.0000,90.0000,66.20,0.00,0.00,85.02,0.00,0.00
13.7760,130.0000,130.0000,90.0000,90.0000,66.20,0.00,0.00,85.02,0.00,0.00
13.7780,130.0000,130.0000,90.0000,90.0000,66.20,0.00,0.00,85.02,0.00,0.00
13.7800,130.0000,130.0000,90.0000,90.0000,66.20,0.00,0.00,85.02,0.00,0.00
13.7820,130.0000,130.0000,90.0000,90.0000,66.20,0.00,0.00,85.02,0.00,0.00
13.7840,130.0000,130.0000,90.0000,90.0000,66.20,0.00,0.00,85.02,0.00,0.00
13.7860,130.0000,130.0000,90.0000,90.0000,66.20,0.00,0.00,85.02,0.00,0.00
13.7880,130.0000,130.0000,90.0000,90.0000,66.20,0.00,0.00,85.02,0.00,0.00
13.7900,130.0000,130.0000,90.0000,90.0000,66.20,0.00,0.00,85.02,0.00,0.00
13.7920,130.0000,130.0000,90.0000,90.0000,66.20,0.00,0.00,85.02,0.00,0.00
13.7940,130.0000,130.0000,90.0000,90.0000,0.00,0.00,72.14,85.02,0.00,0.00
13.7960,130.0000,130.0000,90.0000,90.0000,0.00,0.00,72.14,85.02,0.00,0.00
13.7980,130.0000,130.0000,90.0000,90.0000,0.00,0.00,72.14,85.02,0.00,0.00
13.8000,130.0000,130.0000,90.0000,90.0000,0.00,0.00,72.14,85.02,0.00,0.00
13.8020,130.0000,130.0000,90.0000,90.0000,0.00,0.00,72.14,85.02,0.00,0.00
13.8040,130.0000,130.0000,90.0000,90.0000,0.00,0.00,72.14,85.02,0.00,0.00
13.8060,130.0000,130.0000,90.0000,90.0000,0.00,0.00,72.14,85.02,0.00,0.00
13.8080,130.0000,130.0000,90.0000,90.0000,0.00,0.00,72.14,85.02,0.00,0.00
13.8100,130.0000,130.0000,90.0000,90.0000,0.00,0.00,72.14,85.02,0.00,0.00
13.8120,130.0000,130.0000,90.0000,90.0000,0.00,0.00,72.14,85.02,0.00,0.00
13.8140,130.0000,130.0000,90.0000,90.0000,0.00,0.00,72.14,85.02,0.00,0.00
13.8160,130.0000,130.0000,90.0000,90.0000,0.00,0.00,72.14,85.02,0.00,0.00
13.8180,130.0000,130.0000,90.0000,90.0000,66.20,0.00,0.00,85.02,0.00,0.00
13.8200,130.0000,130.0000,90.0000,90.0000,66.20,0.00,0.00,85.02,0.00,0.00
13.8220,130.0000,130.0000,90.0000,90.0000,66.20,0.00,0.00,85.02,0.00,0.00
13.8240,130.0000,130.0000,90.0000,90.0000,66.20,0.00,0.00,85.02,0.00,0.00
13.8260,130.0000,130.0000,90.0000,90.0000,66.20,0.00,0.00,85.02,0.00,0.00
13.8280,130.0000,130.0000,90.0000,90.0000,66.20,0.00,0.00,85.02,0.00,0.00
13.8300,130.0000,130.0000,90.0000,90.0000,66.20,0.00,0.00,85.02,0.00,0.00
13.8320,130.0000,130.0000,90.0000,90.0000,66.20,0.00,0.00,85.02,0.00,0.00
13.8340,130.0000,130.0000,90.0000,90.0000,66.20,0.00,0.00,85.02,0.00,0.00
13.8360,130.0000,130.0000,90.0000,90.0000,66.20,0.00,0.00,85.02,0.00,0.00
13.8380,130.0000,130.0000,90.0000,90.0000,66.20,0.00,0.00,85.02,0.00,0.00
13.8400,130.0000,130.0000,90.0000,90.0000,66.20,0.00,0.00,85.02,0.00,0.00
13.8420,130.0000,130.0000,90.0000,90.0000,66.20,0.00,0.00,85.02,0.00,0.00
13.8440,130.0000,130.0000,90.0000,90.0000,66.20,0.00,0.00,85.02,0.00,0.00
13.8460,130.0000,130.0000,90.0000,90.0000,66.20,0.00,0.00,85.02,0.00,0.00
13.8480,130.0000,130.0000,90.0000,90.0000,66.20,0.00,0.00,85.02,0.00,0.00
13.8500,130.0000,130.0000,90.0000,90.0000,66.20,0.00,0.00,85.02,0.00,0.00
13.8520,130.0000,130.0000,90.0000,90.0000,66.20,0.00,0.00,85.02,0.00,0.00
13.8540,130.0000,130.0000,90.0000,90.0000,66.20,0.00,0.00,85.02,0.00,0.00
13.8560,130.0000,130.0000,90.0000,90.0000,66.20,0.00,0.00,85.02,0.00,0.00
13.8580,130.0000,130.0000,90.0000,90.0000,66.20,0.00,0.00,85.02,0.00,0.00
13.8600,130.0000,130.0000,90.0000,90.0000,66.20,0.00,0.00,85.02,0.00,0.00
13.8620,130.0000,130.0000,90.0000,90.0000,66.20,0.00,0.00,85.02,0.00,0.00
13.8640,130.0000,130.0000,90.0000,90.0000,66.20,0.00,0.00,85.02,0.00,0.00
13.8660,130.0000,130.0000,90.0000,90.0000,66.20,0.00,0.00,85.02,0.00,0.00
13.8680,130.0000,130.0000,90.0000,90.0000,66.20,0.00,0.00,85.02,0.00,0.00
13.8700,130.0000,130.0000,90.0000,90.0000,66.20,0.00,0.00,85.02,0.00,0.00
13.8720,130.0000,130.0000,90.0000,90.0000,66.20,0.00,0.00,85.02,0.00,0.00
13.8740,130.0000,130.0000,90.0000,90.0000,66.20,0.00,0.00,85.02,0.00,0.00
13.8760,130.0000,130.0000,90.0000,90.0000,66.20,0.00,0.00,85.02,0.00,0.00
13.8780,130.0000,130.0000,90.0000,90.0000,66.20,0.00,0.00,85.02,0.00,0.00
13.8800,130.0000,130.0000,90.0000,90.0000,66.20,0.00,0.00,85.02,0.00,0.00
13.8820,130.0000,130.0000,90.0000,90.0000,66.20,0.00,0.00,85.02,0.00,0.00
13.8840,130.0000,130.0000,90.0000,90.0000,66.20,0.00,0.00,85.02,0.00,0.00
13.8860,130.0000,130.0000,90.0000,90.0000,66.20,0.00,0.00,85.02,0.00,0.00
13.8880,130.0000,130.0000,90.0000,90.0000,66.20,0.00,0.00,85.02,0.00,0.00
13.8900,130.0000,130.0000,90.0000,90.0000,66.20,0.00,0.00,85.02,0.00,0.00
13.8920,130.0000,130.0000,90.0000,90.0000,66.20,0.00,0.00,85.02,0.00,0.00
13.8940,130.0000,130.0000,90.0000,90.0000,66.20,0.00,0.00,85.02,0.00,0.00
13.8960,130.0000,130.0000,90.0000,90.0000,66.20,0.00,0.00,85.02,0.00,0.00
13.8980,130.0000,130.0000,90.0000,90.0000,66.20,0.00,0.00,85.03,0.00,0.00
13.9000,130.0000,130.0000,90.0000,90.0000,66.20,0.00,0.00,0.00,0.00,84.71
13.9020,130.0000,130.0000,90.0000,90.0000,66.20,0.00,0.00,0.00,0.00,84.71
13.9040,130.0000,130.0000,90.0000,90.0000,66.20,0.00,0.00,0.00,0.00,84.71
13.9060,130.0000,130.0000,90.0000,90.0000,66.20,0.00,0.00,0.00,0.00,84.71
13.9080,130.0000,130.0000,90.0000,90.0000,66.20,0.00,0.00,0.00,0.00,84.71
13.9100,130.0000,130.0000,90.0000,90.0000,66.20,0.00,0.00,0.00,0.00,84.71
13.9120,130.0000,130.0000,90.0000,90.0000,0.00,0.00,72.14,0.00,0.00,84.71
13.9140,130.0000,130.0000,90.0000,90.0000,0.00,0.00,72.14,0.00,0.00,84.71
13.9160,130.0000,130.0000,90.0000,90.0000,0.00,0.00,72.14,0.00,0.00,84.71
13.9180,130.0000,130.0000,90.0000,90.0000,0.00,0.00,72.14,0.00,0.00,84.71
13.9200,130.0000,130.0000,90.0000,90.0000,0.00,0.00,72.14,0.00,0.00,84.71
13.9220,130.0000,130.0000,90.0000,90.0000,0.00,0.00,72.14,0.00,0.00,84.71
13.9240,130.0000,130.0000,90.0000,90.0000,0.00,0.00,72.14,0.00,0.00,84.71
13.9260,130.0000,130.0000,90.0000,90.0000,0.00,0.00,72.14,0.00,0.00,84.71
13.9280,130.0000,130.0000,90.0000,90.0000,0.00,0.00,72.14,0.00,0.00,84.71
13.9300,130.0000,130.0000,90.0000,90.0000,0.00,0.00,72.14,0.00,0.00,84.71
13.9320,130.0000,130.0000,90.0000,90.0000,0.00,0.00,72.14,0.00,0.00,84.71
13.9340,130.0000,130.0000,90.0000,90.0000,0.00,0.00,72.14,0.00,0.00,84.71
13.9360,130.0000,130.0000,90.0000,90.0000,66.20,0.00,0.00,0.00,0.00,84.71
13.9380,130.0000,130.0000,90.0000,90.0000,66.20,0.00,0.00,0.00,0.00,84.71
13.9400,130.0000,130.0000,90.0000,90.0000,66.20,0.00,0.00,0.00,0.00,84.71
13.9420,130.0000,130.0000,90.0000,90.0000,66.20,0.00,0.00,0.00,0.00,84.71
13.9440,130.0000,130.0000,90.0000,90.0000,66.20,0.00,0.00,0.00,0.00,84.71
13.9460,130.0000,130.0000,90.0000,90.0000,66.20,0.00,0.00,0.00,0.00,84.71
13.9480,130.0000,130.0000,90.0000,90.0000,66.20,0.00,0.00,0.00,0.00,84.71
13.9500,130.0000,130.0000,90.0000,90.0000,66.20,0.00,0.00,0.00,0.00,84.71
13.9520,130.0000,130.0000,90.0000,90.0000,66.20,0.00,0.00,0.00,0.00,84.71
13.9540,130.0000,130.0000,90.0000,90.0000,66.20,0.00,0.00,0.00,0.00,84.71
13.9560,130.0000,130.0000,90.0000,90.0000,66.20,0.00,0.00,0.00,0.00,84.71
13.9580,130.0000,130.0000,90.0000,90.0000,66.20,0.00,0.00,0.00,0.00,84.71
13.9600,130.0000,130.0000,90.0000,90.0000,66.20,0.00,0.00,0.00,0.00,84.71
13.9620,130.0000,130.0000,90.0000,90.0000,66.20,0.00,0.00,0.00,0.00,84.71
13.9640,130.0000,130.0000,90.0000,90.0000,66.20,0.00,0.00,0.00,0.00,84.71
13.9660,130.0000,130.0000,90.0000,90.0000,66.20,0.00,0.00,0.00,0.00,84.71
13.9680,130.0000,130.0000,90.0000,90.0000,66.20,0.00,0.00,0.00,0.00,84.71
13.9700,130.0000,130.0000,90.0000,90.0000,66.20,0.00,0.00,0.00,0.00,84.71
13.9720,130.0000,130.0000,90.0000,90.0000,66.20,0.00,0.00,0.00,0.00,84.71
13.9740,130.0000,130.0000,90.0000,90.0000,66.20,0.00,0.00,0.00,0.00,84.71
13.9760,130.0000,130.0000,90.0000,90.0000,66.20,0.00,0.00,0.00,0.00,84.71
13.9780,130.0000,130.0000,90.0000,90.0000,66.20,0.00,0.00,0.00,0.00,84.71
13.9800,130.0000,130.0000,90.0000,90.0000,66.20,0.00,0.00,0.00,0.00,84.71
13.9820,130.0000,130.0000,90.0000,90.0000,66.20,0.00,0.00,0.00,0.00,84.71
13.9840,130.0000,130.0000,90.0000,90.0000,66.20,0.00,0.00,0.00,0.00,84.71
13.9860,130.0000,130.0000,90.0000,90.0000,66.20,0.00,0.00,0.00,0.00,84.71
13.9880,130.0000,130.0000,90.0000,90.0000,66.20,0.00,0.00,0.00,0.00,84.71
13.9900,130.0000,130.0000,90.0000,90.0000,66.20,0.00,0.00,0.00,0.00,84.71
13.9920,130.0000,130.0000,90.0000,90.0000,66.20,0.00,0.00,0.00,0.00,84.71
13.9940,130.0000,130.0000,90.0000,90.0000,66.20,0.00,0.00,0.00,0.00,84.71
13.9960,130.0000,130.0000,90.0000,90.0000,66.20,0.00,0.00,0.00,0.00,84.71
13.9980,130.0000,130.0000,90.0000,90.0000,66.20,0.00,0.00,0.00,0.00,84.71
14.0000,130.0000,130.0000,90.0000,90.0000,66.20,0.00,0.00,85.02,0.00,0.00
14.0020,130.1100,130.0120,89.9749,89.9992,66.20,0.00,0.00,85.03,0.00,0.00
14.0040,130.2199,130.0458,89.9497,89.9970,66.20,0.00,0.00,85.03,0.00,0.00
14.0060,130.3299,130.1089,89.9246,89.9928,66.20,0.00,0.00,85.03,0.00,0.00
14.0080,130.4398,130.2059,89.8995,89.9861,66.20,0.00,0.00,85.03,0.00,0.00
14.0100,130.5498,130.3377,89.8743,89.9764,66.20,0.00,0.00,85.03,0.00,0.00
14.0120,130.6597,130.5018,89.8492,89.9633,66.20,0.00,0.00,85.03,0.00,0.00
14.0140,130.7696,130.6925,89.8241,89.9467,66.20,0.00,0.00,85.03,0.00,0.00
14.0160,130.8796,130.9013,89.7990,89.9261,66.20,0.00,0.00,85.03,0.00,0.00
14.0180,130.9895,131.1182,89.7738,89.9017,66.20,0.00,0.00,85.03,0.00,0.00
14.0200,131.0994,131.1178,89.7487,89.8733,0.00,0.00,72.12,85.03,0.00,0.00
14.0220,131.2093,131.1278,89.7236,89.8412,66.20,0.00,0.00,85.03,0.00,0.00
14.0240,131.3192,131.1578,89.6985,89.8054,66.20,0.00,0.00,85.03,0.00,0.00
14.0260,131.4290,131.2159,89.6734,89.7664,66.20,0.00,0.00,85.03,0.00,0.00
14.0280,131.5389,131.3070,89.6483,89.7244,66.20,0.00,0.00,85.03,0.00,0.00
14.0300,131.6487,131.4326,89.6231,89.6800,66.20,0.00,0.00,85.04,0.00,0.00
14.0320,131.7586,131.5910,89.5980,89.6336,66.20,0.00,0.00,85.04,0.00,0.00
14.0340,131.8684,131.7769,89.5729,89.5858,66.20,0.00,0.00,85.04,0.00,0.00
14.0360,131.9781,131.9824,89.5479,89.5372,66.20,0.00,0.00,85.04,0.00,0.00
14.0380,132.0879,132.1976,89.5228,89.4884,66.20,0.00,0.00,85.04,0.00,0.00
14.0400,132.1977,132.4120,89.4977,89.4888,66.20,0.00,0.00,0.00,0.00,84.71
14.0420,132.3074,132.4099,89.4726,89.4883,0.00,0.00,72.09,85.04,0.00,0.00
14.0440,132.4171,132.4107,89.4475,89.4866,66.20,0.00,0.00,85.04,0.00,0.00
14.0460,132.5268,132.4240,89.4224,89.4831,66.20,0.00,0.00,85.04,0.00,0.00
14.0480,132.6364,132.4595,89.3974,89.4773,66.20,0.00,0.00,85.04,0.00,0.00
14.0500,132.7461,132.5244,89.3723,89.4688,66.20,0.00,0.00,85.04,0.00,0.00
14.0520,132.8557,132.6230,89.3473,89.4570,66.20,0.00,0.00,85.04,0.00,0.00
14.0540,132.9652,132.7562,89.3222,89.4417,66.20,0.00,0.00,85.04,0.00,0.00
14.0560,133.0748,132.9211,89.2972,89.4227,66.20,0.00,0.00,85.04,0.00,0.00
14.0580,133.1843,133.1120,89.2722,89.3998,66.20,0.00,0.00,85.04,0.00,0.00
14.0600,133.2938,133.3205,89.2471,89.3731,66.20,0.00,0.00,85.04,0.00,0.00
14.0620,133.4032,133.5364,89.2221,89.3425,66.20,0.00,0.00,85.04,0.00,0.00
14.0640,133.5127,133.5359,89.1971,89.3083,0.00,0.00,72.06,85.04,0.00,0.00
14.0660,133.6220,133.5452,89.1721,89.2706,66.20,0.00,0.00,85.05,0.00,0.00
14.0680,133.7314,133.5741,89.1471,89.2300,66.20,0.00,0.00,85.05,0.00,0.00
14.0700,133.8407,133.6303,89.1221,89.1867,66.20,0.00,0.00,85.05,0.00,0.00
14.0720,133.9500,133.7191,89.0971,89.1413,66.20,0.00,0.00,85.05,0.00,0.00
14.0740,134.0592,133.8422,89.0722,89.0942,66.20,0.00,0.00,85.05,0.00,0.00
14.0760,134.1684,133.9979,89.0472,89.0462,66.20,0.00,0.00,85.05,0.00,0.00
14.0780,134.2776,134.1812,89.0223,88.9977,66.20,0.00,0.00,85.05,0.00,0.00
14.0800,134.3867,134.3845,88.9973,88.9493,66.20,0.00,0.00,85.06,0.00,0.00
14.0820,134.4957,134.5981,88.9724,88.9502,66.20,0.00,0.00,0.00,0.00,84.71
14.0840,134.6048,134.8114,88.9475,88.9501,66.20,0.00,0.00,85.05,0.00,0.00
14.0860,134.7137,134.8094,88.9226,88.9492,0.00,0.00,72.03,85.05,0.00,0.00
14.0880,134.8227,134.8109,88.8977,88.9468,66.20,0.00,0.00,85.05,0.00,0.00
14.0900,134.9315,134.8252,88.8728,88.9424,66.20,0.00,0.00,85.05,0.00,0.00
14.0920,135.0404,134.8619,88.8479,88.9355,66.20,0.00,0.00,85.05,0.00,0.00
14.0940,135.1492,134.9280,88.8230,88.9257,66.20,0.00,0.00,85.05,0.00,0.00
14.0960,135.2579,135.0274,88.7982,88.9125,66.20,0.00,0.00,85.06,0.00,0.00
14.0980,135.3666,135.1609,88.7734,88.8958,66.20,0.00,0.00,85.06,0.00,0.00
14.1000,135.4752,135.3256,88.7485,88.8753,66.20,0.00,0.00,85.06,0.00,0.00
14.1020,135.5838,135.5156,88.7237,88.8509,66.20,0.00,0.00,85.06,0.00,0.00
14.1040,135.6923,135.7226,88.6989,88.8227,66.20,0.00,0.00,85.06,0.00,0.00
14.1060,135.8008,135.9366,88.6741,88.7908,66.20,0.00,0.00,85.06,0.00,0.00
14.1080,135.9092,135.9360,88.6493,88.7553,0.00,0.00,72.01,85.06,0.00,0.00
14.1100,136.0175,135.9448,88.6246,88.7167,66.20,0.00,0.00,85.06,0.00,0.00
14.1120,136.1258,135.9725,88.5998,88.6752,66.20,0.00,0.00,85.06,0.00,0.00
14.1140,136.2340,136.0270,88.5751,88.6313,66.20,0.00,0.00,85.06,0.00,0.00
14.1160,136.3422,136.1134,88.5504,88.5855,66.20,0.00,0.00,85.07,0.00,0.00
14.1180,136.4503,136.2337,88.5256,88.5384,66.20,0.00,0.00,85.07,0.00,0.00
14.1200,136.5583,136.3863,88.5009,88.4904,66.20,0.00,0.00,85.07,0.00,0.00
14.1220,136.6663,136.5664,88.4763,88.4423,66.20,0.00,0.00,85.07,0.00,0.00
14.1240,136.7742,136.7667,88.4516,88.4427,66.20,0.00,0.00,0.00,0.00,84.71
14.1260,136.8821,136.9776,88.4270,88.4422,66.20,0.00,0.00,85.07,0.00,0.00
14.1280,136.9898,137.1889,88.4023,88.4406,66.20,0.00,0.00,85.07,0.00,0.00
14.1300,137.0976,137.1870,88.3777,88.4372,0.00,0.00,71.98,85.07,0.00,0.00
14.1320,137.2052,137.1890,88.3531,88.4316,66.20,0.00,0.00,85.07,0.00,0.00
14.1340,137.3128,137.2041,88.3285,88.4233,66.20,0.00,0.00,85.07,0.00,0.00
14.1360,137.4202,137.2416,88.3039,88.4119,66.20,0.00,0.00,85.07,0.00,0.00
14.1380,137.5277,137.3081,88.2794,88.3971,66.20,0.00,0.00,85.07,0.00,0.00
14.1400,137.6350,137.4076,88.2549,88.3787,66.20,0.00,0.00,85.07,0.00,0.00
14.1420,137.7423,137.5405,88.2303,88.3565,66.20,0.00,0.00,85.07,0.00,0.00
14.1440,137.8495,137.7039,88.2058,88.3305,66.20,0.00,0.00,85.07,0.00,0.00
14.1460,137.9566,137.8920,88.1814,88.3008,66.20,0.00,0.00,85.07,0.00,0.00
14.1480,138.0636,138.0965,88.1569,88.2676,66.20,0.00,0.00,85.07,0.00,0.00
14.1500,138.1706,138.3075,88.1324,88.2310,66.20,0.00,0.00,85.07,0.00,0.00
14.1520,138.2775,138.3069,88.1080,88.1914,0.00,0.00,71.96,85.08,0.00,0.00
14.1540,138.3843,138.3152,88.0836,88.1493,66.20,0.00,0.00,85.08,0.00,0.00
14.1560,138.4910,138.3418,88.0592,88.1050,66.20,0.00,0.00,85.08,0.00,0.00
14.1580,138.5976,138.3945,88.0348,88.0591,66.20,0.00,0.00,85.08,0.00,0.00
14.1600,138.7041,138.4785,88.0105,88.0122,66.20,0.00,0.00,85.08,0.00,0.00
14.1620,138.8106,138.5956,87.9861,87.9647,66.20,0.00,0.00,85.08,0.00,0.00
14.1640,138.9170,138.7446,87.9618,87.9174,66.20,0.00,0.00,85.08,0.00,0.00
14.1660,139.0233,138.9210,87.9375,87.9182,66.20,0.00,0.00,0.00,0.00,84.71
14.1680,139.1295,139.1174,87.9133,87.9180,66.20,0.00,0.00,85.08,0.00,0.00
14.1700,139.2356,139.3248,87.8890,87.9170,66.20,0.00,0.00,85.08,0.00,0.00
14.1720,139.3416,139.5330,87.8648,87.9145,66.20,0.00,0.00,85.08,0.00,0.00
14.1740,139.4475,139.5311,87.8406,87.9101,0.00,0.00,71.93,85.08,0.00,0.00
14.1760,139.5533,139.5335,87.8164,87.9032,66.20,0.00,0.00,85.08,0.00,0.00
14.1780,139.6591,139.5492,87.7922,87.8934,66.20,0.00,0.00,85.08,0.00,0.00
14.1800,139.7647,139.5870,87.7681,87.8805,66.20,0.00,0.00,85.08,0.00,0.00
14.1820,139.8702,139.6534,87.7439,87.8640,66.20,0.00,0.00,85.08,0.00,0.00
14.1840,139.9757,139.7522,87.7198,87.8439,66.20,0.00,0.00,85.08,0.00,0.00
14.1860,140.0810,139.8836,87.6958,87.8201,66.20,0.00,0.00,85.09,0.00,0.00
14.1880,140.1863,140.0448,87.6717,87.7926,66.20,0.00,0.00,85.09,0.00,0.00
14.1900,140.2914,140.2300,87.6477,87.7616,66.20,0.00,0.00,85.09,0.00,0.00
14.1920,140.3965,140.4310,87.6237,87.7271,66.20,0.00,0.00,85.09,0.00,0.00
14.1940,140.5014,140.6381,87.5997,87.6896,66.20,0.00,0.00,85.09,0.00,0.00
14.1960,140.6062,140.6374,87.5757,87.6493,0.00,0.00,71.91,85.09,0.00,0.00
14.1980,140.7110,140.6453,87.5518,87.6068,66.20,0.00,0.00,85.09,0.00,0.00
14.2000,140.8156,140.6708,87.5279,87.5624,66.20,0.00,0.00,85.09,0.00,0.00
14.2020,140.9201,140.7217,87.5040,87.5167,66.20,0.00,0.00,85.09,0.00,0.00
14.2040,141.0245,140.8030,87.4801,87.4703,66.20,0.00,0.00,85.10,0.00,0.00
14.2060,141.1288,140.9167,87.4563,87.4236,66.20,0.00,0.00,85.10,0.00,0.00
14.2080,141.2330,141.0617,87.4325,87.4240,66.20,0.00,0.00,0.00,0.00,84.71
14.2100,141.3371,141.2336,87.4087,87.4235,66.20,0.00,0.00,85.10,0.00,0.00
14.2120,141.4411,141.4254,87.3849,87.4219,66.20,0.00,0.00,85.10,0.00,0.00
14.2140,141.5449,141.6282,87.3612,87.4187,66.20,0.00,0.00,85.10,0.00,0.00
14.2160,141.6487,141.8322,87.3374,87.4134,66.20,0.00,0.00,85.10,0.00,0.00
14.2180,141.7523,141.8305,87.3138,87.4055,0.00,0.00,71.88,85.10,0.00,0.00
14.2200,141.8558,141.8332,87.2901,87.3946,66.20,0.00,0.00,85.10,0.00,0.00
14.2220,141.9592,141.8492,87.2665,87.3805,66.20,0.00,0.00,85.10,0.00,0.00
14.2240,142.0625,141.8869,87.2429,87.3629,66.20,0.00,0.00,85.10,0.00,0.00
14.2260,142.1657,141.9528,87.2193,87.3417,66.20,0.00,0.00,85.10,0.00,0.00
14.2280,142.2687,142.0501,87.1957,87.3169,66.20,0.00,0.00,85.10,0.00,0.00
14.2300,142.3716,142.1793,87.1722,87.2885,66.20,0.00,0.00,85.10,0.00,0.00
14.2320,142.4744,142.3373,87.1487,87.2568,66.20,0.00,0.00,85.10,0.00,0.00
14.2340,142.5771,142.5186,87.1252,87.2218,66.20,0.00,0.00,85.10,0.00,0.00
14.2360,142.6796,142.7150,87.1018,87.1839,66.20,0.00,0.00,85.10,0.00,0.00
14.2380,142.7821,142.9173,87.0784,87.1436,66.20,0.00,0.00,85.10,0.00,0.00
14.2400,142.8844,142.9165,87.0550,87.1012,0.00,0.00,71.86,85.11,0.00,0.00
14.2420,142.9865,142.9240,87.0317,87.0572,66.20,0.00,0.00,85.11,0.00,0.00
14.2440,143.0886,142.9485,87.0083,87.0122,66.20,0.00,0.00,85.11,0.00,0.00
14.2460,143.1905,142.9974,86.9850,86.9667,66.20,0.00,0.00,85.11,0.00,0.00
14.2480,143.2923,143.0759,86.9618,86.9212,66.20,0.00,0.00,85.11,0.00,0.00
14.2500,143.3939,143.1859,86.9385,86.9218,66.20,0.00,0.00,0.00,0.00,84.71
14.2520,143.4954,143.3263,86.9153,86.9216,66.20,0.00,0.00,85.11,0.00,0.00
14.2540,143.5968,143.4930,86.8922,86.9206,66.20,0.00,0.00,85.11,0.00,0.00
14.2560,143.6981,143.6794,86.8690,86.9181,66.20,0.00,0.00,85.11,0.00,0.00
14.2580,143.7992,143.8768,86.8459,86.9137,66.20,0.00,0.00,85.11,0.00,0.00
14.2600,143.9002,144.0757,86.8228,86.9070,66.20,0.00,0.00,85.11,0.00,0.00
14.2620,144.0010,144.0740,86.7998,86.8976,0.00,0.00,71.83,85.11,0.00,0.00
14.2640,144.1017,144.0770,86.7767,86.8851,66.20,0.00,0.00,85.11,0.00,0.00
14.2660,144.2023,144.0931,86.7538,86.8693,66.20,0.00,0.00,85.11,0.00,0.00
14.2680,144.3027,144.1304,86.7308,86.8500,66.20,0.00,0.00,85.11,0.00,0.00
14.2700,144.4030,144.1951,86.7079,86.8273,66.20,0.00,0.00,85.11,0.00,0.00
14.2720,144.5031,144.2904,86.6850,86.8010,66.20,0.00,0.00,85.11,0.00,0.00
14.2740,144.6031,144.4165,86.6621,86.7714,66.20,0.00,0.00,85.11,0.00,0.00
14.2760,144.7030,144.5705,86.6393,86.7386,66.20,0.00,0.00,85.12,0.00,0.00
14.2780,144.8027,144.7469,86.6165,86.7029,66.20,0.00,0.00,85.12,0.00,0.00
14.2800,144.9023,144.9379,86.5938,86.6645,66.20,0.00,0.00,85.12,0.00,0.00
14.2820,145.0017,145.1343,86.5710,86.6241,66.20,0.00,0.00,85.12,0.00,0.00
14.2840,145.1010,145.1336,86.5484,86.5818,0.00,0.00,71.81,85.12,0.00,0.00
14.2860,145.2001,145.1406,86.5257,86.5384,66.20,0.00,0.00,85.12,0.00,0.00
14.2880,145.2991,145.1640,86.5031,86.4943,66.20,0.00,0.00,85.12,0.00,0.00
14.2900,145.3979,145.2109,86.4805,86.4499,66.20,0.00,0.00,85.12,0.00,0.00
14.2920,145.4965,145.2863,86.4579,86.4502,66.20,0.00,0.00,0.00,0.00,84.71
14.2940,145.5951,145.3922,86.4354,86.4498,66.20,0.00,0.00,85.12,0.00,0.00
14.2960,145.6934,145.5276,86.4129,86.4483,66.20,0.00,0.00,85.12,0.00,0.00
14.2980,145.7916,145.6886,86.3905,86.4453,66.20,0.00,0.00,85.12,0.00,0.00
14.3000,145.8897,145.8687,86.3681,86.4402,66.20,0.00,0.00,85.12,0.00,0.00
14.3020,145.9876,146.0598,86.3457,86.4328,66.20,0.00,0.00,85.12,0.00,0.00
14.3040,146.0853,146.2525,86.3234,86.4226,66.20,0.00,0.00,85.12,0.00,0.00
14.3060,146.1829,146.2510,86.3011,86.4093,0.00,0.00,71.78,85.12,0.00,0.00
14.3080,146.2803,146.2541,86.2788,86.3928,66.20,0.00,0.00,85.12,0.00,0.00
14.3100,146.3775,146.2700,86.2566,86.3730,66.20,0.00,0.00,85.13,0.00,0.00
14.3120,146.4746,146.3067,86.2344,86.3497,66.20,0.00,0.00,85.13,0.00,0.00
14.3140,146.5716,146.3698,86.2122,86.3232,66.20,0.00,0.00,85.13,0.00,0.00
14.3160,146.6683,146.4624,86.1901,86.2934,66.20,0.00,0.00,85.13,0.00,0.00
14.3180,146.7649,146.5847,86.1680,86.2606,66.20,0.00,0.00,85.13,0.00,0.00
14.3200,146.8614,146.7338,86.1460,86.2251,66.20,0.00,0.00,85.13,0.00,0.00
14.3220,146.9577,146.9044,86.1240,86.1872,66.20,0.00,0.00,85.13,0.00,0.00
14.3240,147.0538,147.0889,86.1020,86.1474,66.20,0.00,0.00,85.13,0.00,0.00
14.3260,147.1497,147.2787,86.0801,86.1060,66.20,0.00,0.00,85.13,0.00,0.00
14.3280,147.2455,147.2779,86.0582,86.0637,0.00,0.00,71.76,85.13,0.00,0.00
14.3300,147.3411,147.2846,86.0363,86.0208,66.20,0.00,0.00,85.14,0.00,0.00
14.3320,147.4365,147.3068,86.0145,85.9780,66.20,0.00,0.00,85.14,0.00,0.00
14.3340,147.5317,147.3517,85.9927,85.9786,66.20,0.00,0.00,0.00,0.00,84.71
14.3360,147.6268,147.4238,85.9710,85.9783,66.20,0.00,0.00,85.14,0.00,0.00
14.3380,147.7217,147.5253,85.9493,85.9773,66.20,0.00,0.00,85.14,0.00,0.00
14.3400,147.8164,147.6551,85.9277,85.9749,66.20,0.00,0.00,85.14,0.00,0.00
14.3420,147.9110,147.8096,85.9061,85.9707,66.20,0.00,0.00,85.14,0.00,0.00
14.3440,148.0054,147.9827,85.8845,85.9643,66.20,0.00,0.00,85.14,0.00,0.00
14.3460,148.0996,148.1666,85.8630,85.9554,66.20,0.00,0.00,85.14,0.00,0.00
14.3480,148.1936,148.3523,85.8415,85.9436,66.20,0.00,0.00,85.14,0.00,0.00
14.3500,148.2874,148.3508,85.8200,85.9288,0.00,0.00,71.74,85.14,0.00,0.00
14.3520,148.3811,148.3540,85.7986,85.9108,66.20,0.00,0.00,85.14,0.00,0.00
14.3540,148.4746,148.3697,85.7772,85.8895,66.20,0.00,0.00,85.14,0.00,0.00
14.3560,148.5679,148.4054,85.7559,85.8650,66.20,0.00,0.00,85.14,0.00,0.00
14.3580,148.6610,148.4664,85.7346,85.8373,66.20,0.00,0.00,85.14,0.00,0.00
14.3600,148.7539,148.5558,85.7134,85.8068,66.20,0.00,0.00,85.14,0.00,0.00
14.3620,148.8467,148.6736,85.6922,85.7735,66.20,0.00,0.00,85.14,0.00,0.00
14.3640,148.9392,148.8170,85.6710,85.7378,66.20,0.00,0.00,85.14,0.00,0.00
14.3660,149.0316,148.9809,85.6499,85.7001,66.20,0.00,0.00,85.14,0.00,0.00
14.3680,149.1238,149.1581,85.6288,85.6608,66.20,0.00,0.00,85.15,0.00,0.00
14.3700,149.2158,149.3402,85.6078,85.6203,66.20,0.00,0.00,85.15,0.00,0.00
14.3720,149.3076,149.3395,85.5868,85.5792,0.00,0.00,71.71,85.15,0.00,0.00
14.3740,149.3992,149.3458,85.5659,85.5379,66.20,0.00,0.00,85.15,0.00,0.00
14.3760,149.4906,149.3669,85.5450,85.5382,66.20,0.00,0.00,0.00,0.00,84.71
14.3780,149.5819,149.4095,85.5241,85.5378,66.20,0.00,0.00,85.15,0.00,0.00
14.3800,149.6729,149.4781,85.5033,85.5364,66.20,0.00,0.00,85.15,0.00,0.00
14.3820,149.7638,149.5747,85.4826,85.5336,66.20,0.00,0.00,85.15,0.00,0.00
14.3840,149.8544,149.6985,85.4618,85.5290,66.20,0.00,0.00,85.15,0.00,0.00
14.3860,149.9449,149.8460,85.4412,85.5221,66.20,0.00,0.00,85.15,0.00,0.00
14.3880,150.0351,150.0114,85.4205,85.5127,66.20,0.00,0.00,85.15,0.00,0.00
14.3900,150.1252,150.1872,85.4000,85.5006,66.20,0.00,0.00,85.15,0.00,0.00
14.3920,150.2150,150.3649,85.3794,85.4854,66.20,0.00,0.00,85.15,0.00,0.00
14.3940,150.3047,150.3636,85.3589,85.4672,0.00,0.00,71.69,85.15,0.00,0.00
14.3960,150.3942,150.3668,85.3385,85.4459,66.20,0.00,0.00,85.15,0.00,0.00
14.3980,150.4834,150.3820,85.3181,85.4215,66.20,0.00,0.00,85.15,0.00,0.00
14.4000,150.5725,150.4164,85.2977,85.3941,66.20,0.00,0.00,85.15,0.00,0.00
14.4020,150.6613,150.4750,85.2774,85.3640,66.20,0.00,0.00,85.15,0.00,0.00
14.4040,150.7500,150.5606,85.2571,85.3314,66.20,0.00,0.00,85.15,0.00,0.00
14.4060,150.8384,150.6731,85.2369,85.2967,66.20,0.00,0.00,85.16,0.00,0.00
14.4080,150.9267,150.8101,85.2168,85.2601,66.20,0.00,0.00,85.16,0.00,0.00
14.4100,151.0147,150.9666,85.1966,85.2221,66.20,0.00,0.00,85.16,0.00,0.00
14.4120,151.1025,151.1356,85.1766,85.1831,66.20,0.00,0.00,85.16,0.00,0.00
14.4140,151.1902,151.3092,85.1565,85.1437,66.20,0.00,0.00,85.16,0.00,0.00
14.4160,151.2776,151.3085,85.1366,85.1042,0.00,0.00,71.67,85.16,0.00,0.00
14.4180,151.3648,151.3144,85.1166,85.1047,66.20,0.00,0.00,0.00,0.00,84.71
14.4200,151.4517,151.3343,85.0967,85.1045,66.20,0.00,0.00,85.16,0.00,0.00
14.4220,151.5385,151.3745,85.0769,85.1034,66.20,0.00,0.00,85.16,0.00,0.00
14.4240,151.6251,151.4394,85.0571,85.1012,66.20,0.00,0.00,85.16,0.00,0.00
14.4260,151.7114,151.5309,85.0374,85.0973,66.20,0.00,0.00,85.16,0.00,0.00
14.4280,151.7976,151.6482,85.0177,85.0914,66.20,0.00,0.00,85.16,0.00,0.00
14.4300,151.8835,151.7880,84.9981,85.0832,66.20,0.00,0.00,85.16,0.00,0.00
14.4320,151.9692,151.9449,84.9785,85.0724,66.20,0.00,0.00,85.16,0.00,0.00
14.4340,152.0547,152.1118,84.9589,85.0589,66.20,0.00,0.00,85.16,0.00,0.00
14.4360,152.1400,152.2807,84.9394,85.0424,66.20,0.00,0.00,85.16,0.00,0.00
14.4380,152.2250,152.2795,84.9200,85.0230,0.00,0.00,71.65,85.16,0.00,0.00
14.4400,152.3098,152.2826,84.9006,85.0007,66.20,0.00,0.00,85.16,0.00,0.00
14.4420,152.3945,152.2973,84.8813,84.9756,66.20,0.00,0.00,85.16,0.00,0.00
14.4440,152.4788,152.3301,84.8620,84.9477,66.20,0.00,0.00,85.16,0.00,0.00
14.4460,152.5630,152.3859,84.8427,84.9175,66.20,0.00,0.00,85.17,0.00,0.00
14.4480,152.6470,152.4671,84.8236,84.8850,66.20,0.00,0.00,85.17,0.00,0.00
14.4500,152.7307,152.5739,84.8044,84.8508,66.20,0.00,0.00,85.17,0.00,0.00
14.4520,152.8142,152.7038,84.7853,84.8151,66.20,0.00,0.00,85.17,0.00,0.00
14.4540,152.8975,152.8519,84.7663,84.7783,66.20,0.00,0.00,85.17,0.00,0.00
14.4560,152.9805,153.0119,84.7473,84.7409,66.20,0.00,0.00,85.17,0.00,0.00
14.4580,153.0633,153.1763,84.7284,84.7034,66.20,0.00,0.00,85.17,0.00,0.00
14.4600,153.1459,153.1756,84.7095,84.7037,0.00,0.00,71.63,0.00,0.00,84.71
14.4620,153.2283,153.1811,84.6907,84.7033,66.20,0.00,0.00,85.17,0.00,0.00
14.4640,153.3104,153.1997,84.6719,84.7020,66.20,0.00,0.00,85.17,0.00,0.00
14.4660,153.3923,153.2375,84.6532,84.6995,66.20,0.00,0.00,85.17,0.00,0.00
14.4680,153.4740,153.2984,84.6345,84.6953,66.20,0.00,0.00,85.17,0.00,0.00
14.4700,153.5554,153.3844,84.6159,84.6892,66.20,0.00,0.00,85.17,0.00,0.00
14.4720,153.6366,153.4947,84.5973,84.6808,66.20,0.00,0.00,85.17,0.00,0.00
14.4740,153.7176,153.6262,84.5788,84.6699,66.20,0.00,0.00,85.17,0.00,0.00
14.4760,153.7984,153.7740,84.5604,84.6563,66.20,0.00,0.00,85.17,0.00,0.00
14.4780,153.8789,153.9313,84.5420,84.6400,66.20,0.00,0.00,85.17,0.00,0.00
14.4800,153.9591,154.0906,84.5236,84.6209,66.20,0.00,0.00,85.17,0.00,0.00
14.4820,154.0392,154.0894,84.5053,84.5991,0.00,0.00,71.61,85.17,0.00,0.00
14.4840,154.1190,154.0925,84.4871,84.5747,66.20,0.00,0.00,85.17,0.00,0.00
14.4860,154.1985,154.1064,84.4689,84.5478,66.20,0.00,0.00,85.18,0.00,0.00
14.4880,154.2779,154.1374,84.4508,84.5186,66.20,0.00,0.00,85.18,0.00,0.00
14.4900,154.3569,154.1900,84.4327,84.4875,66.20,0.00,0.00,85.18,0.00,0.00
14.4920,154.4358,154.2665,84.4147,84.4547,66.20,0.00,0.00,85.18,0.00,0.00
14.4940,154.5144,154.3669,84.3967,84.4207,66.20,0.00,0.00,85.18,0.00,0.00
14.4960,154.5927,154.4889,84.3788,84.3858,66.20,0.00,0.00,85.18,0.00,0.00
14.4980,154.6709,154.6280,84.3609,84.3504,66.20,0.00,0.00,85.18,0.00,0.00
14.5000,154.7487,154.7783,84.3431,84.3150,66.20,0.00,0.00,85.18,0.00,0.00
14.5020,154.8264,154.9325,84.3254,84.3154,66.20,0.00,0.00,0.00,0.00,84.71
14.5040,154.9037,154.9319,84.3077,84.3152,0.00,0.00,71.59,85.18,0.00,0.00
14.5060,154.9809,154.9370,84.2901,84.3143,66.20,0.00,0.00,85.18,0.00,0.00
14.5080,155.0578,154.9543,84.2725,84.3123,66.20,0.00,0.00,85.18,0.00,0.00
14.5100,155.1344,154.9895,84.2550,84.3088,66.20,0.00,0.00,85.18,0.00,0.00
14.5120,155.2108,155.0463,84.2375,84.3035,66.20,0.00,0.00,85.18,0.00,0.00
14.5140,155.2870,155.1264,84.2201,84.2962,66.20,0.00,0.00,85.18,0.00,0.00
14.5160,155.3629,155.2292,84.2028,84.2867,66.20,0.00,0.00,85.18,0.00,0.00
14.5180,155.4385,155.3520,84.1855,84.2746,66.20,0.00,0.00,85.18,0.00,0.00
14.5200,155.5139,155.4899,84.1683,84.2601,66.20,0.00,0.00,85.18,0.00,0.00
14.5220,155.5890,155.6368,84.1511,84.2429,66.20,0.00,0.00,85.18,0.00,0.00
14.5240,155.6639,155.7857,84.1340,84.2232,66.20,0.00,0.00,85.18,0.00,0.00
14.5260,155.7386,155.7846,84.1169,84.2010,0.00,0.00,71.57,85.19,0.00,0.00
14.5280,155.8130,155.7876,84.0999,84.1764,66.20,0.00,0.00,85.19,0.00,0.00
14.5300,155.8871,155.8007,84.0830,84.1497,66.20,0.00,0.00,85.19,0.00,0.00
14.5320,155.9610,155.8297,84.0661,84.1211,66.20,0.00,0.00,85.19,0.00,0.00
14.5340,156.0346,155.8787,84.0492,84.0908,66.20,0.00,0.00,85.19,0.00,0.00
14.5360,156.1079,155.9500,84.0325,84.0593,66.20,0.00,0.00,85.19,0.00,0.00
14.5380,156.1810,156.0435,84.0158,84.0269,66.20,0.00,0.00,85.19,0.00,0.00
14.5400,156.2539,156.1570,83.9991,83.9939,66.20,0.00,0.00,85.19,0.00,0.00
14.5420,156.3265,156.2864,83.9825,83.9608,66.20,0.00,0.00,85.19,0.00,0.00
14.5440,156.3988,156.4262,83.9660,83.9610,66.20,0.00,0.00,0.00,0.00,84.71
14.5460,156.4709,156.5697,83.9495,83.9606,66.20,0.00,0.00,85.19,0.00,0.00
14.5480,156.5427,156.5690,83.9331,83.9596,0.00,0.00,71.56,85.19,0.00,0.00
14.5500,156.6142,156.5737,83.9168,83.9574,66.20,0.00,0.00,85.19,0.00,0.00
14.5520,156.6855,156.5897,83.9005,83.9537,66.20,0.00,0.00,85.19,0.00,0.00
14.5540,156.7565,156.6221,83.8842,83.9484,66.20,0.00,0.00,85.19,0.00,0.00
14.5560,156.8273,156.6745,83.8681,83.9411,66.20,0.00,0.00,85.19,0.00,0.00
14.5580,156.8977,156.7485,83.8519,83.9317,66.20,0.00,0.00,85.19,0.00,0.00
14.5600,156.9680,156.8435,83.8359,83.9199,66.20,0.00,0.00,85.19,0.00,0.00
14.5620,157.0379,156.9569,83.8199,83.9058,66.20,0.00,0.00,85.19,0.00,0.00
14.5640,157.1076,157.0844,83.8040,83.8893,66.20,0.00,0.00,85.19,0.00,0.00
14.5660,157.1770,157.2203,83.7881,83.8704,66.20,0.00,0.00,85.19,0.00,0.00
14.5680,157.2462,157.3581,83.7723,83.8492,66.20,0.00,0.00,85.19,0.00,0.00
14.5700,157.3151,157.3571,83.7566,83.8259,0.00,0.00,71.54,85.20,0.00,0.00
14.5720,157.3837,157.3599,83.7409,83.8006,66.20,0.00,0.00,85.20,0.00,0.00
14.5740,157.4520,157.3720,83.7253,83.7737,66.20,0.00,0.00,85.20,0.00,0.00
14.5760,157.5201,157.3987,83.7097,83.7453,66.20,0.00,0.00,85.20,0.00,0.00
14.5780,157.5879,157.4440,83.6942,83.7158,66.20,0.00,0.00,85.20,0.00,0.00
14.5800,157.6554,157.5096,83.6788,83.6855,66.20,0.00,0.00,85.20,0.00,0.00
14.5820,157.7227,157.5957,83.6634,83.6549,66.20,0.00,0.00,85.20,0.00,0.00
14.5840,157.7897,157.7002,83.6481,83.6241,66.20,0.00,0.00,85.20,0.00,0.00
14.5860,157.8564,157.8193,83.6328,83.6245,66.20,0.00,0.00,0.00,0.00,84.71
14.5880,157.9228,157.9479,83.6176,83.6243,66.20,0.00,0.00,85.20,0.00,0.00
14.5900,157.9890,158.0799,83.6025,83.6235,66.20,0.00,0.00,85.20,0.00,0.00
14.5920,158.0548,158.0793,83.5875,83.6218,0.00,0.00,71.52,85.20,0.00,0.00
14.5940,158.1204,158.0835,83.5725,83.6188,66.20,0.00,0.00,85.20,0.00,0.00
14.5960,158.1858,158.0981,83.5575,83.6143,66.20,0.00,0.00,85.20,0.00,0.00
14.5980,158.2508,158.1277,83.5427,83.6081,66.20,0.00,0.00,85.20,0.00,0.00
14.6000,158.3156,158.1755,83.5279,83.5999,66.20,0.00,0.00,85.20,0.00,0.00
14.6020,158.3801,158.2430,83.5131,83.5897,66.20,0.00,0.00,85.20,0.00,0.00
14.6040,158.4443,158.3298,83.4984,83.5773,66.20,0.00,0.00,85.20,0.00,0.00
14.6060,158.5082,158.4334,83.4838,83.5627,66.20,0.00,0.00,85.20,0.00,0.00
14.6080,158.5719,158.5499,83.4693,83.5459,66.20,0.00,0.00,85.20,0.00,0.00
14.6100,158.6352,158.6742,83.4548,83.5270,66.20,0.00,0.00,85.20,0.00,0.00
14.6120,158.6983,158.8002,83.4404,83.5062,66.20,0.00,0.00,85.20,0.00,0.00
14.6140,158.7611,158.7993,83.4260,83.4834,0.00,0.00,71.51,85.20,0.00,0.00
14.6160,158.8236,158.8018,83.4117,83.4591,66.20,0.00,0.00,85.21,0.00,0.00
14.6180,158.8859,158.8128,83.3975,83.4334,66.20,0.00,0.00,85.21,0.00,0.00
14.6200,158.9478,158.8372,83.3834,83.4066,66.20,0.00,0.00,85.21,0.00,0.00
14.6220,159.0095,158.8783,83.3693,83.3791,66.20,0.00,0.00,85.21,0.00,0.00
14.6240,159.0709,158.9380,83.3552,83.3510,66.20,0.00,0.00,85.21,0.00,0.00
14.6260,159.1319,159.0162,83.3413,83.3229,66.20,0.00,0.00,85.21,0.00,0.00
14.6280,159.1927,159.1111,83.3274,83.3231,66.20,0.00,0.00,0.00,0.00,84.71
14.6300,159.2533,159.2193,83.3135,83.3228,66.20,0.00,0.00,85.21,0.00,0.00
14.6320,159.3135,159.3361,83.2998,83.3219,66.20,0.00,0.00,85.21,0.00,0.00
14.6340,159.3734,159.4559,83.2861,83.3201,66.20,0.00,0.00,85.21,0.00,0.00
14.6360,159.4331,159.4554,83.2724,83.3171,0.00,0.00,71.49,85.21,0.00,0.00
14.6380,159.4924,159.4592,83.2589,83.3127,66.20,0.00,0.00,85.21,0.00,0.00
14.6400,159.5515,159.4723,83.2454,83.3066,66.20,0.00,0.00,85.21,0.00,0.00
14.6420,159.6102,159.4989,83.2319,83.2988,66.20,0.00,0.00,85.21,0.00,0.00
14.6440,159.6687,159.5420,83.2186,83.2890,66.20,0.00,0.00,85.21,0.00,0.00
14.6460,159.7269,159.6028,83.2053,83.2773,66.20,0.00,0.00,85.21,0.00,0.00
14.6480,159.7848,159.6810,83.1920,83.2636,66.20,0.00,0.00,85.21,0.00,0.00
14.6500,159.8424,159.7743,83.1789,83.2480,66.20,0.00,0.00,85.21,0.00,0.00
14.6520,159.8997,159.8794,83.1658,83.2304,66.20,0.00,0.00,85.21,0.00,0.00
14.6540,159.9567,159.9914,83.1527,83.2110,66.20,0.00,0.00,85.21,0.00,0.00
14.6560,160.0134,160.1050,83.1398,83.1901,66.20,0.00,0.00,85.21,0.00,0.00
14.6580,160.0699,160.1042,83.1269,83.1677,0.00,0.00,71.48,85.21,0.00,0.00
14.6600,160.1260,160.1064,83.1141,83.1442,66.20,0.00,0.00,85.21,0.00,0.00
14.6620,160.1818,160.1163,83.1013,83.1197,66.20,0.00,0.00,85.22,0.00,0.00
14.6640,160.2373,160.1381,83.0886,83.0946,66.20,0.00,0.00,85.22,0.00,0.00
14.6660,160.2925,160.1748,83.0760,83.0691,66.20,0.00,0.00,85.22,0.00,0.00
14.6680,160.3475,160.2282,83.0634,83.0436,66.20,0.00,0.00,85.22,0.00,0.00
14.6700,160.4021,160.2981,83.0509,83.0439,66.20,0.00,0.00,0.00,0.00,84.71
14.6720,160.4564,160.3830,83.0385,83.0438,66.20,0.00,0.00,85.22,0.00,0.00
14.6740,160.5105,160.4797,83.0262,83.0431,66.20,0.00,0.00,85.22,0.00,0.00
14.6760,160.5642,160.5842,83.0139,83.0417,66.20,0.00,0.00,85.22,0.00,0.00
14.6780,160.6176,160.6914,83.0017,83.0394,66.20,0.00,0.00,85.22,0.00,0.00
14.6800,160.6707,160.6909,82.9895,83.0357,0.00,0.00,71.46,85.22,0.00,0.00
14.6820,160.7236,160.6942,82.9775,83.0307,66.20,0.00,0.00,85.22,0.00,0.00
14.6840,160.7761,160.7058,82.9655,83.0242,66.20,0.00,0.00,85.22,0.00,0.00
14.6860,160.8283,160.7293,82.9535,83.0159,66.20,0.00,0.00,85.22,0.00,0.00
14.6880,160.8802,160.7675,82.9417,83.0059,66.20,0.00,0.00,85.22,0.00,0.00
14.6900,160.9318,160.8213,82.9299,82.9942,66.20,0.00,0.00,85.22,0.00,0.00
14.6920,160.9831,160.8906,82.9181,82.9806,66.20,0.00,0.00,85.22,0.00,0.00
14.6940,161.0341,160.9733,82.9065,82.9654,66.20,0.00,0.00,85.22,0.00,0.00
14.6960,161.0848,161.0664,82.8949,82.9486,66.20,0.00,0.00,85.22,0.00,0.00
14.6980,161.1352,161.1656,82.8834,82.9303,66.20,0.00,0.00,85.22,0.00,0.00
14.7000,161.1852,161.2663,82.8719,82.9106,66.20,0.00,0.00,85.22,0.00,0.00
14.7020,161.2350,161.2656,82.8606,82.8899,0.00,0.00,71.45,85.22,0.00,0.00
14.7040,161.2844,161.2675,82.8493,82.8683,66.20,0.00,0.00,85.22,0.00,0.00
14.7060,161.3336,161.2761,82.8380,82.8461,66.20,0.00,0.00,85.22,0.00,0.00
14.7080,161.3824,161.2952,82.8269,82.8235,66.20,0.00,0.00,85.22,0.00,0.00
14.7100,161.4310,161.3273,82.8158,82.8008,66.20,0.00,0.00,85.22,0.00,0.00
14.7120,161.4792,161.3741,82.8048,82.8010,66.20,0.00,0.00,0.00,0.00,84.71
14.7140,161.5271,161.4354,82.7938,82.8008,66.20,0.00,0.00,85.22,0.00,0.00
14.7160,161.5747,161.5098,82.7829,82.8001,66.20,0.00,0.00,85.22,0.00,0.00
14.7180,161.6220,161.5946,82.7721,82.7987,66.20,0.00,0.00,85.22,0.00,0.00
14.7200,161.6689,161.6862,82.7614,82.7964,66.20,0.00,0.00,85.22,0.00,0.00
14.7220,161.7156,161.7802,82.7507,82.7929,66.20,0.00,0.00,85.22,0.00,0.00
14.7240,161.7620,161.7798,82.7401,82.7882,0.00,0.00,71.44,85.22,0.00,0.00
14.7260,161.8080,161.7827,82.7296,82.7822,66.20,0.00,0.00,85.22,0.00,0.00
14.7280,161.8537,161.7927,82.7192,82.7746,66.20,0.00,0.00,85.22,0.00,0.00
14.7300,161.8991,161.8131,82.7088,82.7655,66.20,0.00,0.00,85.22,0.00,0.00
14.7320,161.9442,161.8461,82.6985,82.7548,66.20,0.00,0.00,85.22,0.00,0.00
14.7340,161.9890,161.8928,82.6882,82.7426,66.20,0.00,0.00,85.22,0.00,0.00
14.7360,162.0334,161.9528,82.6781,82.7290,66.20,0.00,0.00,85.23,0.00,0.00
14.7380,162.0776,162.0246,82.6680,82.7139,66.20,0.00,0.00,85.23,0.00,0.00
14.7400,162.1214,162.1053,82.6580,82.6976,66.20,0.00,0.00,85.23,0.00,0.00
14.7420,162.1649,162.1913,82.6480,82.6802,66.20,0.00,0.00,85.23,0.00,0.00
14.7440,162.2081,162.2786,82.6381,82.6618,66.20,0.00,0.00,85.23,0.00,0.00
14.7460,162.2510,162.2779,82.6283,82.6428,0.00,0.00,71.43,85.23,0.00,0.00
14.7480,162.2935,162.2795,82.6186,82.6232,66.20,0.00,0.00,85.23,0.00,0.00
14.7500,162.3358,162.2868,82.6090,82.6034,66.20,0.00,0.00,85.23,0.00,0.00
14.7520,162.3777,162.3030,82.5994,82.5836,66.20,0.00,0.00,85.23,0.00,0.00
14.7540,162.4193,162.3304,82.5899,82.5839,66.20,0.00,0.00,0.00,0.00,84.71
14.7560,162.4606,162.3703,82.5804,82.5838,66.20,0.00,0.00,85.23,0.00,0.00
14.7580,162.5015,162.4226,82.5711,82.5833,66.20,0.00,0.00,85.23,0.00,0.00
14.7600,162.5422,162.4862,82.5618,82.5823,66.20,0.00,0.00,85.23,0.00,0.00
14.7620,162.5825,162.5587,82.5526,82.5806,66.20,0.00,0.00,85.23,0.00,0.00
14.7640,162.6225,162.6370,82.5434,82.5779,66.20,0.00,0.00,85.23,0.00,0.00
14.7660,162.6622,162.7173,82.5344,82.5743,66.20,0.00,0.00,85.23,0.00,0.00
14.7680,162.7015,162.7169,82.5254,82.5694,0.00,0.00,71.42,85.23,0.00,0.00
14.7700,162.7405,162.7194,82.5164,82.5633,66.20,0.00,0.00,85.23,0.00,0.00
14.7720,162.7792,162.7278,82.5076,82.5559,66.20,0.00,0.00,85.23,0.00,0.00
14.7740,162.8176,162.7449,82.4988,82.5472,66.20,0.00,0.00,85.23,0.00,0.00
14.7760,162.8557,162.7727,82.4901,82.5372,66.20,0.00,0.00,85.23,0.00,0.00
14.7780,162.8934,162.8121,82.4815,82.5259,66.20,0.00,0.00,85.23,0.00,0.00
14.7800,162.9308,162.8626,82.4730,82.5134,66.20,0.00,0.00,85.23,0.00,0.00
14.7820,162.9679,162.9231,82.4645,82.4998,66.20,0.00,0.00,85.23,0.00,0.00
14.7840,163.0047,162.9910,82.4561,82.4852,66.20,0.00,0.00,85.23,0.00,0.00
14.7860,163.0411,163.0635,82.4477,82.4698,66.20,0.00,0.00,85.23,0.00,0.00
14.7880,163.0772,163.1369,82.4395,82.4538,66.20,0.00,0.00,85.23,0.00,0.00
14.7900,163.1130,163.1364,82.4313,82.4373,0.00,0.00,71.41,85.23,0.00,0.00
14.7920,163.1484,163.1376,82.4232,82.4205,66.20,0.00,0.00,85.23,0.00,0.00
14.7940,163.1836,163.1435,82.4152,82.4037,66.20,0.00,0.00,85.23,0.00,0.00
14.7960,163.2184,163.1567,82.4072,82.4038,66.20,0.00,0.00,0.00,0.00,84.71
14.7980,163.2528,163.1791,82.3994,82.4037,66.20,0.00,0.00,85.23,0.00,0.00
14.8000,163.2870,163.2119,82.3915,82.4032,66.20,0.00,0.00,85.23,0.00,0.00
14.8020,163.3208,163.2550,82.3838,82.4023,66.20,0.00,0.00,85.23,0.00,0.00
14.8040,163.3543,163.3074,82.3762,82.4007,66.20,0.00,0.00,85.23,0.00,0.00
14.8060,163.3874,163.3672,82.3686,82.3983,66.20,0.00,0.00,85.23,0.00,0.00
14.8080,163.4203,163.4319,82.3611,82.3951,66.20,0.00,0.00,85.23,0.00,0.00
14.8100,163.4528,163.4982,82.3537,82.3908,66.20,0.00,0.00,85.23,0.00,0.00
14.8120,163.4849,163.4979,82.3463,82.3856,0.00,0.00,71.40,85.23,0.00,0.00
14.8140,163.5168,163.4998,82.3390,82.3792,66.20,0.00,0.00,85.23,0.00,0.00
14.8160,163.5483,163.5066,82.3318,82.3718,66.20,0.00,0.00,85.24,0.00,0.00
14.8180,163.5794,163.5204,82.3247,82.3632,66.20,0.00,0.00,85.24,0.00,0.00
14.8200,163.6103,163.5429,82.3177,82.3537,66.20,0.00,0.00,85.24,0.00,0.00
14.8220,163.6408,163.5747,82.3107,82.3431,66.20,0.00,0.00,85.24,0.00,0.00
14.8240,163.6710,163.6156,82.3038,82.3317,66.20,0.00,0.00,85.24,0.00,0.00
14.8260,163.7008,163.6645,82.2970,82.3195,66.20,0.00,0.00,85.24,0.00,0.00
14.8280,163.7303,163.7194,82.2902,82.3067,66.20,0.00,0.00,85.24,0.00,0.00
14.8300,163.7595,163.7780,82.2835,82.2934,66.20,0.00,0.00,85.24,0.00,0.00
14.8320,163.7884,163.8372,82.2769,82.2798,66.20,0.00,0.00,85.24,0.00,0.00
14.8340,163.8169,163.8367,82.2704,82.2660,0.00,0.00,71.40,85.24,0.00,0.00
14.8360,163.8451,163.8376,82.2640,82.2521,66.20,0.00,0.00,85.24,0.00,0.00
14.8380,163.8729,163.8420,82.2576,82.2524,66.20,0.00,0.00,0.00,0.00,84.71
14.8400,163.9004,163.8521,82.2513,82.2524,66.20,0.00,0.00,85.24,0.00,0.00
14.8420,163.9276,163.8695,82.2451,82.2521,66.20,0.00,0.00,85.24,0.00,0.00
14.8440,163.9544,163.8950,82.2390,82.2516,66.20,0.00,0.00,85.24,0.00,0.00
14.8460,163.9809,163.9286,82.2329,82.2505,66.20,0.00,0.00,85.24,0.00,0.00
14.8480,164.0071,163.9696,82.2269,82.2489,66.20,0.00,0.00,85.24,0.00,0.00
14.8500,164.0329,164.0165,82.2210,82.2466,66.20,0.00,0.00,85.24,0.00,0.00
14.8520,164.0584,164.0671,82.2152,82.2436,66.20,0.00,0.00,85.24,0.00,0.00
14.8540,164.0836,164.1191,82.2095,82.2398,66.20,0.00,0.00,85.24,0.00,0.00
14.8560,164.1084,164.1189,82.2038,82.2352,0.00,0.00,71.39,85.24,0.00,0.00
14.8580,164.1329,164.1203,82.1982,82.2297,66.20,0.00,0.00,85.24,0.00,0.00
14.8600,164.1571,164.1254,82.1927,82.2233,66.20,0.00,0.00,85.24,0.00,0.00
14.8620,164.1809,164.1359,82.1872,82.2161,66.20,0.00,0.00,85.24,0.00,0.00
14.8640,164.2044,164.1530,82.1819,82.2082,66.20,0.00,0.00,85.24,0.00,0.00
14.8660,164.2275,164.1771,82.1766,82.1995,66.20,0.00,0.00,85.24,0.00,0.00
14.8680,164.2503,164.2082,82.1714,82.1903,66.20,0.00,0.00,85.24,0.00,0.00
14.8700,164.2728,164.2453,82.1662,82.1805,66.20,0.00,0.00,85.24,0.00,0.00
14.8720,164.2949,164.2870,82.1612,82.1702,66.20,0.00,0.00,85.24,0.00,0.00
14.8740,164.3167,164.3313,82.1562,82.1597,66.20,0.00,0.00,85.24,0.00,0.00
14.8760,164.3382,164.3761,82.1513,82.1491,66.20,0.00,0.00,85.24,0.00,0.00
14.8780,164.3593,164.3757,82.1465,82.1384,0.00,0.00,71.38,85.24,0.00,0.00
14.8800,164.3801,164.3761,82.1417,82.1386,66.20,0.00,0.00,0.00,0.00,84.71
14.8820,164.4005,164.3790,82.1370,82.1385,66.20,0.00,0.00,85.24,0.00,0.00
14.8840,164.4206,164.3860,82.1324,82.1383,66.20,0.00,0.00,85.24,0.00,0.00
14.8860,164.4403,164.3982,82.1279,82.1378,66.20,0.00,0.00,85.24,0.00,0.00
14.8880,164.4598,164.4163,82.1235,82.1370,66.20,0.00,0.00,85.24,0.00,0.00
14.8900,164.4788,164.4403,82.1191,82.1357,66.20,0.00,0.00,85.24,0.00,0.00
14.8920,164.4976,164.4696,82.1148,82.1340,66.20,0.00,0.00,85.24,0.00,0.00
14.8940,164.5160,164.5033,82.1106,82.1317,66.20,0.00,0.00,85.24,0.00,0.00
14.8960,164.5340,164.5397,82.1065,82.1288,66.20,0.00,0.00,85.24,0.00,0.00
14.8980,164.5517,164.5771,82.1025,82.1253,66.20,0.00,0.00,85.24,0.00,0.00
14.9000,164.5691,164.5769,82.0985,82.1212,0.00,0.00,71.38,85.24,0.00,0.00
14.9020,164.5861,164.5779,82.0946,82.1164,66.20,0.00,0.00,85.24,0.00,0.00
14.9040,164.6028,164.5813,82.0908,82.1111,66.20,0.00,0.00,85.24,0.00,0.00
14.9060,164.6192,164.5884,82.0870,82.1053,66.20,0.00,0.00,85.24,0.00,0.00
14.9080,164.6352,164.6000,82.0834,82.0990,66.20,0.00,0.00,85.24,0.00,0.00
14.9100,164.6508,164.6164,82.0798,82.0922,66.20,0.00,0.00,85.24,0.00,0.00
14.9120,164.6661,164.6375,82.0763,82.0851,66.20,0.00,0.00,85.24,0.00,0.00
14.9140,164.6811,164.6627,82.0729,82.0778,66.20,0.00,0.00,85.24,0.00,0.00
14.9160,164.6958,164.6909,82.0695,82.0702,66.20,0.00,0.00,85.24,0.00,0.00
14.9180,164.7101,164.7208,82.0663,82.0627,66.20,0.00,0.00,85.24,0.00,0.00
14.9200,164.7240,164.7509,82.0631,82.0627,66.20,0.00,0.00,0.00,0.00,84.71
14.9220,164.7376,164.7506,82.0600,82.0626,0.00,0.00,71.38,85.24,0.00,0.00
14.9240,164.7509,164.7506,82.0569,82.0624,66.20,0.00,0.00,85.24,0.00,0.00
14.9260,164.7638,164.7520,82.0540,82.0619,66.20,0.00,0.00,85.24,0.00,0.00
14.9280,164.7764,164.7558,82.0511,82.0612,66.20,0.00,0.00,85.24,0.00,0.00
14.9300,164.7886,164.7627,82.0483,82.0602,66.20,0.00,0.00,85.24,0.00,0.00
14.9320,164.8005,164.7733,82.0456,82.0589,66.20,0.00,0.00,85.24,0.00,0.00
14.9340,164.8121,164.7875,82.0430,82.0572,66.20,0.00,0.00,85.24,0.00,0.00
14.9360,164.8233,164.8051,82.0404,82.0550,66.20,0.00,0.00,85.24,0.00,0.00
14.9380,164.8341,164.8253,82.0379,82.0525,66.20,0.00,0.00,85.24,0.00,0.00
14.9400,164.8447,164.8473,82.0355,82.0496,66.20,0.00,0.00,85.24,0.00,0.00
14.9420,164.8548,164.8700,82.0332,82.0464,66.20,0.00,0.00,85.24,0.00,0.00
14.9440,164.8647,164.8698,82.0309,82.0428,0.00,0.00,71.37,85.24,0.00,0.00
14.9460,164.8742,164.8703,82.0288,82.0388,66.20,0.00,0.00,85.24,0.00,0.00
14.9480,164.8833,164.8720,82.0267,82.0346,66.20,0.00,0.00,85.24,0.00,0.00
14.9500,164.8921,164.8757,82.0247,82.0302,66.20,0.00,0.00,85.24,0.00,0.00
14.9520,164.9006,164.8818,82.0227,82.0257,66.20,0.00,0.00,85.24,0.00,0.00
14.9540,164.9087,164.8904,82.0209,82.0210,66.20,0.00,0.00,85.24,0.00,0.00
14.9560,164.9164,164.9015,82.0191,82.0163,66.20,0.00,0.00,85.24,0.00,0.00
14.9580,164.9239,164.9147,82.0174,82.0164,66.20,0.00,0.00,0.00,0.00,84.71
14.9600,164.9309,164.9293,82.0158,82.0164,66.20,0.00,0.00,85.24,0.00,0.00
14.9620,164.9377,164.9447,82.0142,82.0163,66.20,0.00,0.00,85.24,0.00,0.00
14.9640,164.9441,164.9447,82.0128,82.0161,0.00,0.00,71.37,85.24,0.00,0.00
14.9660,164.9501,164.9452,82.0114,82.0159,66.20,0.00,0.00,85.24,0.00,0.00
14.9680,164.9558,164.9468,82.0101,82.0154,66.20,0.00,0.00,85.24,0.00,0.00
14.9700,164.9611,164.9498,82.0089,82.0149,66.20,0.00,0.00,85.24,0.00,0.00
14.9720,164.9662,164.9543,82.0077,82.0141,66.20,0.00,0.00,85.24,0.00,0.00
14.9740,164.9708,164.9604,82.0067,82.0132,66.20,0.00,0.00,85.24,0.00,0.00
14.9760,164.9751,164.9679,82.0057,82.0121,66.20,0.00,0.00,85.24,0.00,0.00
14.9780,164.9791,164.9764,82.0048,82.0109,66.20,0.00,0.00,85.24,0.00,0.00
14.9800,164.9827,164.9854,82.0039,82.0095,66.20,0.00,0.00,85.24,0.00,0.00
14.9820,164.9860,164.9945,82.0032,82.0079,66.20,0.00,0.00,85.24,0.00,0.00
14.9840,164.9889,164.9944,82.0025,82.0063,0.00,0.00,71.37,85.24,0.00,0.00
14.9860,164.9915,164.9942,82.0019,82.0045,0.00,0.00,71.37,85.24,0.00,0.00
14.9880,164.9938,164.9940,82.0014,82.0027,0.00,0.00,71.37,85.24,0.00,0.00
14.9900,164.9957,164.9942,82.0010,82.0008,66.20,0.00,0.00,85.25,0.00,0.00
14.9920,164.9972,164.9947,82.0006,81.9990,66.20,0.00,0.00,85.25,0.00,0.00
14.9940,164.9984,164.9955,82.0004,81.9991,66.20,0.00,0.00,0.00,0.00,84.71
14.9960,164.9993,164.9967,82.0002,81.9992,66.20,0.00,0.00,0.00,0.00,84.71
14.9980,164.9998,164.9982,82.0000,81.9993,66.20,0.00,0.00,0.00,0.00,84.71
15.0000,165.0000,164.9998,82.0000,81.9994,66.20,0.00,0.00,0.00,0.00,84.71
15.0020,164.9998,165.0014,82.0000,81.9996,66.20,0.00,0.00,0.00,0.00,84.71
15.0040,164.9993,165.0014,82.0002,81.9998,0.00,0.00,71.37,0.00,0.00,84.71
15.0060,164.9984,165.0013,82.0004,82.0000,0.00,0.00,71.37,0.00,0.00,84.71
15.0080,164.9972,165.0011,82.0006,82.0003,0.00,0.00,71.37,0.00,0.00,84.71
15.0100,164.9957,165.0008,82.0010,82.0005,0.00,0.00,71.37,0.00,0.00,84.71
15.0120,164.9938,165.0003,82.0014,82.0008,0.00,0.00,71.37,0.00,0.00,84.71
15.0140,164.9915,164.9997,82.0019,82.0012,0.00,0.00,71.37,0.00,0.00,84.71
15.0160,164.9889,164.9989,82.0025,82.0015,0.00,0.00,71.37,0.00,0.00,84.71
15.0180,164.9860,164.9978,82.0032,82.0020,0.00,0.00,71.37,0.00,0.00,84.71
15.0200,164.9827,164.9963,82.0039,82.0025,0.00,0.00,71.37,0.00,0.00,84.71
15.0220,164.9791,164.9946,82.0048,82.0031,0.00,0.00,71.37,0.00,0.00,84.71
15.0240,164.9751,164.9925,82.0057,82.0038,0.00,0.00,71.37,0.00,0.00,84.71
15.0260,164.9708,164.9899,82.0067,82.0047,0.00,0.00,71.37,0.00,0.00,84.71
15.0280,164.9662,164.9869,82.0077,82.0056,0.00,0.00,71.37,0.00,0.00,84.71
15.0300,164.9611,164.9833,82.0089,82.0066,0.00,0.00,71.37,0.00,0.00,84.71
15.0320,164.9558,164.9793,82.0101,82.0078,0.00,0.00,71.37,0.00,0.00,84.71
15.0340,164.9501,164.9746,82.0114,82.0091,0.00,0.00,71.37,0.00,0.00,84.71
15.0360,164.9441,164.9694,82.0128,82.0105,0.00,0.00,71.37,0.00,0.00,84.71
15.0380,164.9377,164.9635,82.0142,82.0121,0.00,0.00,71.37,0.00,0.00,84.71
15.0400,164.9309,164.9570,82.0158,82.0138,0.00,0.00,71.37,0.00,0.00,84.71
15.0420,164.9239,164.9499,82.0174,82.0157,0.00,0.00,71.37,0.00,0.00,84.71
15.0440,164.9164,164.9421,82.0191,82.0176,0.00,0.00,71.37,0.00,0.00,84.71
15.0460,164.9087,164.9337,82.0209,82.0197,0.00,0.00,71.37,0.00,0.00,84.71
15.0480,164.9006,164.9246,82.0227,82.0219,0.00,0.00,71.37,0.00,0.00,84.71
15.0500,164.8921,164.9149,82.0247,82.0242,0.00,0.00,71.37,0.00,0.00,84.71
15.0520,164.8833,164.9046,82.0267,82.0265,0.00,0.00,71.37,0.00,0.00,84.71
15.0540,164.8742,164.8938,82.0288,82.0290,0.00,0.00,71.37,0.00,0.00,84.71
15.0560,164.8647,164.8823,82.0309,82.0315,0.00,0.00,71.37,0.00,0.00,84.71
15.0580,164.8548,164.8704,82.0332,82.0341,0.00,0.00,71.37,0.00,0.00,84.71
15.0600,164.8447,164.8580,82.0355,82.0367,0.00,0.00,71.37,0.00,0.00,84.71
15.0620,164.8341,164.8451,82.0379,82.0394,0.00,0.00,71.37,0.00,0.00,84.71
15.0640,164.8233,164.8318,82.0404,82.0421,0.00,0.00,71.37,0.00,0.00,84.71
15.0660,164.8121,164.8181,82.0430,82.0448,0.00,0.00,71.37,0.00,0.00,84.71
15.0680,164.8005,164.8041,82.0456,82.0476,0.00,0.00,71.37,0.00,0.00,84.71
15.0700,164.7886,164.7899,82.0483,82.0504,0.00,0.00,71.37,0.00,0.00,84.71
15.0720,164.7764,164.7753,82.0511,82.0532,0.00,0.00,71.38,0.00,0.00,84.71
15.0740,164.7638,164.7606,82.0540,82.0560,0.00,0.00,71.38,0.00,0.00,84.71
15.0760,164.7509,164.7457,82.0569,82.0589,0.00,0.00,71.38,0.00,0.00,84.71
15.0780,164.7376,164.7306,82.0600,82.0618,0.00,0.00,71.38,0.00,0.00,84.71
15.0800,164.7240,164.7155,82.0631,82.0648,0.00,0.00,71.38,0.00,0.00,84.71
15.0820,164.7101,164.7002,82.0663,82.0678,0.00,0.00,71.38,0.00,0.00,84.71
15.0840,164.6958,164.6848,82.0695,82.0709,0.00,0.00,71.38,0.00,0.00,84.71
15.0860,164.6811,164.6694,82.0729,82.0740,0.00,0.00,71.38,0.00,0.00,84.71
15.0880,164.6661,164.6539,82.0763,82.0773,0.00,0.00,71.38,0.00,0.00,84.71
15.0900,164.6508,164.6384,82.0798,82.0806,0.00,0.00,71.38,0.00,0.00,84.71
15.0920,164.6352,164.6228,82.0834,82.0841,0.00,0.00,71.38,0.00,0.00,84.71
15.0940,164.6192,164.6071,82.0870,82.0876,0.00,0.00,71.38,0.00,0.00,84.71
15.0960,164.6028,164.5914,82.0908,82.0913,0.00,0.00,71.38,0.00,0.00,84.71
15.0980,164.5861,164.5755,82.0946,82.0951,0.00,0.00,71.38,0.00,0.00,84.71
15.1000,164.5691,164.5595,82.0985,82.0990,0.00,0.00,71.38,0.00,0.00,84.71
15.1020,164.5517,164.5434,82.1025,82.1030,0.00,0.00,71.38,0.00,0.00,84.71
15.1040,164.5340,164.5271,82.1065,82.1072,0.00,0.00,71.38,0.00,0.00,84.71
15.1060,164.5160,164.5105,82.1106,82.1115,0.00,0.00,71.38,0.00,0.00,84.71
15.1080,164.4976,164.4937,82.1148,82.1159,0.00,0.00,71.38,0.00,0.00,84.71
15.1100,164.4788,164.4766,82.1191,82.1204,0.00,0.00,71.38,0.00,0.00,84.71
15.1120,164.4598,164.4592,82.1235,82.1250,0.00,0.00,71.38,0.00,0.00,84.71
15.1140,164.4403,164.4414,82.1279,82.1298,0.00,0.00,71.38,0.00,0.00,84.71
15.1160,164.4206,164.4232,82.1324,82.1346,0.00,0.00,71.38,0.00,0.00,84.71
15.1180,164.4005,164.4045,82.1370,82.1395,0.00,0.00,71.38,0.00,0.00,84.71
15.1200,164.3801,164.3854,82.1417,82.1445,0.00,0.00,71.38,0.00,0.00,84.71
15.1220,164.3593,164.3658,82.1465,82.1496,0.00,0.00,71.38,0.00,0.00,84.71
15.1240,164.3382,164.3456,82.1513,82.1547,0.00,0.00,71.38,0.00,0.00,84.71
15.1260,164.3167,164.3248,82.1562,82.1599,0.00,0.00,71.39,0.00,0.00,84.71
15.1280,164.2949,164.3035,82.1612,82.1651,0.00,0.00,71.39,0.00,0.00,84.71
15.1300,164.2728,164.2816,82.1662,82.1703,0.00,0.00,71.39,0.00,0.00,84.71
15.1320,164.2503,164.2591,82.1714,82.1756,0.00,0.00,71.39,0.00,0.00,84.71
15.1340,164.2275,164.2360,82.1766,82.1809,0.00,0.00,71.39,0.00,0.00,84.71
15.1360,164.2044,164.2123,82.1819,82.1863,0.00,0.00,71.39,0.00,0.00,84.71
15.1380,164.1809,164.1880,82.1872,82.1917,0.00,0.00,71.39,0.00,0.00,84.71
15.1400,164.1571,164.1631,82.1927,82.1971,0.00,0.00,71.39,0.00,0.00,84.71
15.1420,164.1329,164.1376,82.1982,82.2026,0.00,0.00,71.39,0.00,0.00,84.71
15.1440,164.1084,164.1116,82.2038,82.2081,0.00,0.00,71.39,0.00,0.00,84.71
15.1460,164.0836,164.0851,82.2095,82.2136,0.00,0.00,71.39,0.00,0.00,84.71
15.1480,164.0584,164.0580,82.2152,82.2192,0.00,0.00,71.39,0.00,0.00,84.71
15.1500,164.0329,164.0305,82.2210,82.2249,0.00,0.00,71.39,0.00,0.00,84.71
15.1520,164.0071,164.0025,82.2269,82.2307,0.00,0.00,71.39,0.00,0.00,84.71
15.1540,163.9809,163.9742,82.2329,82.2365,0.00,0.00,71.39,0.00,0.00,84.71
15.1560,163.9544,163.9455,82.2390,82.2424,0.00,0.00,71.39,0.00,0.00,84.71
15.1580,163.9276,163.9164,82.2451,82.2485,0.00,0.00,71.39,0.00,0.00,84.71
15.1600,163.9004,163.8871,82.2513,82.2546,0.00,0.00,71.39,0.00,0.00,84.71
15.1620,163.8729,163.8575,82.2576,82.2608,0.00,0.00,71.40,0.00,0.00,84.71
15.1640,163.8451,163.8277,82.2640,82.2672,0.00,0.00,71.40,0.00,0.00,84.71
15.1660,163.8169,163.7976,82.2704,82.2736,0.00,0.00,71.40,0.00,0.00,84.71
15.1680,163.7884,163.7675,82.2769,82.2802,0.00,0.00,71.40,0.00,0.00,84.71
15.1700,163.7595,163.7371,82.2835,82.2869,0.00,0.00,71.40,0.00,0.00,84.71
15.1720,163.7303,163.7067,82.2902,82.2938,0.00,0.00,71.40,0.00,0.00,84.71
15.1740,163.7008,163.6762,82.2970,82.3007,0.00,0.00,71.40,0.00,0.00,84.71
15.1760,163.6710,163.6455,82.3038,82.3077,0.00,0.00,71.40,0.00,0.00,84.71
15.1780,163.6408,163.6148,82.3107,82.3149,0.00,0.00,71.40,0.00,0.00,84.71
15.1800,163.6103,163.5840,82.3177,82.3221,0.00,0.00,71.40,0.00,0.00,84.71
15.1820,163.5794,163.5531,82.3247,82.3295,0.00,0.00,71.40,0.00,0.00,84.71
15.1840,163.5483,163.5222,82.3318,82.3369,0.00,0.00,71.40,0.00,0.00,84.71
15.1860,163.5168,163.4911,82.3390,82.3444,0.00,0.00,71.40,0.00,0.00,84.71
15.1880,163.4849,163.4599,82.3463,82.3519,0.00,0.00,71.40,0.00,0.00,84.71
15.1900,163.4528,163.4286,82.3537,82.3595,0.00,0.00,71.40,0.00,0.00,84.71
15.1920,163.4203,163.3971,82.3611,82.3672,0.00,0.00,71.41,0.00,0.00,84.71
15.1940,163.3874,163.3655,82.3686,82.3749,0.00,0.00,71.41,0.00,0.00,84.71
15.1960,163.3543,163.3336,82.3762,82.3827,0.00,0.00,71.41,0.00,0.00,84.71
15.1980,163.3208,163.3014,82.3838,82.3905,0.00,0.00,71.41,0.00,0.00,84.71
15.2000,163.2870,163.2690,82.3915,82.3983,0.00,0.00,71.41,0.00,0.00,84.71
15.2020,163.2528,163.2363,82.3994,82.4062,0.00,0.00,71.41,0.00,0.00,84.71
15.2040,163.2184,163.2033,82.4072,82.4141,0.00,0.00,71.41,0.00,0.00,84.71
15.2060,163.1836,163.1698,82.4152,82.4220,0.00,0.00,71.41,0.00,0.00,84.71
15.2080,163.1484,163.1360,82.4232,82.4300,0.00,0.00,71.41,0.00,0.00,84.71
15.2100,163.1130,163.1017,82.4313,82.4380,0.00,0.00,71.41,0.00,0.00,84.71
15.2120,163.0772,163.0669,82.4395,82.4461,0.00,0.00,71.41,0.00,0.00,84.71
15.2140,163.0411,163.0317,82.4477,82.4543,0.00,0.00,71.41,0.00,0.00,84.71
15.2160,163.0047,162.9959,82.4561,82.4625,0.00,0.00,71.41,0.00,0.00,84.71
15.2180,162.9679,162.9596,82.4645,82.4707,0.00,0.00,71.42,0.00,0.00,84.71
15.2200,162.9308,162.9228,82.4730,82.4791,0.00,0.00,71.42,0.00,0.00,84.71
15.2220,162.8934,162.8854,82.4815,82.4875,0.00,0.00,71.42,0.00,0.00,84.71
15.2240,162.8557,162.8475,82.4901,82.4961,0.00,0.00,71.42,0.00,0.00,84.71
15.2260,162.8176,162.8090,82.4988,82.5047,0.00,0.00,71.42,0.00,0.00,84.71
15.2280,162.7792,162.7699,82.5076,82.5134,0.00,0.00,71.42,0.00,0.00,84.71
15.2300,162.7405,162.7303,82.5164,82.5223,0.00,0.00,71.42,0.00,0.00,84.71
15.2320,162.7015,162.6901,82.5254,82.5312,0.00,0.00,71.42,0.00,0.00,84.71
15.2340,162.6622,162.6495,82.5344,82.5403,0.00,0.00,71.42,0.00,0.00,84.71
15.2360,162.6225,162.6083,82.5434,82.5495,0.00,0.00,71.42,0.00,0.00,84.71
15.2380,162.5825,162.5667,82.5526,82.5587,0.00,0.00,71.42,0.00,0.00,84.71
15.2400,162.5422,162.5246,82.5618,82.5681,0.00,0.00,71.42,0.00,0.00,84.71
15.2420,162.5015,162.4821,82.5711,82.5776,0.00,0.00,71.43,0.00,0.00,84.71
15.2440,162.4606,162.4392,82.5804,82.5872,0.00,0.00,71.43,0.00,0.00,84.71
15.2460,162.4193,162.3959,82.5899,82.5969,0.00,0.00,71.43,0.00,0.00,84.71
15.2480,162.3777,162.3523,82.5994,82.6066,0.00,0.00,71.43,0.00,0.00,84.71
15.2500,162.3358,162.3085,82.6090,82.6165,0.00,0.00,71.43,0.00,0.00,84.71
15.2520,162.2935,162.2643,82.6186,82.6264,0.00,0.00,71.43,0.00,0.00,84.71
15.2540,162.2510,162.2200,82.6283,82.6364,0.00,0.00,71.43,0.00,0.00,84.71
15.2560,162.2081,162.1754,82.6381,82.6464,0.00,0.00,71.43,0.00,0.00,84.71
15.2580,162.1649,162.1306,82.6480,82.6565,0.00,0.00,71.43,0.00,0.00,84.71
15.2600,162.1214,162.0857,82.6580,82.6666,0.00,0.00,71.43,0.00,0.00,84.71
15.2620,162.0776,162.0407,82.6680,82.6768,0.00,0.00,71.44,0.00,0.00,84.71
15.2640,162.0334,161.9955,82.6781,82.6871,0.00,0.00,71.44,0.00,0.00,84.71
15.2660,161.9890,161.9502,82.6882,82.6973,0.00,0.00,71.44,0.00,0.00,84.71
15.2680,161.9442,161.9049,82.6985,82.7076,0.00,0.00,71.44,0.00,0.00,84.71
15.2700,161.8991,161.8594,82.7088,82.7180,0.00,0.00,71.44,0.00,0.00,84.71
15.2720,161.8537,161.8138,82.7192,82.7283,0.00,0.00,71.44,0.00,0.00,84.71
15.2740,161.8080,161.7682,82.7296,82.7388,0.00,0.00,71.44,0.00,0.00,84.71
15.2760,161.7620,161.7224,82.7401,82.7492,0.00,0.00,71.44,0.00,0.00,84.71
15.2780,161.7156,161.6765,82.7507,82.7597,0.00,0.00,71.44,0.00,0.00,84.71
15.2800,161.6689,161.6305,82.7614,82.7703,0.00,0.00,71.44,0.00,0.00,84.71
15.2820,161.6220,161.5843,82.7721,82.7810,0.00,0.00,71.45,0.00,0.00,84.71
15.2840,161.5747,161.5380,82.7829,82.7917,0.00,0.00,71.45,0.00,0.00,84.71
15.2860,161.5271,161.4914,82.7938,82.8024,0.00,0.00,71.45,0.00,0.00,84.71
15.2880,161.4792,161.4447,82.8048,82.8133,0.00,0.00,71.45,0.00,0.00,84.71
15.2900,161.4310,161.3977,82.8158,82.8243,0.00,0.00,71.45,0.00,0.00,84.71
15.2920,161.3824,161.3504,82.8269,82.8353,0.00,0.00,71.45,0.00,0.00,84.71
15.2940,161.3336,161.3027,82.8380,82.8464,0.00,0.00,71.45,0.00,0.00,84.71
15.2960,161.2844,161.2548,82.8493,82.8577,0.00,0.00,71.45,0.00,0.00,84.71
15.2980,161.2350,161.2065,82.8606,82.8690,0.00,0.00,71.45,0.00,0.00,84.71
15.3000,161.1852,161.1578,82.8719,82.8804,0.00,0.00,71.46,0.00,0.00,84.71
15.3020,161.1352,161.1087,82.8834,82.8920,0.00,0.00,71.46,0.00,0.00,84.71
15.3040,161.0848,161.0591,82.8949,82.9036,0.00,0.00,71.46,0.00,0.00,84.71
15.3060,161.0341,161.0091,82.9065,82.9153,0.00,0.00,71.46,0.00,0.00,84.71
15.3080,160.9831,160.9586,82.9181,82.9272,0.00,0.00,71.46,0.00,0.00,84.71
15.3100,160.9318,160.9076,82.9299,82.9391,0.00,0.00,71.46,0.00,0.00,84.71
15.3120,160.8802,160.8561,82.9417,82.9511,0.00,0.00,71.46,0.00,0.00,84.71
15.3140,160.8283,160.8041,82.9535,82.9632,0.00,0.00,71.46,0.00,0.00,84.71
15.3160,160.7761,160.7515,82.9655,82.9753,0.00,0.00,71.46,0.00,0.00,84.71
15.3180,160.7236,160.6985,82.9775,82.9876,0.00,0.00,71.47,0.00,0.00,84.71
15.3200,160.6707,160.6450,82.9895,82.9999,0.00,0.00,71.47,0.00,0.00,84.71
15.3220,160.6176,160.5910,83.0017,83.0122,0.00,0.00,71.47,0.00,0.00,84.71
15.3240,160.5642,160.5365,83.0139,83.0247,0.00,0.00,71.47,0.00,0.00,84.71
15.3260,160.5105,160.4815,83.0262,83.0371,0.00,0.00,71.47,0.00,0.00,84.71
15.3280,160.4564,160.4261,83.0385,83.0496,0.00,0.00,71.47,0.00,0.00,84.71
15.3300,160.4021,160.3703,83.0509,83.0622,0.00,0.00,71.47,0.00,0.00,84.71
15.3320,160.3475,160.3140,83.0634,83.0747,0.00,0.00,71.47,0.00,0.00,84.71
15.3340,160.2925,160.2574,83.0760,83.0874,0.00,0.00,71.47,0.00,0.00,84.71
15.3360,160.2373,160.2005,83.0886,83.1000,0.00,0.00,71.48,0.00,0.00,84.71
15.3380,160.1818,160.1432,83.1013,83.1127,0.00,0.00,71.48,0.00,0.00,84.71
15.3400,160.1260,160.0856,83.1141,83.1255,0.00,0.00,71.48,0.00,0.00,84.71
15.3420,160.0699,160.0278,83.1269,83.1383,0.00,0.00,71.48,0.00,0.00,84.71
15.3440,160.0134,159.9697,83.1398,83.1511,0.00,0.00,71.48,0.00,0.00,84.71
15.3460,159.9567,159.9114,83.1527,83.1640,0.00,0.00,71.48,0.00,0.00,84.71
15.3480,159.8997,159.8529,83.1658,83.1770,0.00,0.00,71.48,0.00,0.00,84.71
15.3500,159.8424,159.7943,83.1789,83.1900,0.00,0.00,71.49,0.00,0.00,84.71
15.3520,159.7848,159.7355,83.1920,83.2031,0.00,0.00,71.49,0.00,0.00,84.71
15.3540,159.7269,159.6765,83.2053,83.2162,0.00,0.00,71.49,0.00,0.00,84.71
15.3560,159.6687,159.6175,83.2186,83.2295,0.00,0.00,71.49,0.00,0.00,84.71
15.3580,159.6102,159.5583,83.2319,83.2428,0.00,0.00,71.49,0.00,0.00,84.71
15.3600,159.5515,159.4991,83.2454,83.2562,0.00,0.00,71.49,0.00,0.00,84.71
15.3620,159.4924,159.4397,83.2589,83.2697,0.00,0.00,71.49,0.00,0.00,84.71
15.3640,159.4331,159.3802,83.2724,83.2833,0.00,0.00,71.49,0.00,0.00,84.71
15.3660,159.3734,159.3207,83.2861,83.2970,0.00,0.00,71.50,0.00,0.00,84.71
15.3680,159.3135,159.2610,83.2998,83.3107,0.00,0.00,71.50,0.00,0.00,84.71
15.3700,159.2533,159.2012,83.3135,83.3246,0.00,0.00,71.50,0.00,0.00,84.71
15.3720,159.1927,159.1412,83.3274,83.3386,0.00,0.00,71.50,0.00,0.00,84.71
15.3740,159.1319,159.0812,83.3413,83.3526,0.00,0.00,71.50,0.00,0.00,84.71
15.3760,159.0709,159.0209,83.3552,83.3668,0.00,0.00,71.50,0.00,0.00,84.71
15.3780,159.0095,158.9604,83.3693,83.3810,0.00,0.00,71.50,0.00,0.00,84.71
15.3800,158.9478,158.8998,83.3834,83.3953,0.00,0.00,71.50,0.00,0.00,84.71
15.3820,158.8859,158.8389,83.3975,83.4096,0.00,0.00,71.51,0.00,0.00,84.71
15.3840,158.8236,158.7777,83.4117,83.4240,0.00,0.00,71.51,0.00,0.00,84.71
15.3860,158.7611,158.7162,83.4260,83.4385,0.00,0.00,71.51,0.00,0.00,84.71
15.3880,158.6983,158.6544,83.4404,83.4531,0.00,0.00,71.51,0.00,0.00,84.71
15.3900,158.6352,158.5923,83.4548,83.4677,0.00,0.00,71.51,0.00,0.00,84.71
15.3920,158.5719,158.5299,83.4693,83.4823,0.00,0.00,71.51,0.00,0.00,84.71
15.3940,158.5082,158.4670,83.4838,83.4970,0.00,0.00,71.51,0.00,0.00,84.71
15.3960,158.4443,158.4037,83.4984,83.5118,0.00,0.00,71.52,0.00,0.00,84.71
15.3980,158.3801,158.3401,83.5131,83.5266,0.00,0.00,71.52,0.00,0.00,84.71
15.4000,158.3156,158.2760,83.5279,83.5414,0.00,0.00,71.52,0.00,0.00,84.71
15.4020,158.2508,158.2114,83.5427,83.5562,0.00,0.00,71.52,0.00,0.00,84.71
15.4040,158.1858,158.1465,83.5575,83.5711,0.00,0.00,71.52,0.00,0.00,84.71
15.4060,158.1204,158.0810,83.5725,83.5861,0.00,0.00,71.52,0.00,0.00,84.71
15.4080,158.0548,158.0151,83.5875,83.6010,0.00,0.00,71.52,0.00,0.00,84.71
15.4100,157.9890,157.9488,83.6025,83.6161,0.00,0.00,71.53,0.00,0.00,84.71
15.4120,157.9228,157.8820,83.6176,83.6311,0.00,0.00,71.53,0.00,0.00,84.71
15.4140,157.8564,157.8148,83.6328,83.6463,0.00,0.00,71.53,0.00,0.00,84.71
15.4160,157.7897,157.7471,83.6481,83.6615,0.00,0.00,71.53,0.00,0.00,84.71
15.4180,157.7227,157.6790,83.6634,83.6767,0.00,0.00,71.53,0.00,0.00,84.71
15.4200,157.6554,157.6105,83.6788,83.6920,0.00,0.00,71.53,0.00,0.00,84.71
15.4220,157.5879,157.5417,83.6942,83.7074,0.00,0.00,71.53,0.00,0.00,84.71
15.4240,157.5201,157.4725,83.7097,83.7229,0.00,0.00,71.54,0.00,0.00,84.71
15.4260,157.4520,157.4029,83.7253,83.7384,0.00,0.00,71.54,0.00,0.00,84.71
15.4280,157.3837,157.3331,83.7409,83.7540,0.00,0.00,71.54,0.00,0.00,84.71
15.4300,157.3151,157.2629,83.7566,83.7697,0.00,0.00,71.54,0.00,0.00,84.71
15.4320,157.2462,157.1925,83.7723,83.7855,0.00,0.00,71.54,0.00,0.00,84.71
15.4340,157.1770,157.1218,83.7881,83.8013,0.00,0.00,71.54,0.00,0.00,84.71
15.4360,157.1076,157.0509,83.8040,83.8173,0.00,0.00,71.55,0.00,0.00,84.71
15.4380,157.0379,156.9799,83.8199,83.8333,0.00,0.00,71.55,0.00,0.00,84.71
15.4400,156.9680,156.9086,83.8359,83.8494,0.00,0.00,71.55,0.00,0.00,84.71
15.4420,156.8977,156.8372,83.8519,83.8656,0.00,0.00,71.55,0.00,0.00,84.71
15.4440,156.8273,156.7656,83.8681,83.8819,0.00,0.00,71.55,0.00,0.00,84.71
15.4460,156.7565,156.6939,83.8842,83.8982,0.00,0.00,71.55,0.00,0.00,84.71
15.4480,156.6855,156.6221,83.9005,83.9146,0.00,0.00,71.56,0.00,0.00,84.71
15.4500,156.6142,156.5502,83.9168,83.9311,0.00,0.00,71.56,0.00,0.00,84.71
15.4520,156.5427,156.4782,83.9331,83.9476,0.00,0.00,71.56,0.00,0.00,84.71
15.4540,156.4709,156.4061,83.9495,83.9642,0.00,0.00,71.56,0.00,0.00,84.71
15.4560,156.3988,156.3339,83.9660,83.9809,0.00,0.00,71.56,0.00,0.00,84.71
15.4580,156.3265,156.2616,83.9825,83.9976,0.00,0.00,71.56,0.00,0.00,84.71
15.4600,156.2539,156.1892,83.9991,84.0143,0.00,0.00,71.56,0.00,0.00,84.71
15.4620,156.1810,156.1167,84.0158,84.0311,0.00,0.00,71.57,0.00,0.00,84.71
15.4640,156.1079,156.0441,84.0325,84.0479,0.00,0.00,71.57,0.00,0.00,84.71
15.4660,156.0346,155.9713,84.0492,84.0647,0.00,0.00,71.57,0.00,0.00,84.71
15.4680,155.9610,155.8984,84.0661,84.0816,0.00,0.00,71.57,0.00,0.00,84.71
15.4700,155.8871,155.8253,84.0830,84.0985,0.00,0.00,71.57,0.00,0.00,84.71
15.4720,155.8130,155.7520,84.0999,84.1155,0.00,0.00,71.57,0.00,0.00,84.71
15.4740,155.7386,155.6785,84.1169,84.1325,0.00,0.00,71.58,0.00,0.00,84.71
15.4760,155.6639,155.6047,84.1340,84.1496,0.00,0.00,71.58,0.00,0.00,84.71
15.4780,155.5890,155.5307,84.1511,84.1667,0.00,0.00,71.58,0.00,0.00,84.71
15.4800,155.5139,155.4565,84.1683,84.1838,0.00,0.00,71.58,0.00,0.00,84.71
15.4820,155.4385,155.3819,84.1855,84.2010,0.00,0.00,71.58,0.00,0.00,84.71
15.4840,155.3629,155.3071,84.2028,84.2182,0.00,0.00,71.58,0.00,0.00,84.71
15.4860,155.2870,155.2319,84.2201,84.2355,0.00,0.00,71.59,0.00,0.00,84.71
15.4880,155.2108,155.1563,84.2375,84.2529,0.00,0.00,71.59,0.00,0.00,84.71
15.4900,155.1344,155.0804,84.2550,84.2703,0.00,0.00,71.59,0.00,0.00,84.71
15.4920,155.0578,155.0042,84.2725,84.2878,0.00,0.00,71.59,0.00,0.00,84.71
15.4940,154.9809,154.9275,84.2901,84.3053,0.00,0.00,71.59,0.00,0.00,84.71
15.4960,154.9037,154.8505,84.3077,84.3230,0.00,0.00,71.59,0.00,0.00,84.71
15.4980,154.8264,154.7731,84.3254,84.3407,0.00,0.00,71.60,0.00,0.00,84.71
15.5000,154.7487,154.6952,84.3431,84.3585,0.00,0.00,71.60,0.00,0.00,84.71
15.5020,154.6709,154.6170,84.3609,84.3763,0.00,0.00,71.60,0.00,0.00,84.71
15.5040,154.5927,154.5384,84.3788,84.3943,0.00,0.00,71.60,0.00,0.00,84.71
15.5060,154.5144,154.4594,84.3967,84.4123,0.00,0.00,71.60,0.00,0.00,84.71
15.5080,154.4358,154.3800,84.4147,84.4303,0.00,0.00,71.60,0.00,0.00,84.71
15.5100,154.3569,154.3003,84.4327,84.4485,0.00,0.00,71.61,0.00,0.00,84.71
15.5120,154.2779,154.2202,84.4508,84.4667,0.00,0.00,71.61,0.00,0.00,84.71
15.5140,154.1985,154.1398,84.4689,84.4850,0.00,0.00,71.61,0.00,0.00,84.71
15.5160,154.1190,154.0590,84.4871,84.5033,0.00,0.00,71.61,0.00,0.00,84.71
15.5180,154.0392,153.9780,84.5053,84.5217,0.00,0.00,71.61,0.00,0.00,84.71
15.5200,153.9591,153.8967,84.5236,84.5402,0.00,0.00,71.62,0.00,0.00,84.71
15.5220,153.8789,153.8151,84.5420,84.5587,0.00,0.00,71.62,0.00,0.00,84.71
15.5240,153.7984,153.7332,84.5604,84.5772,0.00,0.00,71.62,0.00,0.00,84.71
15.5260,153.7176,153.6512,84.5788,84.5958,0.00,0.00,71.62,0.00,0.00,84.71
15.5280,153.6366,153.5689,84.5973,84.6144,0.00,0.00,71.62,0.00,0.00,84.71
15.5300,153.5554,153.4864,84.6159,84.6331,0.00,0.00,71.62,0.00,0.00,84.71
15.5320,153.4740,153.4038,84.6345,84.6518,0.00,0.00,71.63,0.00,0.00,84.71
15.5340,153.3923,153.3211,84.6532,84.6706,0.00,0.00,71.63,0.00,0.00,84.71
15.5360,153.3104,153.2382,84.6719,84.6893,0.00,0.00,71.63,0.00,0.00,84.71
15.5380,153.2283,153.1552,84.6907,84.7081,0.00,0.00,71.63,0.00,0.00,84.71
15.5400,153.1459,153.0720,84.7095,84.7270,0.00,0.00,71.63,0.00,0.00,84.71
15.5420,153.0633,152.9888,84.7284,84.7459,0.00,0.00,71.64,0.00,0.00,84.71
15.5440,152.9805,152.9055,84.7473,84.7648,0.00,0.00,71.64,0.00,0.00,84.71
15.5460,152.8975,152.8221,84.7663,84.7838,0.00,0.00,71.64,0.00,0.00,84.71
15.5480,152.8142,152.7386,84.7853,84.8028,0.00,0.00,71.64,0.00,0.00,84.71
15.5500,152.7307,152.6550,84.8044,84.8218,0.00,0.00,71.64,0.00,0.00,84.71
15.5520,152.6470,152.5713,84.8236,84.8409,0.00,0.00,71.64,0.00,0.00,84.71
15.5540,152.5630,152.4876,84.8427,84.8601,0.00,0.00,71.65,0.00,0.00,84.71
15.5560,152.4788,152.4037,84.8620,84.8793,0.00,0.00,71.65,0.00,0.00,84.71
15.5580,152.3945,152.3197,84.8813,84.8985,0.00,0.00,71.65,0.00,0.00,84.71
15.5600,152.3098,152.2356,84.9006,84.9178,0.00,0.00,71.65,0.00,0.00,84.71
15.5620,152.2250,152.1514,84.9200,84.9372,0.00,0.00,71.65,0.00,0.00,84.71
15.5640,152.1400,152.0670,84.9394,84.9567,0.00,0.00,71.66,0.00,0.00,84.71
15.5660,152.0547,151.9825,84.9589,84.9762,0.00,0.00,71.66,0.00,0.00,84.71
15.5680,151.9692,151.8977,84.9785,84.9957,0.00,0.00,71.66,0.00,0.00,84.71
15.5700,151.8835,151.8128,84.9981,85.0154,0.00,0.00,71.66,0.00,0.00,84.71
15.5720,151.7976,151.7276,85.0177,85.0351,0.00,0.00,71.66,0.00,0.00,84.71
15.5740,151.7114,151.6423,85.0374,85.0548,0.00,0.00,71.66,0.00,0.00,84.71
15.5760,151.6251,151.5566,85.0571,85.0747,0.00,0.00,71.67,0.00,0.00,84.71
15.5780,151.5385,151.4707,85.0769,85.0946,0.00,0.00,71.67,0.00,0.00,84.71
15.5800,151.4517,151.3845,85.0967,85.1145,0.00,0.00,71.67,0.00,0.00,84.71
15.5820,151.3648,151.2981,85.1166,85.1345,0.00,0.00,71.67,0.00,0.00,84.71
15.5840,151.2776,151.2113,85.1366,85.1546,0.00,0.00,71.67,0.00,0.00,84.71
15.5860,151.1902,151.1242,85.1565,85.1747,0.00,0.00,71.68,0.00,0.00,84.71
15.5880,151.1025,151.0368,85.1766,85.1949,0.00,0.00,71.68,0.00,0.00,84.71
15.5900,151.0147,150.9490,85.1966,85.2151,0.00,0.00,71.68,0.00,0.00,84.71
15.5920,150.9267,150.8610,85.2168,85.2353,0.00,0.00,71.68,0.00,0.00,84.71
15.5940,150.8384,150.7726,85.2369,85.2556,0.00,0.00,71.68,0.00,0.00,84.71
15.5960,150.7500,150.6838,85.2571,85.2760,0.00,0.00,71.69,0.00,0.00,84.71
15.5980,150.6613,150.5948,85.2774,85.2963,0.00,0.00,71.69,0.00,0.00,84.71
15.6000,150.5725,150.5054,85.2977,85.3167,0.00,0.00,71.69,0.00,0.00,84.71
15.6020,150.4834,150.4157,85.3181,85.3371,0.00,0.00,71.69,0.00,0.00,84.71
15.6040,150.3942,150.3257,85.3385,85.3576,0.00,0.00,71.69,0.00,0.00,84.71
15.6060,150.3047,150.2354,85.3589,85.3781,0.00,0.00,71.70,0.00,0.00,84.71
15.6080,150.2150,150.1448,85.3794,85.3986,0.00,0.00,71.70,0.00,0.00,84.71
15.6100,150.1252,150.0539,85.4000,85.4192,0.00,0.00,71.70,0.00,0.00,84.71
15.6120,150.0351,149.9628,85.4205,85.4397,0.00,0.00,71.70,0.00,0.00,84.71
15.6140,149.9449,149.8715,85.4412,85.4604,0.00,0.00,71.70,0.00,0.00,84.71
15.6160,149.8544,149.7799,85.4618,85.4810,0.00,0.00,71.71,0.00,0.00,84.71
15.6180,149.7638,149.6881,85.4826,85.5017,0.00,0.00,71.71,0.00,0.00,84.71
15.6200,149.6729,149.5961,85.5033,85.5224,0.00,0.00,71.71,0.00,0.00,84.71
15.6220,149.5819,149.5040,85.5241,85.5432,0.00,0.00,71.71,0.00,0.00,84.71
15.6240,149.4906,149.4117,85.5450,85.5640,0.00,0.00,71.71,0.00,0.00,84.71
15.6260,149.3992,149.3193,85.5659,85.5849,0.00,0.00,71.72,0.00,0.00,84.71
15.6280,149.3076,149.2267,85.5868,85.6058,0.00,0.00,71.72,0.00,0.00,84.71
15.6300,149.2158,149.1341,85.6078,85.6268,0.00,0.00,71.72,0.00,0.00,84.71
15.6320,149.1238,149.0413,85.6288,85.6478,0.00,0.00,71.72,0.00,0.00,84.71
15.6340,149.0316,148.9484,85.6499,85.6689,0.00,0.00,71.72,0.00,0.00,84.71
15.6360,148.9392,148.8555,85.6710,85.6900,0.00,0.00,71.73,0.00,0.00,84.71
15.6380,148.8467,148.7625,85.6922,85.7112,0.00,0.00,71.73,0.00,0.00,84.71
15.6400,148.7539,148.6694,85.7134,85.7325,0.00,0.00,71.73,0.00,0.00,84.71
15.6420,148.6610,148.5762,85.7346,85.7538,0.00,0.00,71.73,0.00,0.00,84.71
15.6440,148.5679,148.4830,85.7559,85.7751,0.00,0.00,71.73,0.00,0.00,84.71
15.6460,148.4746,148.3897,85.7772,85.7965,0.00,0.00,71.74,0.00,0.00,84.71
15.6480,148.3811,148.2963,85.7986,85.8180,0.00,0.00,71.74,0.00,0.00,84.71
15.6500,148.2874,148.2029,85.8200,85.8395,0.00,0.00,71.74,0.00,0.00,84.71
15.6520,148.1936,148.1093,85.8415,85.8611,0.00,0.00,71.74,0.00,0.00,84.71
15.6540,148.0996,148.0157,85.8630,85.8827,0.00,0.00,71.74,0.00,0.00,84.71
15.6560,148.0054,147.9220,85.8845,85.9043,0.00,0.00,71.75,0.00,0.00,84.71
15.6580,147.9110,147.8281,85.9061,85.9260,0.00,0.00,71.75,0.00,0.00,84.71
15.6600,147.8164,147.7342,85.9277,85.9478,0.00,0.00,71.75,0.00,0.00,84.71
15.6620,147.7217,147.6400,85.9493,85.9695,0.00,0.00,71.75,0.00,0.00,84.71
15.6640,147.6268,147.5458,85.9710,85.9913,0.00,0.00,71.76,0.00,0.00,84.71
15.6660,147.5317,147.4514,85.9927,86.0131,0.00,0.00,71.76,0.00,0.00,84.71
15.6680,147.4365,147.3568,86.0145,86.0350,0.00,0.00,71.76,0.00,0.00,84.71
15.6700,147.3411,147.2620,86.0363,86.0569,0.00,0.00,71.76,0.00,0.00,84.71
15.6720,147.2455,147.1670,86.0582,86.0788,0.00,0.00,71.76,0.00,0.00,84.71
15.6740,147.1497,147.0717,86.0801,86.1007,0.00,0.00,71.77,0.00,0.00,84.71
15.6760,147.0538,146.9763,86.1020,86.1227,0.00,0.00,71.77,0.00,0.00,84.71
15.6780,146.9577,146.8806,86.1240,86.1446,0.00,0.00,71.77,0.00,0.00,84.71
15.6800,146.8614,146.7847,86.1460,86.1667,0.00,0.00,71.77,0.00,0.00,84.71
15.6820,146.7649,146.6885,86.1680,86.1887,0.00,0.00,71.77,0.00,0.00,84.71
15.6840,146.6683,146.5921,86.1901,86.2108,0.00,0.00,71.78,0.00,0.00,84.71
15.6860,146.5716,146.4953,86.2122,86.2329,0.00,0.00,71.78,0.00,0.00,84.71
15.6880,146.4746,146.3984,86.2344,86.2550,0.00,0.00,71.78,0.00,0.00,84.71
15.6900,146.3775,146.3011,86.2566,86.2772,0.00,0.00,71.78,0.00,0.00,84.71
15.6920,146.2803,146.2036,86.2788,86.2994,0.00,0.00,71.78,0.00,0.00,84.71
15.6940,146.1829,146.1059,86.3011,86.3216,0.00,0.00,71.79,0.00,0.00,84.71
15.6960,146.0853,146.0078,86.3234,86.3439,0.00,0.00,71.79,0.00,0.00,84.71
15.6980,145.9876,145.9096,86.3457,86.3662,0.00,0.00,71.79,0.00,0.00,84.71
15.7000,145.8897,145.8111,86.3681,86.3886,0.00,0.00,71.79,0.00,0.00,84.71
15.7020,145.7916,145.7123,86.3905,86.4110,0.00,0.00,71.80,0.00,0.00,84.71
15.7040,145.6934,145.6133,86.4129,86.4334,0.00,0.00,71.80,0.00,0.00,84.71
15.7060,145.5951,145.5142,86.4354,86.4559,0.00,0.00,71.80,0.00,0.00,84.71
15.7080,145.4965,145.4148,86.4579,86.4785,0.00,0.00,71.80,0.00,0.00,84.71
15.7100,145.3979,145.3152,86.4805,86.5011,0.00,0.00,71.80,0.00,0.00,84.71
15.7120,145.2991,145.2155,86.5031,86.5237,0.00,0.00,71.81,0.00,0.00,84.71
15.7140,145.2001,145.1156,86.5257,86.5464,0.00,0.00,71.81,0.00,0.00,84.71
15.7160,145.1010,145.0155,86.5484,86.5691,0.00,0.00,71.81,0.00,0.00,84.71
15.7180,145.0017,144.9153,86.5710,86.5919,0.00,0.00,71.81,0.00,0.00,84.71
15.7200,144.9023,144.8150,86.5938,86.6147,0.00,0.00,71.82,0.00,0.00,84.72
15.7220,144.8027,144.7146,86.6165,86.6376,0.00,0.00,71.82,0.00,0.00,84.72
15.7240,144.7030,144.6141,86.6393,86.6605,0.00,0.00,71.82,0.00,0.00,84.72
15.7260,144.6031,144.5136,86.6621,86.6834,0.00,0.00,71.82,0.00,0.00,84.72
15.7280,144.5031,144.4129,86.6850,86.7063,0.00,0.00,71.82,0.00,0.00,84.72
15.7300,144.4030,144.3122,86.7079,86.7293,0.00,0.00,71.83,0.00,0.00,84.72
15.7320,144.3027,144.2114,86.7308,86.7523,0.00,0.00,71.83,0.00,0.00,84.72
15.7340,144.2023,144.1106,86.7538,86.7754,0.00,0.00,71.83,0.00,0.00,84.72
15.7360,144.1017,144.0097,86.7767,86.7984,0.00,0.00,71.83,0.00,0.00,84.72
15.7380,144.0010,143.9088,86.7998,86.8215,0.00,0.00,71.84,0.00,0.00,84.72
15.7400,143.9002,143.8079,86.8228,86.8446,0.00,0.00,71.84,0.00,0.00,84.72
15.7420,143.7992,143.7069,86.8459,86.8678,0.00,0.00,71.84,0.00,0.00,84.72
15.7440,143.6981,143.6058,86.8690,86.8909,0.00,0.00,71.84,0.00,0.00,84.72
15.7460,143.5968,143.5047,86.8922,86.9141,0.00,0.00,71.84,0.00,0.00,84.72
15.7480,143.4954,143.4036,86.9153,86.9373,0.00,0.00,71.85,0.00,0.00,84.72
15.7500,143.3939,143.3024,86.9385,86.9605,0.00,0.00,71.85,0.00,0.00,84.72
15.7520,143.2923,143.2011,86.9618,86.9837,0.00,0.00,71.85,0.00,0.00,84.72
15.7540,143.1905,143.0997,86.9850,87.0070,0.00,0.00,71.85,0.00,0.00,84.72
15.7560,143.0886,142.9983,87.0083,87.0302,0.00,0.00,71.86,0.00,0.00,84.72
15.7580,142.9865,142.8968,87.0317,87.0536,0.00,0.00,71.86,0.00,0.00,84.72
15.7600,142.8844,142.7952,87.0550,87.0769,0.00,0.00,71.86,0.00,0.00,84.72
15.7620,142.7821,142.6934,87.0784,87.1002,0.00,0.00,71.86,0.00,0.00,84.72
15.7640,142.6796,142.5915,87.1018,87.1236,0.00,0.00,71.86,0.00,0.00,84.72
15.7660,142.5771,142.4895,87.1252,87.1470,0.00,0.00,71.87,0.00,0.00,84.72
15.7680,142.4744,142.3874,87.1487,87.1705,0.00,0.00,71.87,0.00,0.00,84.72
15.7700,142.3716,142.2851,87.1722,87.1940,0.00,0.00,71.87,0.00,0.00,84.72
15.7720,142.2687,142.1826,87.1957,87.2175,0.00,0.00,71.87,0.00,0.00,84.72
15.7740,142.1657,142.0800,87.2193,87.2411,0.00,0.00,71.88,0.00,0.00,84.72
15.7760,142.0625,141.9772,87.2429,87.2647,0.00,0.00,71.88,0.00,0.00,84.72
15.7780,141.9592,141.8742,87.2665,87.2883,0.00,0.00,71.88,0.00,0.00,84.72
15.7800,141.8558,141.7710,87.2901,87.3119,0.00,0.00,71.88,0.00,0.00,84.72
15.7820,141.7523,141.6676,87.3138,87.3356,0.00,0.00,71.88,0.00,0.00,84.72
15.7840,141.6487,141.5641,87.3374,87.3594,0.00,0.00,71.89,0.00,0.00,84.72
15.7860,141.5449,141.4603,87.3612,87.3832,0.00,0.00,71.89,0.00,0.00,84.72
15.7880,141.4411,141.3563,87.3849,87.4070,0.00,0.00,71.89,0.00,0.00,84.72
15.7900,141.3371,141.2522,87.4087,87.4308,0.00,0.00,71.89,0.00,0.00,84.72
15.7920,141.2330,141.1478,87.4325,87.4547,0.00,0.00,71.90,0.00,0.00,84.72
15.7940,141.1288,141.0433,87.4563,87.4786,0.00,0.00,71.90,0.00,0.00,84.72
15.7960,141.0245,140.9385,87.4801,87.5025,0.00,0.00,71.90,0.00,0.00,84.72
15.7980,140.9201,140.8336,87.5040,87.5264,0.00,0.00,71.90,0.00,0.00,84.72
15.8000,140.8156,140.7286,87.5279,87.5504,0.00,0.00,71.91,0.00,0.00,84.72
15.8020,140.7110,140.6233,87.5518,87.5744,0.00,0.00,71.91,0.00,0.00,84.72
15.8040,140.6062,140.5179,87.5757,87.5984,0.00,0.00,71.91,0.00,0.00,84.72
15.8060,140.5014,140.4124,87.5997,87.6224,0.00,0.00,71.91,0.00,0.00,84.72
15.8080,140.3965,140.3067,87.6237,87.6465,0.00,0.00,71.91,0.00,0.00,84.72
15.8100,140.2914,140.2010,87.6477,87.6705,0.00,0.00,71.92,0.00,0.00,84.72
15.8120,140.1863,140.0951,87.6717,87.6946,0.00,0.00,71.92,0.00,0.00,84.72
15.8140,140.0810,139.9891,87.6958,87.7187,0.00,0.00,71.92,0.00,0.00,84.72
15.8160,139.9757,139.8830,87.7198,87.7428,0.00,0.00,71.92,0.00,0.00,84.72
15.8180,139.8702,139.7769,87.7439,87.7669,0.00,0.00,71.93,0.00,0.00,84.72
15.8200,139.7647,139.6707,87.7681,87.7910,0.00,0.00,71.93,0.00,0.00,84.72
15.8220,139.6591,139.5644,87.7922,87.8152,0.00,0.00,71.93,0.00,0.00,84.72
15.8240,139.5533,139.4581,87.8164,87.8393,0.00,0.00,71.93,0.00,0.00,84.72
15.8260,139.4475,139.3517,87.8406,87.8635,0.00,0.00,71.94,0.00,0.00,84.72
15.8280,139.3416,139.2453,87.8648,87.8877,0.00,0.00,71.94,0.00,0.00,84.72
15.8300,139.2356,139.1389,87.8890,87.9119,0.00,0.00,71.94,0.00,0.00,84.72
15.8320,139.1295,139.0325,87.9133,87.9362,0.00,0.00,71.94,0.00,0.00,84.72
15.8340,139.0233,138.9260,87.9375,87.9604,0.00,0.00,71.95,0.00,0.00,84.72
15.8360,138.9170,138.8196,87.9618,87.9847,0.00,0.00,71.95,0.00,0.00,84.72
15.8380,138.8106,138.7131,87.9861,88.0090,0.00,0.00,71.95,0.00,0.00,84.72
15.8400,138.7041,138.6066,88.0105,88.0333,0.00,0.00,71.95,0.00,0.00,84.72
15.8420,138.5976,138.5001,88.0348,88.0576,0.00,0.00,71.95,0.00,0.00,84.72
15.8440,138.4910,138.3936,88.0592,88.0820,0.00,0.00,71.96,0.00,0.00,84.72
15.8460,138.3843,138.2870,88.0836,88.1064,0.00,0.00,71.96,0.00,0.00,84.72
15.8480,138.2775,138.1805,88.1080,88.1308,0.00,0.00,71.96,0.00,0.00,84.72
15.8500,138.1706,138.0739,88.1324,88.1553,0.00,0.00,71.96,0.00,0.00,84.72
15.8520,138.0636,137.9673,88.1569,88.1797,0.00,0.00,71.97,0.00,0.00,84.72
15.8540,137.9566,137.8607,88.1814,88.2042,0.00,0.00,71.97,0.00,0.00,84.72
15.8560,137.8495,137.7540,88.2058,88.2288,0.00,0.00,71.97,0.00,0.00,84.72
15.8580,137.7423,137.6472,88.2303,88.2533,0.00,0.00,71.97,0.00,0.00,84.72
15.8600,137.6350,137.5404,88.2549,88.2779,0.00,0.00,71.98,0.00,0.00,84.72
15.8620,137.5277,137.4336,88.2794,88.3025,0.00,0.00,71.98,0.00,0.00,84.72
15.8640,137.4202,137.3266,88.3039,88.3271,0.00,0.00,71.98,0.00,0.00,84.72
15.8660,137.3128,137.2196,88.3285,88.3517,0.00,0.00,71.98,0.00,0.00,84.72
15.8680,137.2052,137.1125,88.3531,88.3764,0.00,0.00,71.99,0.00,0.00,84.72
15.8700,137.0976,137.0053,88.3777,88.4010,0.00,0.00,71.99,0.00,0.00,84.72
15.8720,136.9898,136.8980,88.4023,88.4257,0.00,0.00,71.99,0.00,0.00,84.72
15.8740,136.8821,136.7906,88.4270,88.4504,0.00,0.00,71.99,0.00,0.00,84.72
15.8760,136.7742,136.6830,88.4516,88.4751,0.00,0.00,71.99,0.00,0.00,84.72
15.8780,136.6663,136.5754,88.4763,88.4998,0.00,0.00,72.00,0.00,0.00,84.72
15.8800,136.5583,136.4676,88.5009,88.5245,0.00,0.00,72.00,0.00,0.00,84.72
15.8820,136.4503,136.3597,88.5256,88.5493,0.00,0.00,72.00,0.00,0.00,84.72
15.8840,136.3422,136.2517,88.5504,88.5740,0.00,0.00,72.00,0.00,0.00,84.72
15.8860,136.2340,136.1436,88.5751,88.5988,0.00,0.00,72.01,0.00,0.00,84.72
15.8880,136.1258,136.0353,88.5998,88.6235,0.00,0.00,72.01,0.00,0.00,84.72
15.8900,136.0175,135.9269,88.6246,88.6483,0.00,0.00,72.01,0.00,0.00,84.72
15.8920,135.9092,135.8184,88.6493,88.6731,0.00,0.00,72.01,0.00,0.00,84.72
15.8940,135.8008,135.7097,88.6741,88.6978,0.00,0.00,72.02,0.00,0.00,84.72
15.8960,135.6923,135.6010,88.6989,88.7226,0.00,0.00,72.02,0.00,0.00,84.72
15.8980,135.5838,135.4921,88.7237,88.7474,0.00,0.00,72.02,0.00,0.00,84.72
15.9000,135.4752,135.3831,88.7485,88.7722,0.00,0.00,72.02,0.00,0.00,84.72
15.9020,135.3666,135.2741,88.7734,88.7970,0.00,0.00,72.03,0.00,0.00,84.72
15.9040,135.2579,135.1649,88.7982,88.8218,0.00,0.00,72.03,0.00,0.00,84.72
15.9060,135.1492,135.0557,88.8230,88.8467,0.00,0.00,72.03,0.00,0.00,84.72
15.9080,135.0404,134.9464,88.8479,88.8715,0.00,0.00,72.03,0.00,0.00,84.72
15.9100,134.9315,134.8370,88.8728,88.8964,0.00,0.00,72.04,0.00,0.00,84.72
15.9120,134.8227,134.7275,88.8977,88.9212,0.00,0.00,72.04,0.00,0.00,84.72
15.9140,134.7137,134.6181,88.9226,88.9461,0.00,0.00,72.04,0.00,0.00,84.72
15.9160,134.6048,134.5085,88.9475,88.9710,0.00,0.00,72.04,0.00,0.00,84.72
15.9180,134.4957,134.3990,88.9724,88.9959,0.00,0.00,72.05,0.00,0.00,84.72
15.9200,134.3867,134.2894,88.9973,89.0209,0.00,0.00,72.05,0.00,0.00,84.72
15.9220,134.2776,134.1798,89.0223,89.0458,0.00,0.00,72.05,0.00,0.00,84.72
15.9240,134.1684,134.0702,89.0472,89.0708,0.00,0.00,72.05,0.00,0.00,84.72
15.9260,134.0592,133.9606,89.0722,89.0957,0.00,0.00,72.05,0.00,0.00,84.72
15.9280,133.9500,133.8509,89.0971,89.1207,0.00,0.00,72.06,0.00,0.00,84.72
15.9300,133.8407,133.7413,89.1221,89.1457,0.00,0.00,72.06,0.00,0.00,84.72
15.9320,133.7314,133.6318,89.1471,89.1708,0.00,0.00,72.06,0.00,0.00,84.72
15.9340,133.6220,133.5222,89.1721,89.1958,0.00,0.00,72.06,0.00,0.00,84.72
15.9360,133.5127,133.4126,89.1971,89.2208,0.00,0.00,72.07,0.00,0.00,84.72
15.9380,133.4032,133.3031,89.2221,89.2459,0.00,0.00,72.07,0.00,0.00,84.72
15.9400,133.2938,133.1936,89.2471,89.2710,0.00,0.00,72.07,0.00,0.00,84.72
15.9420,133.1843,133.0842,89.2722,89.2960,0.00,0.00,72.07,0.00,0.00,84.72
15.9440,133.0748,132.9747,89.2972,89.3211,0.00,0.00,72.08,0.00,0.00,84.72
15.9460,132.9652,132.8653,89.3222,89.3462,0.00,0.00,72.08,0.00,0.00,84.72
15.9480,132.8557,132.7559,89.3473,89.3713,0.00,0.00,72.08,0.00,0.00,84.72
15.9500,132.7461,132.6465,89.3723,89.3964,0.00,0.00,72.08,0.00,0.00,84.72
15.9520,132.6364,132.5371,89.3974,89.4215,0.00,0.00,72.09,0.00,0.00,84.72
15.9540,132.5268,132.4278,89.4224,89.4466,0.00,0.00,72.09,0.00,0.00,84.72
15.9560,132.4171,132.3185,89.4475,89.4717,0.00,0.00,72.09,0.00,0.00,84.72
15.9580,132.3074,132.2091,89.4726,89.4968,0.00,0.00,72.09,0.00,0.00,84.72
15.9600,132.1977,132.0998,89.4977,89.5219,0.00,0.00,72.10,0.00,0.00,84.72
15.9620,132.0879,131.9904,89.5228,89.5469,0.00,0.00,72.10,0.00,0.00,84.72
15.9640,131.9781,131.8811,89.5479,89.5720,0.00,0.00,72.10,0.00,0.00,84.72
15.9660,131.8684,131.7717,89.5729,89.5971,0.00,0.00,72.10,0.00,0.00,84.72
15.9680,131.7586,131.6623,89.5980,89.6222,0.00,0.00,72.11,0.00,0.00,84.72
15.9700,131.6487,131.5529,89.6231,89.6473,0.00,0.00,72.11,0.00,0.00,84.72
15.9720,131.5389,131.4435,89.6483,89.6724,0.00,0.00,72.11,0.00,0.00,84.72
15.9740,131.4290,131.3340,89.6734,89.6975,0.00,0.00,72.11,0.00,0.00,84.72
15.9760,131.3192,131.2245,89.6985,89.7226,0.00,0.00,72.12,0.00,0.00,84.72
15.9780,131.2093,131.1149,89.7236,89.7477,0.00,0.00,72.12,0.00,0.00,84.72
15.9800,131.0994,131.0053,89.7487,89.7728,0.00,0.00,72.12,0.00,0.00,84.72
15.9820,130.9895,130.8956,89.7738,89.7979,0.00,0.00,72.12,0.00,0.00,84.72
15.9840,130.8796,130.7859,89.7990,89.8230,0.00,0.00,72.12,0.00,0.00,84.72
15.9860,130.7696,130.6761,89.8241,89.8481,0.00,0.00,72.13,0.00,0.00,84.72
15.9880,130.6597,130.5663,89.8492,89.8732,0.00,0.00,72.13,0.00,0.00,84.72
15.9900,130.5498,130.4564,89.8743,89.8983,0.00,0.00,72.13,0.00,0.00,84.72
15.9920,130.4398,130.3465,89.8995,89.9234,0.00,0.00,72.13,0.00,0.00,84.72
15.9940,130.3299,130.2365,89.9246,89.9485,0.00,0.00,72.14,0.00,0.00,84.72
15.9960,130.2199,130.1265,89.9497,89.9737,0.00,0.00,72.14,0.00,0.00,84.72
15.9980,130.1100,130.0164,89.9749,89.9988,0.00,0.00,72.14,0.00,0.00,84.72
16.0000,130.0000,129.9062,90.0000,90.0240,0.00,0.00,72.14,0.00,0.00,84.72
16.0020,129.8900,129.7961,90.0251,90.0491,0.00,0.00,72.15,0.00,0.00,84.72
16.0040,129.7801,129.6859,90.0503,90.0742,0.00,0.00,72.15,0.00,0.00,84.72
16.0060,129.6701,129.5756,90.0754,90.0994,0.00,0.00,72.15,0.00,0.00,84.72
16.0080,129.5602,129.4654,90.1005,90.1246,0.00,0.00,72.15,0.00,0.00,84.72
16.0100,129.4502,129.3551,90.1257,90.1497,0.00,0.00,72.16,0.00,0.00,84.72
16.0120,129.3403,129.2448,90.1508,90.1749,0.00,0.00,72.16,0.00,0.00,84.72
16.0140,129.2304,129.1345,90.1759,90.2000,0.00,0.00,72.16,0.00,0.00,84.72
16.0160,129.1204,129.0242,90.2010,90.2252,0.00,0.00,72.16,0.00,0.00,84.72
16.0180,129.0105,128.9139,90.2262,90.2503,0.00,0.00,72.17,0.00,0.00,84.72
16.0200,128.9006,128.8036,90.2513,90.2755,0.00,0.00,72.17,0.00,0.00,84.72
16.0220,128.7907,128.6934,90.2764,90.3007,0.00,0.00,72.17,0.00,0.00,84.72
16.0240,128.6808,128.5831,90.3015,90.3258,0.00,0.00,72.17,0.00,0.00,84.72
16.0260,128.5710,128.4729,90.3266,90.3509,0.00,0.00,72.18,0.00,0.00,84.72
16.0280,128.4611,128.3627,90.3517,90.3761,0.00,0.00,72.18,0.00,0.00,84.72
16.0300,128.3513,128.2526,90.3769,90.4012,0.00,0.00,72.18,0.00,0.00,84.72
16.0320,128.2414,128.1425,90.4020,90.4263,0.00,0.00,72.18,0.00,0.00,84.72
16.0340,128.1316,128.0325,90.4271,90.4514,0.00,0.00,72.19,0.00,0.00,84.72
16.0360,128.0219,127.9225,90.4521,90.4765,0.00,0.00,72.19,0.00,0.00,84.72
16.0380,127.9121,127.8126,90.4772,90.5016,0.00,0.00,72.19,0.00,0.00,84.72
16.0400,127.8023,127.7027,90.5023,90.5267,0.00,0.00,72.19,0.00,0.00,84.72
16.0420,127.6926,127.5929,90.5274,90.5517,0.00,0.00,72.20,0.00,0.00,84.72
16.0440,127.5829,127.4832,90.5525,90.5768,0.00,0.00,72.20,0.00,0.00,84.72
16.0460,127.4732,127.3736,90.5776,90.6019,0.00,0.00,72.20,0.00,0.00,84.72
16.0480,127.3636,127.2640,90.6026,90.6269,0.00,0.00,72.20,0.00,0.00,84.72
16.0500,127.2539,127.1544,90.6277,90.6519,0.00,0.00,72.21,0.00,0.00,84.72
16.0520,127.1443,127.0450,90.6527,90.6770,0.00,0.00,72.21,0.00,0.00,84.72
16.0540,127.0348,126.9356,90.6778,90.7020,0.00,0.00,72.21,0.00,0.00,84.72
16.0560,126.9252,126.8263,90.7028,90.7270,0.00,0.00,72.21,0.00,0.00,84.72
16.0580,126.8157,126.7170,90.7278,90.7520,0.00,0.00,72.21,0.00,0.00,84.72
16.0600,126.7062,126.6078,90.7529,90.7770,0.00,0.00,72.22,0.00,0.00,84.72
16.0620,126.5968,126.4987,90.7779,90.8020,0.00,0.00,72.22,0.00,0.00,84.72
16.0640,126.4873,126.3896,90.8029,90.8270,0.00,0.00,72.22,0.00,0.00,84.72
16.0660,126.3780,126.2806,90.8279,90.8520,0.00,0.00,72.22,0.00,0.00,84.72
16.0680,126.2686,126.1716,90.8529,90.8769,0.00,0.00,72.23,0.00,0.00,84.72
16.0700,126.1593,126.0627,90.8779,90.9019,0.00,0.00,72.23,0.00,0.00,84.72
16.0720,126.0500,125.9538,90.9029,90.9269,0.00,0.00,72.23,0.00,0.00,84.72
16.0740,125.9408,125.8449,90.9278,90.9518,0.00,0.00,72.23,0.00,0.00,84.72
16.0760,125.8316,125.7361,90.9528,90.9768,0.00,0.00,72.24,0.00,0.00,84.72
16.0780,125.7224,125.6273,90.9777,91.0018,0.00,0.00,72.24,0.00,0.00,84.72
16.0800,125.6133,125.5186,91.0027,91.0267,0.00,0.00,72.24,0.00,0.00,84.72
16.0820,125.5043,125.4099,91.0276,91.0516,0.00,0.00,72.24,0.00,0.00,84.72
16.0840,125.3952,125.3012,91.0525,91.0766,0.00,0.00,72.25,0.00,0.00,84.72
16.0860,125.2863,125.1925,91.0774,91.1015,0.00,0.00,72.25,0.00,0.00,84.72
16.0880,125.1773,125.0838,91.1023,91.1264,0.00,0.00,72.25,0.00,0.00,84.72
16.0900,125.0685,124.9752,91.1272,91.1513,0.00,0.00,72.25,0.00,0.00,84.72
16.0920,124.9596,124.8666,91.1521,91.1762,0.00,0.00,72.26,0.00,0.00,84.72
16.0940,124.8508,124.7580,91.1770,91.2011,0.00,0.00,72.26,0.00,0.00,84.72
16.0960,124.7421,124.6494,91.2018,91.2260,0.00,0.00,72.26,0.00,0.00,84.72
16.0980,124.6334,124.5409,91.2266,91.2508,0.00,0.00,72.26,0.00,0.00,84.72
16.1000,124.5248,124.4323,91.2515,91.2757,0.00,0.00,72.27,0.00,0.00,84.72
16.1020,124.4162,124.3238,91.2763,91.3005,0.00,0.00,72.27,0.00,0.00,84.72
16.1040,124.3077,124.2153,91.3011,91.3253,0.00,0.00,72.27,0.00,0.00,84.72
16.1060,124.1992,124.1068,91.3259,91.3501,0.00,0.00,72.27,0.00,0.00,84.72
16.1080,124.0908,123.9984,91.3507,91.3749,0.00,0.00,72.27,0.00,0.00,84.72
16.1100,123.9825,123.8900,91.3754,91.3997,0.00,0.00,72.28,0.00,0.00,84.72
16.1120,123.8742,123.7816,91.4002,91.4244,0.00,0.00,72.28,0.00,0.00,84.72
16.1140,123.7660,123.6732,91.4249,91.4491,0.00,0.00,72.28,0.00,0.00,84.72
16.1160,123.6578,123.5649,91.4496,91.4739,0.00,0.00,72.28,0.00,0.00,84.72
16.1180,123.5497,123.4566,91.4744,91.4985,0.00,0.00,72.29,0.00,0.00,84.72
16.1200,123.4417,123.3484,91.4991,91.5232,0.00,0.00,72.29,0.00,0.00,84.72
16.1220,123.3337,123.2403,91.5237,91.5479,0.00,0.00,72.29,0.00,0.00,84.72
16.1240,123.2258,123.1322,91.5484,91.5725,0.00,0.00,72.29,0.00,0.00,84.72
16.1260,123.1179,123.0241,91.5730,91.5971,0.00,0.00,72.30,0.00,0.00,84.72
16.1280,123.0102,122.9161,91.5977,91.6218,0.00,0.00,72.30,0.00,0.00,84.72
16.1300,122.9024,122.8082,91.6223,91.6463,0.00,0.00,72.30,0.00,0.00,84.72
16.1320,122.7948,122.7004,91.6469,91.6709,0.00,0.00,72.30,0.00,0.00,84.72
16.1340,122.6872,122.5927,91.6715,91.6955,0.00,0.00,72.31,0.00,0.00,84.72
16.1360,122.5798,122.4850,91.6961,91.7200,0.00,0.00,72.31,0.00,0.00,84.72
16.1380,122.4723,122.3774,91.7206,91.7445,0.00,0.00,72.31,0.00,0.00,84.72
16.1400,122.3650,122.2700,91.7451,91.7690,0.00,0.00,72.31,0.00,0.00,84.72
16.1420,122.2577,122.1626,91.7697,91.7935,0.00,0.00,72.32,0.00,0.00,84.72
16.1440,122.1505,122.0553,91.7942,91.8180,0.00,0.00,72.32,0.00,0.00,84.72
16.1460,122.0434,121.9481,91.8186,91.8425,0.00,0.00,72.32,0.00,0.00,84.72
16.1480,121.9364,121.8410,91.8431,91.8669,0.00,0.00,72.32,0.00,0.00,84.72
16.1500,121.8294,121.7341,91.8676,91.8914,0.00,0.00,72.32,0.00,0.00,84.72
16.1520,121.7225,121.6272,91.8920,91.9158,0.00,0.00,72.33,0.00,0.00,84.72
16.1540,121.6157,121.5205,91.9164,91.9402,0.00,0.00,72.33,0.00,0.00,84.72
16.1560,121.5090,121.4139,91.9408,91.9646,0.00,0.00,72.33,0.00,0.00,84.72
16.1580,121.4024,121.3073,91.9652,91.9889,0.00,0.00,72.33,0.00,0.00,84.72
16.1600,121.2959,121.2009,91.9895,92.0133,0.00,0.00,72.34,0.00,0.00,84.72
16.1620,121.1894,121.0947,92.0139,92.0376,0.00,0.00,72.34,0.00,0.00,84.72
16.1640,121.0830,120.9885,92.0382,92.0619,0.00,0.00,72.34,0.00,0.00,84.72
16.1660,120.9767,120.8824,92.0625,92.0862,0.00,0.00,72.34,0.00,0.00,84.72
16.1680,120.8705,120.7765,92.0867,92.1105,0.00,0.00,72.35,0.00,0.00,84.72
16.1700,120.7644,120.6707,92.1110,92.1348,0.00,0.00,72.35,0.00,0.00,84.72
16.1720,120.6584,120.5650,92.1352,92.1590,0.00,0.00,72.35,0.00,0.00,84.72
16.1740,120.5525,120.4594,92.1594,92.1832,0.00,0.00,72.35,0.00,0.00,84.72
16.1760,120.4467,120.3539,92.1836,92.2074,0.00,0.00,72.36,0.00,0.00,84.72
16.1780,120.3409,120.2485,92.2078,92.2316,0.00,0.00,72.36,0.00,0.00,84.72
16.1800,120.2353,120.1432,92.2319,92.2557,0.00,0.00,72.36,0.00,0.00,84.72
16.1820,120.1298,120.0380,92.2561,92.2798,0.00,0.00,72.36,0.00,0.00,84.72
16.1840,120.0243,119.9330,92.2802,92.3039,0.00,0.00,72.36,0.00,0.00,84.72
16.1860,119.9190,119.8280,92.3042,92.3280,0.00,0.00,72.37,0.00,0.00,84.72
16.1880,119.8137,119.7231,92.3283,92.3521,0.00,0.00,72.37,0.00,0.00,84.72
16.1900,119.7086,119.6184,92.3523,92.3761,0.00,0.00,72.37,0.00,0.00,84.72
16.1920,119.6035,119.5137,92.3763,92.4001,0.00,0.00,72.37,0.00,0.00,84.72
16.1940,119.4986,119.4091,92.4003,92.4241,0.00,0.00,72.38,0.00,0.00,84.72
16.1960,119.3938,119.3046,92.4243,92.4480,0.00,0.00,72.38,0.00,0.00,84.72
16.1980,119.2890,119.2002,92.4482,92.4719,0.00,0.00,72.38,0.00,0.00,84.72
16.2000,119.1844,119.0959,92.4721,92.4958,0.00,0.00,72.38,0.00,0.00,84.72
16.2020,119.0799,118.9917,92.4960,92.5197,0.00,0.00,72.39,0.00,0.00,84.72
16.2040,118.9755,118.8876,92.5199,92.5435,0.00,0.00,72.39,0.00,0.00,84.72
16.2060,118.8712,118.7836,92.5437,92.5673,0.00,0.00,72.39,0.00,0.00,84.72
16.2080,118.7670,118.6796,92.5675,92.5911,0.00,0.00,72.39,0.00,0.00,84.72
16.2100,118.6629,118.5758,92.5913,92.6148,0.00,0.00,72.39,0.00,0.00,84.72
16.2120,118.5589,118.4720,92.6151,92.6386,0.00,0.00,72.40,0.00,0.00,84.72
16.2140,118.4551,118.3684,92.6388,92.6623,0.00,0.00,72.40,0.00,0.00,84.72
16.2160,118.3513,118.2648,92.6626,92.6860,0.00,0.00,72.40,0.00,0.00,84.72
16.2180,118.2477,118.1613,92.6862,92.7096,0.00,0.00,72.40,0.00,0.00,84.72
16.2200,118.1442,118.0579,92.7099,92.7332,0.00,0.00,72.41,0.00,0.00,84.72
16.2220,118.0408,117.9546,92.7335,92.7568,0.00,0.00,72.41,0.00,0.00,84.72
16.2240,117.9375,117.8514,92.7571,92.7804,0.00,0.00,72.41,0.00,0.00,84.72
16.2260,117.8343,117.7483,92.7807,92.8040,0.00,0.00,72.41,0.00,0.00,84.72
16.2280,117.7313,117.6454,92.8043,92.8275,0.00,0.00,72.42,0.00,0.00,84.72
16.2300,117.6284,117.5425,92.8278,92.8510,0.00,0.00,72.42,0.00,0.00,84.72
16.2320,117.5256,117.4397,92.8513,92.8745,0.00,0.00,72.42,0.00,0.00,84.72
16.2340,117.4229,117.3371,92.8748,92.8979,0.00,0.00,72.42,0.00,0.00,84.72
16.2360,117.3204,117.2345,92.8982,92.9214,0.00,0.00,72.42,0.00,0.00,84.72
16.2380,117.2179,117.1321,92.9216,92.9448,0.00,0.00,72.43,0.00,0.00,84.72
16.2400,117.1156,117.0298,92.9450,92.9681,0.00,0.00,72.43,0.00,0.00,84.72
16.2420,117.0135,116.9276,92.9683,92.9915,0.00,0.00,72.43,0.00,0.00,84.72
16.2440,116.9114,116.8256,92.9917,93.0148,0.00,0.00,72.43,0.00,0.00,84.72
16.2460,116.8095,116.7237,93.0150,93.0381,0.00,0.00,72.44,0.00,0.00,84.72
16.2480,116.7077,116.6219,93.0382,93.0613,0.00,0.00,72.44,0.00,0.00,84.72
16.2500,116.6061,116.5203,93.0615,93.0846,0.00,0.00,72.44,0.00,0.00,84.72
16.2520,116.5046,116.4188,93.0847,93.1078,0.00,0.00,72.44,0.00,0.00,84.72
16.2540,116.4032,116.3174,93.1078,93.1309,0.00,0.00,72.44,0.00,0.00,84.72
16.2560,116.3019,116.2162,93.1310,93.1541,0.00,0.00,72.45,0.00,0.00,84.72
16.2580,116.2008,116.1151,93.1541,93.1772,0.00,0.00,72.45,0.00,0.00,84.72
16.2600,116.0998,116.0142,93.1772,93.2002,0.00,0.00,72.45,0.00,0.00,84.72
16.2620,115.9990,115.9135,93.2002,93.2002,0.00,0.00,72.45,84.94,0.00,0.00
16.2640,115.8983,115.8129,93.2233,93.2010,0.00,0.00,72.46,0.00,0.00,84.71
16.2660,115.7977,115.7124,93.2462,93.2029,0.00,0.00,72.46,0.00,0.00,84.71
16.2680,115.6973,115.6121,93.2692,93.2066,0.00,0.00,72.46,0.00,0.00,84.71
16.2700,115.5970,115.5120,93.2921,93.2125,0.00,0.00,72.46,0.00,0.00,84.71
16.2720,115.4969,115.4121,93.3150,93.2209,0.00,0.00,72.46,0.00,0.00,84.71
16.2740,115.3969,115.3123,93.3379,93.2322,0.00,0.00,72.47,0.00,0.00,84.71
16.2760,115.2970,115.2127,93.3607,93.2465,0.00,0.00,72.47,0.00,0.00,84.71
16.2780,115.1973,115.1132,93.3835,93.2642,0.00,0.00,72.47,0.00,0.00,84.72
16.2800,115.0977,115.0139,93.4062,93.2852,0.00,0.00,72.47,0.00,0.00,84.72
16.2820,114.9983,114.9148,93.4290,93.3095,0.00,0.00,72.48,0.00,0.00,84.72
16.2840,114.8990,114.8158,93.4516,93.3371,0.00,0.00,72.48,0.00,0.00,84.72
16.2860,114.7999,114.7170,93.4743,93.3678,0.00,0.00,72.48,0.00,0.00,84.72
16.2880,114.7009,114.6184,93.4969,93.4014,0.00,0.00,72.48,0.00,0.00,84.72
16.2900,114.6021,114.5199,93.5195,93.4376,0.00,0.00,72.48,0.00,0.00,84.72
16.2920,114.5035,114.4216,93.5421,93.4760,0.00,0.00,72.49,0.00,0.00,84.72
16.2940,114.4049,114.3235,93.5646,93.5163,0.00,0.00,72.49,0.00,0.00,84.72
16.2960,114.3066,114.2256,93.5871,93.5579,0.00,0.00,72.49,0.00,0.00,84.72
16.2980,114.2084,114.1278,93.6095,93.6004,0.00,0.00,72.49,0.00,0.00,84.72
16.3000,114.1103,114.0301,93.6319,93.6434,0.00,0.00,72.50,0.00,0.00,84.72
16.3020,114.0124,113.9327,93.6543,93.6864,0.00,0.00,72.50,0.00,0.00,84.72
16.3040,113.9147,113.8354,93.6766,93.6861,0.00,0.00,72.50,84.92,0.00,0.00
16.3060,113.8171,113.7383,93.6989,93.6865,0.00,0.00,72.50,0.00,0.00,84.71
16.3080,113.7197,113.6413,93.7212,93.6878,0.00,0.00,72.50,0.00,0.00,84.71
16.3100,113.6225,113.5445,93.7434,93.6906,0.00,0.00,72.51,0.00,0.00,84.71
16.3120,113.5254,113.4478,93.7656,93.6953,0.00,0.00,72.51,0.00,0.00,84.71
16.3140,113.4284,113.3514,93.7878,93.7022,0.00,0.00,72.51,0.00,0.00,84.71
16.3160,113.3317,113.2550,93.8099,93.7117,0.00,0.00,72.51,0.00,0.00,84.71
16.3180,113.2351,113.1589,93.8320,93.7240,0.00,0.00,72.51,0.00,0.00,84.71
16.3200,113.1386,113.0629,93.8540,93.7394,0.00,0.00,72.52,0.00,0.00,84.71
16.3220,113.0423,112.9670,93.8760,93.7579,0.00,0.00,72.52,0.00,0.00,84.72
16.3240,112.9462,112.8714,93.8980,93.7795,0.00,0.00,72.52,0.00,0.00,84.72
16.3260,112.8503,112.7759,93.9199,93.8044,0.00,0.00,72.52,0.00,0.00,84.72
16.3280,112.7545,112.6805,93.9418,93.8323,0.00,0.00,72.53,0.00,0.00,84.72
16.3300,112.6589,112.5853,93.9637,93.8630,0.00,0.00,72.53,0.00,0.00,84.72
16.3320,112.5635,112.4903,93.9855,93.8964,0.00,0.00,72.53,0.00,0.00,84.72
16.3340,112.4683,112.3954,94.0073,93.9321,0.00,0.00,72.53,0.00,0.00,84.72
16.3360,112.3732,112.3007,94.0290,93.9697,0.00,0.00,72.53,0.00,0.00,84.72
16.3380,112.2783,112.2062,94.0507,94.0090,0.00,0.00,72.54,0.00,0.00,84.72
16.3400,112.1836,112.1118,94.0723,94.0494,0.00,0.00,72.54,0.00,0.00,84.72
16.3420,112.0890,112.0176,94.0939,94.0906,0.00,0.00,72.54,0.00,0.00,84.72
16.3440,111.9946,111.9236,94.1155,94.1320,0.00,0.00,72.54,0.00,0.00,84.72
16.3460,111.9004,111.8297,94.1370,94.1733,0.00,0.00,72.54,0.00,0.00,84.72
16.3480,111.8064,111.7360,94.1585,94.1728,0.00,0.00,72.55,84.91,0.00,0.00
16.3500,111.7126,111.6425,94.1800,94.1730,0.00,0.00,72.55,0.00,0.00,84.71
16.3520,111.6189,111.5492,94.2014,94.1740,0.00,0.00,72.55,0.00,0.00,84.71
16.3540,111.5254,111.4560,94.2228,94.1763,0.00,0.00,72.55,0.00,0.00,84.71
16.3560,111.4321,111.3630,94.2441,94.1802,0.00,0.00,72.55,0.00,0.00,84.71
16.3580,111.3390,111.2702,94.2654,94.1861,0.00,0.00,72.56,0.00,0.00,84.71
16.3600,111.2461,111.1776,94.2866,94.1944,0.00,0.00,72.56,0.00,0.00,84.71
16.3620,111.1533,111.0851,94.3078,94.2052,0.00,0.00,72.56,0.00,0.00,84.71
16.3640,111.0608,110.9929,94.3290,94.2189,0.00,0.00,72.56,0.00,0.00,84.71
16.3660,110.9684,110.9008,94.3501,94.2355,0.00,0.00,72.56,0.00,0.00,84.72
16.3680,110.8762,110.8090,94.3712,94.2551,0.00,0.00,72.57,0.00,0.00,84.72
16.3700,110.7842,110.7173,94.3922,94.2776,0.00,0.00,72.57,0.00,0.00,84.72
16.3720,110.6924,110.6258,94.4132,94.3031,0.00,0.00,72.57,0.00,0.00,84.72
16.3740,110.6008,110.5345,94.4341,94.3314,0.00,0.00,72.57,0.00,0.00,84.72
16.3760,110.5094,110.4434,94.4550,94.3623,0.00,0.00,72.57,0.00,0.00,84.72
16.3780,110.4181,110.3526,94.4759,94.3955,0.00,0.00,72.58,0.00,0.00,84.72
16.3800,110.3271,110.2619,94.4967,94.4307,0.00,0.00,72.58,0.00,0.00,84.72
16.3820,110.2362,110.1714,94.5174,94.4675,0.00,0.00,72.58,0.00,0.00,84.72
16.3840,110.1456,110.0811,94.5382,94.5057,0.00,0.00,72.58,0.00,0.00,84.72
16.3860,110.0551,109.9911,94.5588,94.5448,0.00,0.00,72.58,0.00,0.00,84.72
16.3880,109.9649,109.9012,94.5795,94.5844,0.00,0.00,72.59,0.00,0.00,84.72
16.3900,109.8748,109.8116,94.6000,94.6240,0.00,0.00,72.59,0.00,0.00,84.72
16.3920,109.7850,109.7222,94.6206,94.6239,0.00,0.00,72.59,84.90,0.00,0.00
16.3940,109.6953,109.6330,94.6411,94.6244,0.00,0.00,72.59,0.00,0.00,84.71
16.3960,109.6058,109.5440,94.6615,94.6258,0.00,0.00,72.59,0.00,0.00,84.71
16.3980,109.5166,109.4552,94.6819,94.6287,0.00,0.00,72.60,0.00,0.00,84.71
16.4000,109.4275,109.3667,94.7023,94.6332,0.00,0.00,72.60,0.00,0.00,84.71
16.4020,109.3387,109.2784,94.7226,94.6397,0.00,0.00,72.60,0.00,0.00,84.71
16.4040,109.2500,109.1903,94.7429,94.6486,0.00,0.00,72.60,0.00,0.00,84.71
16.4060,109.1616,109.1024,94.7631,94.6600,0.00,0.00,72.60,0.00,0.00,84.71
16.4080,109.0733,109.0147,94.7832,94.6741,0.00,0.00,72.61,0.00,0.00,84.71
16.4100,108.9853,108.9273,94.8034,94.6909,0.00,0.00,72.61,0.00,0.00,84.72
16.4120,108.8975,108.8401,94.8234,94.7106,0.00,0.00,72.61,0.00,0.00,84.72
16.4140,108.8098,108.7532,94.8435,94.7331,0.00,0.00,72.61,0.00,0.00,84.72
16.4160,108.7224,108.6664,94.8634,94.7583,0.00,0.00,72.61,0.00,0.00,84.72
16.4180,108.6352,108.5799,94.8834,94.7860,0.00,0.00,72.62,0.00,0.00,84.72
16.4200,108.5483,108.4936,94.9033,94.8161,0.00,0.00,72.62,0.00,0.00,84.72
16.4220,108.4615,108.4076,94.9231,94.8483,0.00,0.00,72.62,0.00,0.00,84.72
16.4240,108.3749,108.3218,94.9429,94.8823,0.00,0.00,72.62,0.00,0.00,84.72
16.4260,108.2886,108.2362,94.9626,94.9178,0.00,0.00,72.62,0.00,0.00,84.72
16.4280,108.2024,108.1508,94.9823,94.9544,0.00,0.00,72.63,0.00,0.00,84.72
16.4300,108.1165,108.0657,95.0019,94.9917,0.00,0.00,72.63,0.00,0.00,84.72
16.4320,108.0308,107.9808,95.0215,95.0294,0.00,0.00,72.63,0.00,0.00,84.72
16.4340,107.9453,107.8962,95.0411,95.0671,0.00,0.00,72.63,0.00,0.00,84.72
16.4360,107.8600,107.8118,95.0606,95.0669,0.00,0.00,72.63,84.89,0.00,0.00
16.4380,107.7750,107.7276,95.0800,95.0673,0.00,0.00,72.64,0.00,0.00,84.71
16.4400,107.6902,107.6437,95.0994,95.0685,0.00,0.00,72.64,0.00,0.00,84.71
16.4420,107.6055,107.5599,95.1187,95.0708,0.00,0.00,72.64,0.00,0.00,84.71
16.4440,107.5212,107.4765,95.1380,95.0747,0.00,0.00,72.64,0.00,0.00,84.71
16.4460,107.4370,107.3933,95.1573,95.0805,0.00,0.00,72.64,0.00,0.00,84.71
16.4480,107.3530,107.3103,95.1764,95.0883,0.00,0.00,72.64,0.00,0.00,84.71
16.4500,107.2693,107.2275,95.1956,95.0984,0.00,0.00,72.65,0.00,0.00,84.71
16.4520,107.1858,107.1450,95.2147,95.1109,0.00,0.00,72.65,0.00,0.00,84.71
16.4540,107.1025,107.0628,95.2337,95.1261,0.00,0.00,72.65,0.00,0.00,84.72
16.4560,107.0195,106.9808,95.2527,95.1438,0.00,0.00,72.65,0.00,0.00,84.72
16.4580,106.9367,106.8990,95.2716,95.1642,0.00,0.00,72.65,0.00,0.00,84.72
16.4600,106.8541,106.8175,95.2905,95.1871,0.00,0.00,72.66,0.00,0.00,84.72
16.4620,106.7717,106.7362,95.3093,95.2124,0.00,0.00,72.66,0.00,0.00,84.72
16.4640,106.6896,106.6552,95.3281,95.2399,0.00,0.00,72.66,0.00,0.00,84.72
16.4660,106.6077,106.5744,95.3468,95.2696,0.00,0.00,72.66,0.00,0.00,84.72
16.4680,106.5260,106.4939,95.3655,95.3010,0.00,0.00,72.66,0.00,0.00,84.72
16.4700,106.4446,106.4136,95.3841,95.3339,0.00,0.00,72.66,0.00,0.00,84.72
16.4720,106.3634,106.3336,95.4027,95.3679,0.00,0.00,72.67,0.00,0.00,84.72
16.4740,106.2824,106.2538,95.4212,95.4029,0.00,0.00,72.67,0.00,0.00,84.72
16.4760,106.2016,106.1743,95.4396,95.4383,0.00,0.00,72.67,0.00,0.00,84.72
16.4780,106.1211,106.0951,95.4580,95.4739,0.00,0.00,72.67,0.00,0.00,84.72
16.4800,106.0409,106.0161,95.4764,95.5093,0.00,0.00,72.67,0.00,0.00,84.72
16.4820,105.9608,105.9374,95.4947,95.5088,0.00,0.00,72.68,84.87,0.00,0.00
16.4840,105.8810,105.8589,95.5129,95.5089,0.00,0.00,72.68,0.00,0.00,84.71
16.4860,105.8015,105.7807,95.5311,95.5096,0.00,0.00,72.68,0.00,0.00,84.71
16.4880,105.7221,105.7028,95.5492,95.5113,0.00,0.00,72.68,0.00,0.00,84.71
16.4900,105.6431,105.6252,95.5673,95.5141,0.00,0.00,72.68,0.00,0.00,84.71
16.4920,105.5642,105.5479,95.5853,95.5186,0.00,0.00,72.68,0.00,0.00,84.71
16.4940,105.4856,105.4708,95.6033,95.5248,0.00,0.00,72.69,0.00,0.00,84.71
16.4960,105.4073,105.3940,95.6212,95.5330,0.00,0.00,72.69,0.00,0.00,84.71
16.4980,105.3291,105.3175,95.6391,95.5434,0.00,0.00,72.69,0.00,0.00,84.71
16.5000,105.2513,105.2413,95.6569,95.5561,0.00,0.00,72.69,0.00,0.00,84.71
16.5020,105.1736,105.1653,95.6746,95.5711,0.00,0.00,72.69,0.00,0.00,84.72
16.5040,105.0963,105.0897,95.6923,95.5886,0.00,0.00,72.69,0.00,0.00,84.72
16.5060,105.0191,105.0144,95.7099,95.6084,0.00,0.00,72.70,0.00,0.00,84.72
16.5080,104.9422,104.9394,95.7275,95.6306,0.00,0.00,72.70,0.00,0.00,84.72
16.5100,104.8656,104.8646,95.7450,95.6549,0.00,0.00,72.70,0.00,0.00,84.72
16.5120,104.7892,104.7902,95.7625,95.6812,0.00,0.00,72.70,0.00,0.00,84.72
16.5140,104.7130,104.7161,95.7799,95.7093,0.00,0.00,72.70,0.00,0.00,84.72
16.5160,104.6371,104.6423,95.7972,95.7390,0.00,0.00,72.70,0.00,0.00,84.72
16.5180,104.5615,104.5689,95.8145,95.7700,0.00,0.00,72.71,0.00,0.00,84.72
16.5200,104.4861,104.4957,95.8317,95.8020,0.00,0.00,72.71,0.00,0.00,84.72
16.5220,104.4110,104.4229,95.8489,95.8347,0.00,0.00,72.71,0.00,0.00,84.72
16.5240,104.3361,104.3505,95.8660,95.8677,0.00,0.00,72.71,0.00,0.00,84.72
16.5260,104.2614,104.2783,95.8831,95.9009,0.00,0.00,72.71,0.00,0.00,84.72
16.5280,104.1870,104.2066,95.9001,95.9008,0.00,0.00,72.71,84.86,0.00,0.00
16.5300,104.1129,104.1351,95.9170,95.9013,0.00,0.00,72.72,0.00,0.00,84.71
16.5320,104.0390,104.0641,95.9339,95.9025,0.00,0.00,72.72,0.00,0.00,84.71
16.5340,103.9654,103.9934,95.9508,95.9047,0.00,0.00,72.72,0.00,0.00,84.71
16.5360,103.8921,103.9230,95.9675,95.9083,0.00,0.00,72.72,0.00,0.00,84.71
16.5380,103.8190,103.8530,95.9842,95.9135,0.00,0.00,72.72,0.00,0.00,84.71
16.5400,103.7461,103.7835,96.0009,95.9204,0.00,0.00,72.72,0.00,0.00,84.71
16.5420,103.6735,103.7143,96.0175,95.9292,0.00,0.00,72.73,0.00,0.00,84.71
16.5440,103.6012,103.6455,96.0340,95.9401,0.00,0.00,72.73,0.00,0.00,84.71
16.5460,103.5291,103.5771,96.0505,95.9532,0.00,0.00,72.73,0.00,0.00,84.71
16.5480,103.4573,103.5091,96.0669,95.9684,0.00,0.00,72.73,0.00,0.00,84.72
16.5500,103.3858,103.4415,96.0832,95.9858,0.00,0.00,72.73,0.00,0.00,84.72
16.5520,103.3145,103.3744,96.0995,96.0054,0.00,0.00,72.73,0.00,0.00,84.72
16.5540,103.2435,103.3077,96.1158,96.0270,0.00,0.00,72.74,0.00,0.00,84.72
16.5560,103.1727,103.2415,96.1319,96.0505,0.00,0.00,72.74,0.00,0.00,84.72
16.5580,103.1023,103.1757,96.1481,96.0757,0.00,0.00,72.74,0.00,0.00,84.72
16.5600,103.0320,103.1104,96.1641,96.1025,0.00,0.00,72.74,0.00,0.00,84.72
16.5620,102.9621,103.0456,96.1801,96.1306,0.00,0.00,72.74,0.00,0.00,84.72
16.5640,102.8924,102.9813,96.1960,96.1597,0.00,0.00,72.74,0.00,0.00,84.72
16.5660,102.8230,102.9176,96.2119,96.1897,0.00,0.00,72.74,0.00,0.00,84.72
16.5680,102.7538,102.8543,96.2277,96.2201,0.00,0.00,72.75,0.00,0.00,84.72
16.5700,102.6849,102.7916,96.2434,96.2508,0.00,0.00,72.75,0.00,0.00,84.72
16.5720,102.6163,102.7295,96.2591,96.2814,0.00,0.00,72.75,0.00,0.00,84.72
16.5740,102.5480,102.6679,96.2747,96.2812,0.00,0.00,72.75,84.85,0.00,0.00
16.5760,102.4799,102.6070,96.2903,96.2814,0.00,0.00,72.75,0.00,0.00,84.71
16.5780,102.4121,102.5467,96.3058,96.2822,0.00,0.00,72.75,0.00,0.00,84.71
16.5800,102.3446,102.4871,96.3212,96.2839,0.00,0.00,72.76,0.00,0.00,84.71
16.5820,102.2773,102.4281,96.3366,96.2866,0.00,0.00,72.76,0.00,0.00,84.71
16.5840,102.2103,102.3698,96.3519,96.2907,0.00,0.00,72.76,0.00,0.00,84.71
16.5860,102.1436,102.3123,96.3672,96.2962,0.00,0.00,72.76,0.00,0.00,84.71
16.5880,102.0772,102.2556,96.3824,96.3035,0.00,0.00,72.76,0.00,0.00,84.71
16.5900,102.0110,102.1997,96.3975,96.3125,0.00,0.00,72.76,0.00,0.00,84.71
16.5920,101.9452,102.1446,96.4125,96.3234,0.00,0.00,72.76,0.00,0.00,84.71
16.5940,101.8796,102.0904,96.4275,96.3363,0.00,0.00,72.77,0.00,0.00,84.71
16.5960,101.8142,102.0371,96.4425,96.3511,0.00,0.00,72.77,0.00,0.00,84.72
16.5980,101.7492,101.9849,96.4573,96.3678,0.00,0.00,72.77,0.00,0.00,84.72
16.6000,101.6844,101.9336,96.4721,96.3865,0.00,0.00,72.77,0.00,0.00,84.72
16.6020,101.6199,101.8835,96.4869,96.4069,0.00,0.00,72.77,0.00,0.00,84.72
16.6040,101.5557,101.8346,96.5016,96.4289,0.00,0.00,72.77,0.00,0.00,84.72
16.6060,101.4918,101.7869,96.5162,96.4524,0.00,0.00,72.77,0.00,0.00,84.72
16.6080,101.4281,101.7405,96.5307,96.4772,0.00,0.00,72.77,0.00,0.00,84.72
16.6100,101.3648,101.6956,96.5452,96.5032,0.00,0.00,72.78,0.00,0.00,84.72
16.6120,101.3017,101.6522,96.5596,96.5299,0.00,0.00,72.78,0.00,0.00,84.72
16.6140,101.2389,101.6104,96.5740,96.5573,0.00,0.00,72.78,0.00,0.00,84.72
16.6160,101.1764,101.5704,96.5883,96.5851,0.00,0.00,72.78,0.00,0.00,84.72
16.6180,101.1141,101.5324,96.6025,96.6130,0.00,0.00,72.78,0.00,0.00,84.72
16.6200,101.0522,101.4964,96.6166,96.6408,0.00,0.00,72.78,0.00,0.00,84.72
16.6220,100.9905,101.4627,96.6307,96.6404,0.00,0.00,72.78,84.84,0.00,0.00
16.6240,100.9291,101.4315,96.6448,96.6405,0.00,0.00,72.79,0.00,0.00,84.71
16.6260,100.8681,101.4030,96.6587,96.6411,0.00,0.00,72.79,0.00,0.00,84.71
16.6280,100.8073,101.3778,96.6726,96.6423,0.00,0.00,72.79,0.00,0.00,84.71
16.6300,100.7467,101.3561,96.6865,96.6444,0.00,0.00,72.79,0.00,0.00,84.71
16.6320,100.6865,101.3387,96.7002,96.6476,0.00,0.00,72.79,0.00,0.00,84.71
16.6340,100.6266,101.3271,96.7139,96.6521,0.00,0.00,72.80,0.00,0.00,84.71
16.6360,100.5669,101.3249,96.7276,96.6580,0.00,0.00,72.81,0.00,0.00,84.71
16.6380,100.5076,101.3249,96.7411,96.6654,0.00,0.00,72.83,0.00,0.00,84.71
16.6400,100.4485,101.3249,96.7546,96.6744,0.00,0.00,72.83,0.00,0.00,84.71
16.6420,100.3898,101.3249,96.7681,96.6852,0.00,0.00,72.84,0.00,0.00,84.71
16.6440,100.3313,101.3249,96.7814,96.6977,0.00,0.00,72.84,0.00,0.00,84.71
16.6460,100.2731,101.3249,96.7947,96.7118,0.00,0.00,72.84,0.00,0.00,84.72
16.6480,100.2152,101.3249,96.8080,96.7277,0.00,0.00,72.85,0.00,0.00,84.72
16.6500,100.1576,101.3249,96.8211,96.7452,0.00,0.00,72.85,0.00,0.00,84.72
16.6520,100.1003,101.3249,96.8342,96.7641,0.00,0.00,72.85,0.00,0.00,84.72
16.6540,100.0433,101.3249,96.8473,96.7845,0.00,0.00,72.86,0.00,0.00,84.72
16.6560,99.9866,101.3249,96.8602,96.8060,0.00,0.00,72.86,0.00,0.00,84.72
16.6580,99.9301,101.3249,96.8731,96.8287,0.00,0.00,72.86,0.00,0.00,84.72
16.6600,99.8740,101.3249,96.8859,96.8522,0.00,0.00,72.87,0.00,0.00,84.72
16.6620,99.8182,101.3249,96.8987,96.8763,0.00,0.00,72.87,0.00,0.00,84.72
16.6640,99.7627,101.3249,96.9114,96.9009,0.00,0.00,72.88,0.00,0.00,84.72
16.6660,99.7075,101.3249,96.9240,96.9258,0.00,0.00,72.88,0.00,0.00,84.72
16.6680,99.6525,101.3249,96.9366,96.9506,0.00,0.00,72.88,0.00,0.00,84.72
16.6700,99.5979,101.3249,96.9491,96.9506,0.00,0.00,72.89,84.83,0.00,0.00
16.6720,99.5436,101.3249,96.9615,96.9509,0.00,0.00,72.89,0.00,0.00,84.71
16.6740,99.4895,101.3249,96.9738,96.9516,0.00,0.00,72.89,0.00,0.00,84.71
16.6760,99.4358,101.3249,96.9861,96.9531,0.00,0.00,72.90,0.00,0.00,84.71
16.6780,99.3824,101.3249,96.9983,96.9554,0.00,0.00,72.90,0.00,0.00,84.71
16.6800,99.3293,101.3249,97.0105,96.9588,0.00,0.00,72.91,0.00,0.00,84.71
16.6820,99.2764,101.3249,97.0225,96.9633,0.00,0.00,72.91,0.00,0.00,84.71
16.6840,99.2239,101.3249,97.0345,96.9691,0.00,0.00,72.91,0.00,0.00,84.71
16.6860,99.1717,101.3249,97.0465,96.9763,0.00,0.00,72.92,0.00,0.00,84.71
16.6880,99.1198,101.3249,97.0583,96.9849,0.00,0.00,72.92,0.00,0.00,84.71
16.6900,99.0682,101.3249,97.0701,96.9950,0.00,0.00,72.92,0.00,0.00,84.71
16.6920,99.0169,101.3249,97.0819,97.0066,0.00,0.00,72.93,0.00,0.00,84.71
16.6940,98.9659,101.3249,97.0935,97.0197,0.00,0.00,72.93,0.00,0.00,84.72
16.6960,98.9152,101.3249,97.1051,97.0342,0.00,0.00,72.94,0.00,0.00,84.72
16.6980,98.8648,101.3249,97.1166,97.0501,0.00,0.00,72.94,0.00,0.00,84.72
16.7000,98.8148,101.3249,97.1281,97.0672,0.00,0.00,72.94,0.00,0.00,84.72
16.7020,98.7650,101.3249,97.1394,97.0855,0.00,0.00,72.95,0.00,0.00,84.72
16.7040,98.7156,101.3249,97.1507,97.1048,0.00,0.00,72.95,0.00,0.00,84.72
16.7060,98.6664,101.3249,97.1620,97.1249,0.00,0.00,72.96,0.00,0.00,84.72
16.7080,98.6176,101.3249,97.1731,97.1458,0.00,0.00,72.96,0.00,0.00,84.72
16.7100,98.5690,101.3249,97.1842,97.1672,0.00,0.00,72.96,0.00,0.00,84.72
16.7120,98.5208,101.3249,97.1952,97.1889,0.00,0.00,72.97,0.00,0.00,84.72
16.7140,98.4729,101.3249,97.2062,97.2107,0.00,0.00,72.97,0.00,0.00,84.72
16.7160,98.4253,101.3249,97.2171,97.2325,0.00,0.00,72.98,0.00,0.00,84.72
16.7180,98.3780,101.3249,97.2279,97.2324,0.00,0.00,72.98,84.83,0.00,0.00
16.7200,98.3311,101.3249,97.2386,97.2325,0.00,0.00,72.98,0.00,0.00,84.71
16.7220,98.2844,101.3249,97.2493,97.2331,0.00,0.00,72.99,0.00,0.00,84.71
16.7240,98.2380,101.3249,97.2599,97.2341,0.00,0.00,72.99,0.00,0.00,84.71
16.7260,98.1920,101.3249,97.2704,97.2358,0.00,0.00,73.00,0.00,0.00,84.71
16.7280,98.1463,101.3249,97.2808,97.2384,0.00,0.00,73.00,0.00,0.00,84.71
16.7300,98.1009,101.3249,97.2912,97.2419,0.00,0.00,73.00,0.00,0.00,84.71
16.7320,98.0558,101.3249,97.3015,97.2464,0.00,0.00,73.01,0.00,0.00,84.71
16.7340,98.0110,101.3249,97.3118,97.2521,0.00,0.00,73.01,0.00,0.00,84.71
16.7360,97.9666,101.3249,97.3219,97.2590,0.00,0.00,73.02,0.00,0.00,84.71
16.7380,97.9224,101.3249,97.3320,97.2671,0.00,0.00,73.02,0.00,0.00,84.71
16.7400,97.8786,101.3249,97.3420,97.2764,0.00,0.00,73.03,0.00,0.00,84.71
16.7420,97.8351,101.3249,97.3520,97.2870,0.00,0.00,73.03,0.00,0.00,84.71
16.7440,97.7919,101.3249,97.3619,97.2989,0.00,0.00,73.03,0.00,0.00,84.71
16.7460,97.7490,101.3249,97.3717,97.3119,0.00,0.00,73.04,0.00,0.00,84.72
16.7480,97.7065,101.3249,97.3814,97.3260,0.00,0.00,73.04,0.00,0.00,84.72
16.7500,97.6642,101.3249,97.3910,97.3411,0.00,0.00,73.05,0.00,0.00,84.72
16.7520,97.6223,101.3249,97.4006,97.3571,0.00,0.00,73.05,0.00,0.00,84.72
16.7540,97.5807,101.3249,97.4101,97.3739,0.00,0.00,73.06,0.00,0.00,84.72
16.7560,97.5394,101.3249,97.4196,97.3914,0.00,0.00,73.06,0.00,0.00,84.72
16.7580,97.4985,101.3249,97.4289,97.4094,0.00,0.00,73.06,0.00,0.00,84.72
16.7600,97.4578,101.3249,97.4382,97.4277,0.00,0.00,73.07,0.00,0.00,84.72
16.7620,97.4175,101.3249,97.4474,97.4463,0.00,0.00,73.07,0.00,0.00,84.72
16.7640,97.3775,101.3249,97.4566,97.4648,0.00,0.00,73.08,0.00,0.00,84.72
16.7660,97.3378,101.3249,97.4656,97.4833,0.00,0.00,73.08,0.00,0.00,84.72
16.7680,97.2985,101.3249,97.4746,97.4830,0.00,0.00,73.09,84.82,0.00,0.00
16.7700,97.2595,101.3249,97.4836,97.4830,0.00,0.00,73.09,0.00,0.00,84.71
16.7720,97.2208,101.3249,97.4924,97.4833,0.00,0.00,73.09,0.00,0.00,84.71
16.7740,97.1824,101.3249,97.5012,97.4839,0.00,0.00,73.10,0.00,0.00,84.71
16.7760,97.1443,101.3249,97.5099,97.4850,0.00,0.00,73.10,0.00,0.00,84.71
16.7780,97.1066,101.3249,97.5185,97.4866,0.00,0.00,73.11,0.00,0.00,84.71
16.7800,97.0692,101.3249,97.5270,97.4890,0.00,0.00,73.11,0.00,0.00,84.71
16.7820,97.0321,101.3249,97.5355,97.4922,0.00,0.00,73.12,0.00,0.00,84.71
16.7840,96.9953,101.3249,97.5439,97.4963,0.00,0.00,73.12,0.00,0.00,84.71
16.7860,96.9589,101.3249,97.5523,97.5013,0.00,0.00,73.13,0.00,0.00,84.71
16.7880,96.9228,101.3249,97.5605,97.5073,0.00,0.00,73.13,0.00,0.00,84.71
16.7900,96.8870,101.3249,97.5687,97.5142,0.00,0.00,73.13,0.00,0.00,84.71
16.7920,96.8516,101.3249,97.5768,97.5222,0.00,0.00,73.14,0.00,0.00,84.71
16.7940,96.8164,101.3249,97.5848,97.5312,0.00,0.00,73.14,0.00,0.00,84.71
16.7960,96.7816,101.3249,97.5928,97.5412,0.00,0.00,73.15,0.00,0.00,84.71
16.7980,96.7472,101.3249,97.6006,97.5521,0.00,0.00,73.15,0.00,0.00,84.71
16.8000,96.7130,101.3249,97.6085,97.5638,0.00,0.00,73.16,0.00,0.00,84.72
16.8020,96.6792,101.3249,97.6162,97.5764,0.00,0.00,73.16,0.00,0.00,84.72
16.8040,96.6457,101.3249,97.6238,97.5896,0.00,0.00,73.17,0.00,0.00,84.72
16.8060,96.6126,101.3249,97.6314,97.6035,0.00,0.00,73.17,0.00,0.00,84.72
16.8080,96.5797,101.3249,97.6389,97.6178,0.00,0.00,73.17,0.00,0.00,84.72
16.8100,96.5472,101.3249,97.6463,97.6325,0.00,0.00,73.18,0.00,0.00,84.72
16.8120,96.5151,101.3249,97.6537,97.6474,0.00,0.00,73.18,0.00,0.00,84.72
16.8140,96.4832,101.3249,97.6610,97.6625,0.00,0.00,73.19,0.00,0.00,84.72
16.8160,96.4517,101.3249,97.6682,97.6776,0.00,0.00,73.19,0.00,0.00,84.72
16.8180,96.4206,101.3249,97.6753,97.6775,0.00,0.00,73.20,84.81,0.00,0.00
16.8200,96.3897,101.3249,97.6823,97.6776,0.00,0.00,73.20,0.00,0.00,84.71
16.8220,96.3592,101.3249,97.6893,97.6780,0.00,0.00,73.21,0.00,0.00,84.71
16.8240,96.3290,101.3249,97.6962,97.6786,0.00,0.00,73.21,0.00,0.00,84.71
16.8260,96.2992,101.3249,97.7030,97.6798,0.00,0.00,73.21,0.00,0.00,84.71
16.8280,96.2697,101.3249,97.7098,97.6814,0.00,0.00,73.22,0.00,0.00,84.71
16.8300,96.2405,101.3249,97.7165,97.6837,0.00,0.00,73.22,0.00,0.00,84.71
16.8320,96.2116,101.3249,97.7231,97.6866,0.00,0.00,73.23,0.00,0.00,84.71
16.8340,96.1831,101.3249,97.7296,97.6902,0.00,0.00,73.23,0.00,0.00,84.71
16.8360,96.1549,101.3249,97.7360,97.6945,0.00,0.00,73.24,0.00,0.00,84.71
16.8380,96.1271,101.3249,97.7424,97.6996,0.00,0.00,73.24,0.00,0.00,84.71
16.8400,96.0996,101.3249,97.7487,97.7055,0.00,0.00,73.25,0.00,0.00,84.71
16.8420,96.0724,101.3249,97.7549,97.7122,0.00,0.00,73.25,0.00,0.00,84.71
16.8440,96.0456,101.3249,97.7610,97.7196,0.00,0.00,73.25,0.00,0.00,84.71
16.8460,96.0191,101.3249,97.7671,97.7277,0.00,0.00,73.26,0.00,0.00,84.71
16.8480,95.9929,101.3249,97.7731,97.7365,0.00,0.00,73.26,0.00,0.00,84.71
16.8500,95.9671,101.3249,97.7790,97.7460,0.00,0.00,73.27,0.00,0.00,84.71
16.8520,95.9416,101.3249,97.7848,97.7560,0.00,0.00,73.27,0.00,0.00,84.71
16.8540,95.9164,101.3249,97.7905,97.7665,0.00,0.00,73.28,0.00,0.00,84.71
16.8560,95.8916,101.3249,97.7962,97.7774,0.00,0.00,73.28,0.00,0.00,84.71
16.8580,95.8671,101.3249,97.8018,97.7887,0.00,0.00,73.29,0.00,0.00,84.72
16.8600,95.8429,101.3249,97.8073,97.8001,0.00,0.00,73.29,0.00,0.00,84.72
16.8620,95.8191,101.3249,97.8128,97.8117,0.00,0.00,73.30,0.00,0.00,84.72
16.8640,95.7956,101.3249,97.8181,97.8234,0.00,0.00,73.30,0.00,0.00,84.72
16.8660,95.7725,101.3249,97.8234,97.8349,0.00,0.00,73.30,0.00,0.00,84.72
16.8680,95.7497,101.3249,97.8286,97.8347,0.00,0.00,73.31,84.81,0.00,0.00
16.8700,95.7272,101.3249,97.8338,97.8345,0.00,0.00,73.31,84.81,0.00,0.00
16.8720,95.7051,101.3249,97.8388,97.8346,0.00,0.00,73.32,0.00,0.00,84.71
16.8740,95.6833,101.3249,97.8438,97.8349,0.00,0.00,73.32,0.00,0.00,84.71
16.8760,95.6618,101.3249,97.8487,97.8354,0.00,0.00,73.33,0.00,0.00,84.71
16.8780,95.6407,101.3249,97.8535,97.8363,0.00,0.00,73.33,0.00,0.00,84.71
16.8800,95.6199,101.3249,97.8583,97.8375,0.00,0.00,73.34,0.00,0.00,84.71
16.8820,95.5995,101.3249,97.8630,97.8391,0.00,0.00,73.34,0.00,0.00,84.71
16.8840,95.5794,101.3249,97.8676,97.8412,0.00,0.00,73.34,0.00,0.00,84.71
16.8860,95.5597,101.3249,97.8721,97.8438,0.00,0.00,73.35,0.00,0.00,84.71
16.8880,95.5402,101.3249,97.8765,97.8469,0.00,0.00,73.35,0.00,0.00,84.71
16.8900,95.5212,101.3249,97.8809,97.8506,0.00,0.00,73.36,0.00,0.00,84.71
16.8920,95.5024,101.3249,97.8852,97.8548,0.00,0.00,73.36,0.00,0.00,84.71
16.8940,95.4840,101.3249,97.8894,97.8595,0.00,0.00,73.37,0.00,0.00,84.71
16.8960,95.4660,101.3249,97.8935,97.8647,0.00,0.00,73.37,0.00,0.00,84.71
16.8980,95.4483,101.3249,97.8975,97.8704,0.00,0.00,73.37,0.00,0.00,84.71
16.9000,95.4309,101.3249,97.9015,97.8766,0.00,0.00,73.38,0.00,0.00,84.71
16.9020,95.4139,101.3249,97.9054,97.8832,0.00,0.00,73.38,0.00,0.00,84.71
16.9040,95.3972,101.3249,97.9092,97.8901,0.00,0.00,73.39,0.00,0.00,84.71
16.9060,95.3808,101.3249,97.9130,97.8974,0.00,0.00,73.39,0.00,0.00,84.71
16.9080,95.3648,101.3249,97.9166,97.9050,0.00,0.00,73.40,0.00,0.00,84.71
16.9100,95.3492,101.3249,97.9202,97.9127,0.00,0.00,73.40,0.00,0.00,84.71
16.9120,95.3339,101.3249,97.9237,97.9205,0.00,0.00,73.41,0.00,0.00,84.71
16.9140,95.3189,101.3249,97.9271,97.9284,0.00,0.00,73.41,0.00,0.00,84.71
16.9160,95.3042,101.3249,97.9305,97.9363,0.00,0.00,73.41,0.00,0.00,84.71
16.9180,95.2899,101.3249,97.9337,97.9363,0.00,0.00,73.42,84.81,0.00,0.00
16.9200,95.2760,101.3249,97.9369,97.9363,0.00,0.00,73.42,0.00,0.00,84.71
16.9220,95.2624,101.3249,97.9400,97.9364,0.00,0.00,73.43,0.00,0.00,84.71
16.9240,95.2491,101.3249,97.9431,97.9366,0.00,0.00,73.43,0.00,0.00,84.71
16.9260,95.2362,101.3249,97.9460,97.9370,0.00,0.00,73.44,0.00,0.00,84.71
16.9280,95.2236,101.3249,97.9489,97.9376,0.00,0.00,73.44,0.00,0.00,84.71
16.9300,95.2114,101.3249,97.9517,97.9384,0.00,0.00,73.44,0.00,0.00,84.71
16.9320,95.1995,101.3249,97.9544,97.9395,0.00,0.00,73.45,0.00,0.00,84.71
16.9340,95.1879,101.3249,97.9570,97.9408,0.00,0.00,73.45,0.00,0.00,84.71
16.9360,95.1767,101.3249,97.9596,97.9425,0.00,0.00,73.46,0.00,0.00,84.71
16.9380,95.1659,101.3249,97.9621,97.9444,0.00,0.00,73.46,0.00,0.00,84.71
16.9400,95.1553,101.3249,97.9645,97.9467,0.00,0.00,73.47,0.00,0.00,84.71
16.9420,95.1452,101.3249,97.9668,97.9493,0.00,0.00,73.47,0.00,0.00,84.71
16.9440,95.1353,101.3249,97.9691,97.9521,0.00,0.00,73.47,0.00,0.00,84.71
16.9460,95.1258,101.3249,97.9712,97.9553,0.00,0.00,73.48,0.00,0.00,84.71
16.9480,95.1167,101.3249,97.9733,97.9587,0.00,0.00,73.48,0.00,0.00,84.71
16.9500,95.1079,101.3249,97.9753,97.9624,0.00,0.00,73.49,0.00,0.00,84.71
16.9520,95.0994,101.3249,97.9773,97.9662,0.00,0.00,73.49,0.00,0.00,84.71
16.9540,95.0913,101.3249,97.9791,97.9703,0.00,0.00,73.49,0.00,0.00,84.71
16.9560,95.0836,101.3249,97.9809,97.9744,0.00,0.00,73.50,0.00,0.00,84.71
16.9580,95.0761,101.3249,97.9826,97.9787,0.00,0.00,73.50,0.00,0.00,84.71
16.9600,95.0691,101.3249,97.9842,97.9831,0.00,0.00,73.51,0.00,0.00,84.71
16.9620,95.0623,101.3249,97.9858,97.9874,0.00,0.00,73.51,0.00,0.00,84.71
16.9640,95.0559,101.3249,97.9872,97.9874,0.00,0.00,73.52,84.81,0.00,0.00
16.9660,95.0499,101.3249,97.9886,97.9874,0.00,0.00,73.52,0.00,0.00,84.71
16.9680,95.0442,101.3249,97.9899,97.9875,0.00,0.00,73.52,0.00,0.00,84.71
16.9700,95.0389,101.3249,97.9911,97.9877,0.00,0.00,73.53,0.00,0.00,84.71
16.9720,95.0338,101.3249,97.9923,97.9879,0.00,0.00,73.53,0.00,0.00,84.71
16.9740,95.0292,101.3249,97.9933,97.9882,0.00,0.00,73.54,0.00,0.00,84.71
16.9760,95.0249,101.3249,97.9943,97.9886,0.00,0.00,73.54,0.00,0.00,84.71
16.9780,95.0209,101.3249,97.9952,97.9891,0.00,0.00,73.54,0.00,0.00,84.71
16.9800,95.0173,101.3249,97.9961,97.9897,0.00,0.00,73.55,0.00,0.00,84.71
16.9820,95.0140,101.3249,97.9968,97.9904,0.00,0.00,73.55,0.00,0.00,84.71
16.9840,95.0111,101.3249,97.9975,97.9913,0.00,0.00,73.56,0.00,0.00,84.71
16.9860,95.0085,101.3249,97.9981,97.9922,0.00,0.00,73.56,0.00,0.00,84.71
16.9880,95.0062,101.3249,97.9986,97.9932,0.00,0.00,73.56,0.00,0.00,84.71
16.9900,95.0043,101.3249,97.9990,97.9943,0.00,0.00,73.57,0.00,0.00,84.71
16.9920,95.0028,101.3249,97.9994,97.9955,0.00,0.00,73.57,0.00,0.00,84.71
16.9940,95.0016,101.3249,97.9996,97.9967,0.00,0.00,73.57,0.00,0.00,84.71
16.9960,95.0007,101.3249,97.9998,97.9980,0.00,0.00,73.58,0.00,0.00,84.71
16.9980,95.0002,101.3249,98.0000,97.9993,0.00,0.00,73.58,0.00,0.00,84.71
17.0000,95.0000,101.3249,98.0000,98.0006,0.00,0.00,73.59,0.00,0.00,84.71
17.0020,95.0002,101.3249,98.0000,98.0005,0.00,0.00,73.59,84.80,0.00,0.00
17.0040,95.0007,101.3249,97.9998,98.0005,0.00,0.00,73.59,84.80,0.00,0.00
17.0060,95.0016,101.3249,97.9996,98.0004,0.00,0.00,73.60,84.80,0.00,0.00
17.0080,95.0028,101.3249,97.9994,98.0003,0.00,0.00,73.60,84.80,0.00,0.00
17.0100,95.0043,101.3249,97.9990,98.0002,0.00,0.00,73.60,84.80,0.00,0.00
17.0120,95.0062,101.3249,97.9986,98.0000,0.00,0.00,73.61,84.81,0.00,0.00
17.0140,95.0085,101.3249,97.9981,97.9998,0.00,0.00,73.61,84.81,0.00,0.00
17.0160,95.0111,101.3249,97.9975,97.9995,0.00,0.00,73.62,84.81,0.00,0.00
17.0180,95.0140,101.3249,97.9968,97.9991,0.00,0.00,73.62,84.81,0.00,0.00
17.0200,95.0173,101.3249,97.9961,97.9986,0.00,0.00,73.62,84.81,0.00,0.00
17.0220,95.0209,101.3249,97.9952,97.9980,0.00,0.00,73.63,84.81,0.00,0.00
17.0240,95.0249,101.3249,97.9943,97.9974,0.00,0.00,73.63,84.81,0.00,0.00
17.0260,95.0292,101.3249,97.9933,97.9966,0.00,0.00,73.63,84.81,0.00,0.00
17.0280,95.0338,101.3249,97.9923,97.9957,0.00,0.00,73.64,84.81,0.00,0.00
17.0300,95.0389,101.3249,97.9911,97.9946,0.00,0.00,73.64,84.81,0.00,0.00
17.0320,95.0442,101.3249,97.9899,97.9934,0.00,0.00,73.64,84.81,0.00,0.00
17.0340,95.0499,101.3249,97.9886,97.9921,0.00,0.00,73.65,84.81,0.00,0.00
17.0360,95.0559,101.3249,97.9872,97.9907,0.00,0.00,73.65,84.81,0.00,0.00
17.0380,95.0623,101.3249,97.9858,97.9891,0.00,0.00,73.65,84.81,0.00,0.00
17.0400,95.0691,101.3249,97.9842,97.9873,0.00,0.00,73.66,84.81,0.00,0.00
17.0420,95.0761,101.3249,97.9826,97.9855,0.00,0.00,73.66,84.81,0.00,0.00
17.0440,95.0836,101.3249,97.9809,97.9835,0.00,0.00,73.66,84.81,0.00,0.00
17.0460,95.0913,101.3249,97.9791,97.9814,0.00,0.00,73.67,84.81,0.00,0.00
17.0480,95.0994,101.3249,97.9773,97.9792,0.00,0.00,73.67,84.81,0.00,0.00
17.0500,95.1079,101.3249,97.9753,97.9768,0.00,0.00,73.67,84.81,0.00,0.00
17.0520,95.1167,101.3249,97.9733,97.9744,0.00,0.00,73.68,84.81,0.00,0.00
17.0540,95.1258,101.3249,97.9712,97.9719,0.00,0.00,73.68,84.81,0.00,0.00
17.0560,95.1353,101.3249,97.9691,97.9693,0.00,0.00,73.68,84.81,0.00,0.00
17.0580,95.1452,101.3249,97.9668,97.9666,0.00,0.00,73.69,84.81,0.00,0.00
17.0600,95.1553,101.3249,97.9645,97.9639,0.00,0.00,73.69,84.81,0.00,0.00
17.0620,95.1659,101.3249,97.9621,97.9611,0.00,0.00,73.69,84.81,0.00,0.00
17.0640,95.1767,101.3249,97.9596,97.9583,0.00,0.00,73.70,84.81,0.00,0.00
17.0660,95.1879,101.3249,97.9570,97.9555,0.00,0.00,73.70,84.81,0.00,0.00
17.0680,95.1995,101.3249,97.9544,97.9526,0.00,0.00,73.70,84.81,0.00,0.00
17.0700,95.2114,101.3249,97.9517,97.9497,0.00,0.00,73.71,84.81,0.00,0.00
17.0720,95.2236,101.3249,97.9489,97.9468,0.00,0.00,73.71,84.81,0.00,0.00
17.0740,95.2362,101.3249,97.9460,97.9439,0.00,0.00,73.71,84.81,0.00,0.00
17.0760,95.2491,101.3249,97.9431,97.9409,0.00,0.00,73.72,84.81,0.00,0.00
17.0780,95.2624,101.3249,97.9400,97.9379,0.00,0.00,73.72,84.81,0.00,0.00
17.0800,95.2760,101.3249,97.9369,97.9349,0.00,0.00,73.72,84.81,0.00,0.00
17.0820,95.2899,101.3249,97.9337,97.9318,0.00,0.00,73.72,84.81,0.00,0.00
17.0840,95.3042,101.3249,97.9305,97.9287,0.00,0.00,73.73,84.81,0.00,0.00
17.0860,95.3189,101.3249,97.9271,97.9256,0.00,0.00,73.73,84.81,0.00,0.00
17.0880,95.3339,101.3249,97.9237,97.9224,0.00,0.00,73.73,84.81,0.00,0.00
17.0900,95.3492,101.3249,97.9202,97.9192,0.00,0.00,73.74,84.81,0.00,0.00
17.0920,95.3648,101.3249,97.9166,97.9158,0.00,0.00,73.74,84.81,0.00,0.00
17.0940,95.3808,101.3249,97.9130,97.9124,0.00,0.00,73.74,84.81,0.00,0.00
17.0960,95.3972,101.3249,97.9092,97.9089,0.00,0.00,73.74,84.81,0.00,0.00
17.0980,95.4139,101.3249,97.9054,97.9053,0.00,0.00,73.75,84.81,0.00,0.00
17.1000,95.4309,101.3249,97.9015,97.9016,0.00,0.00,73.75,84.81,0.00,0.00
17.1020,95.4483,101.3249,97.8975,97.8978,0.00,0.00,73.75,84.81,0.00,0.00
17.1040,95.4660,101.3249,97.8935,97.8938,0.00,0.00,73.76,84.81,0.00,0.00
17.1060,95.4840,101.3249,97.8894,97.8897,0.00,0.00,73.76,84.81,0.00,0.00
17.1080,95.5024,101.3249,97.8852,97.8855,0.00,0.00,73.76,84.81,0.00,0.00
17.1100,95.5212,101.3249,97.8809,97.8812,0.00,0.00,73.76,84.81,0.00,0.00
17.1120,95.5402,101.3249,97.8765,97.8767,0.00,0.00,73.77,84.81,0.00,0.00
17.1140,95.5597,101.3249,97.8721,97.8721,0.00,0.00,73.77,84.81,0.00,0.00
17.1160,95.5794,101.3249,97.8676,97.8674,0.00,0.00,73.77,84.81,0.00,0.00
17.1180,95.5995,101.3249,97.8630,97.8625,0.00,0.00,73.77,84.81,0.00,0.00
17.1200,95.6199,101.3249,97.8583,97.8576,0.00,0.00,73.78,84.81,0.00,0.00
17.1220,95.6407,101.3249,97.8535,97.8525,0.00,0.00,73.78,84.81,0.00,0.00
17.1240,95.6618,101.3249,97.8487,97.8473,0.00,0.00,73.78,84.81,0.00,0.00
17.1260,95.6833,101.3249,97.8438,97.8420,0.00,0.00,73.78,84.81,0.00,0.00
17.1280,95.7051,101.3249,97.8388,97.8367,0.00,0.00,73.79,84.81,0.00,0.00
17.1300,95.7272,101.3249,97.8338,97.8312,0.00,0.00,73.79,84.81,0.00,0.00
17.1320,95.7497,101.3249,97.8286,97.8257,0.00,0.00,73.79,84.81,0.00,0.00
17.1340,95.7725,101.3249,97.8234,97.8201,0.00,0.00,73.79,84.81,0.00,0.00
17.1360,95.7956,101.3249,97.8181,97.8145,0.00,0.00,73.79,84.81,0.00,0.00
17.1380,95.8191,101.3249,97.8128,97.8088,0.00,0.00,73.80,84.81,0.00,0.00
17.1400,95.8429,101.3249,97.8073,97.8031,0.00,0.00,73.80,84.81,0.00,0.00
17.1420,95.8671,101.3249,97.8018,97.7973,0.00,0.00,73.80,84.81,0.00,0.00
17.1440,95.8916,101.3249,97.7962,97.7916,0.00,0.00,73.80,84.81,0.00,0.00
17.1460,95.9164,101.3249,97.7905,97.7857,0.00,0.00,73.80,84.81,0.00,0.00
17.1480,95.9416,101.3249,97.7848,97.7799,0.00,0.00,73.81,84.81,0.00,0.00
17.1500,95.9671,101.3249,97.7790,97.7740,0.00,0.00,73.81,84.81,0.00,0.00
17.1520,95.9929,101.3249,97.7731,97.7682,0.00,0.00,73.81,84.81,0.00,0.00
17.1540,96.0191,101.3249,97.7671,97.7622,0.00,0.00,73.81,84.81,0.00,0.00
17.1560,96.0456,101.3249,97.7610,97.7563,0.00,0.00,73.81,84.81,0.00,0.00
17.1580,96.0724,101.3249,97.7549,97.7503,0.00,0.00,73.82,84.81,0.00,0.00
17.1600,96.0996,101.3249,97.7487,97.7442,0.00,0.00,73.82,84.81,0.00,0.00
17.1620,96.1271,101.3249,97.7424,97.7381,0.00,0.00,73.82,84.81,0.00,0.00
17.1640,96.1549,101.3249,97.7360,97.7320,0.00,0.00,73.82,84.81,0.00,0.00
17.1660,96.1831,101.3249,97.7296,97.7258,0.00,0.00,73.82,84.81,0.00,0.00
17.1680,96.2116,101.3249,97.7231,97.7195,0.00,0.00,73.82,84.81,0.00,0.00
17.1700,96.2405,101.3249,97.7165,97.7131,0.00,0.00,73.83,84.81,0.00,0.00
17.1720,96.2697,101.3249,97.7098,97.7066,0.00,0.00,73.83,84.81,0.00,0.00
17.1740,96.2992,101.3249,97.7030,97.7000,0.00,0.00,73.83,84.81,0.00,0.00
17.1760,96.3290,101.3249,97.6962,97.6933,0.00,0.00,73.83,84.81,0.00,0.00
17.1780,96.3592,101.3249,97.6893,97.6865,0.00,0.00,73.83,84.81,0.00,0.00
17.1800,96.3897,101.3249,97.6823,97.6796,0.00,0.00,73.83,84.81,0.00,0.00
17.1820,96.4206,101.3249,97.6753,97.6726,0.00,0.00,73.84,84.81,0.00,0.00
17.1840,96.4517,101.3249,97.6682,97.6654,0.00,0.00,73.84,84.81,0.00,0.00
17.1860,96.4832,101.3249,97.6610,97.6581,0.00,0.00,73.84,84.81,0.00,0.00
17.1880,96.5151,101.3249,97.6537,97.6507,0.00,0.00,73.84,84.81,0.00,0.00
17.1900,96.5472,101.3249,97.6463,97.6432,0.00,0.00,73.84,84.81,0.00,0.00
17.1920,96.5797,101.3249,97.6389,97.6355,0.00,0.00,73.84,84.82,0.00,0.00
17.1940,96.6126,101.3249,97.6314,97.6278,0.00,0.00,73.84,84.82,0.00,0.00
17.1960,96.6457,101.3249,97.6238,97.6199,0.00,0.00,73.84,84.82,0.00,0.00
17.1980,96.6792,101.3249,97.6162,97.6119,0.00,0.00,73.85,84.82,0.00,0.00
17.2000,96.7130,101.3249,97.6085,97.6038,0.00,0.00,73.85,84.82,0.00,0.00
17.2020,96.7472,101.3249,97.6006,97.5957,0.00,0.00,73.85,84.82,0.00,0.00
17.2040,96.7816,101.3249,97.5928,97.5875,0.00,0.00,73.85,84.82,0.00,0.00
17.2060,96.8164,101.3249,97.5848,97.5792,0.00,0.00,73.85,84.82,0.00,0.00
17.2080,96.8516,101.3249,97.5768,97.5708,0.00,0.00,73.85,84.82,0.00,0.00
17.2100,96.8870,101.3249,97.5687,97.5624,0.00,0.00,73.85,84.82,0.00,0.00
17.2120,96.9228,101.3249,97.5605,97.5539,0.00,0.00,73.85,84.82,0.00,0.00
17.2140,96.9589,101.3249,97.5523,97.5454,0.00,0.00,73.85,84.82,0.00,0.00
17.2160,96.9953,101.3249,97.5439,97.5368,0.00,0.00,73.85,84.82,0.00,0.00
17.2180,97.0321,101.3249,97.5355,97.5282,0.00,0.00,73.85,84.82,0.00,0.00
17.2200,97.0692,101.3249,97.5270,97.5196,0.00,0.00,73.86,84.82,0.00,0.00
17.2220,97.1066,101.3249,97.5185,97.5109,0.00,0.00,73.86,84.82,0.00,0.00
17.2240,97.1443,101.3249,97.5099,97.5023,0.00,0.00,73.86,84.82,0.00,0.00
17.2260,97.1824,101.3249,97.5012,97.4935,0.00,0.00,73.86,84.82,0.00,0.00
17.2280,97.2208,101.3249,97.4924,97.4848,0.00,0.00,73.86,84.82,0.00,0.00
17.2300,97.2595,101.3249,97.4836,97.4760,0.00,0.00,73.86,84.82,0.00,0.00
17.2320,97.2985,101.3249,97.4746,97.4672,0.00,0.00,73.86,84.82,0.00,0.00
17.2340,97.3378,101.3249,97.4656,97.4583,0.00,0.00,73.86,84.82,0.00,0.00
17.2360,97.3775,101.3249,97.4566,97.4494,0.00,0.00,73.86,84.82,0.00,0.00
17.2380,97.4175,101.3249,97.4474,97.4405,0.00,0.00,73.86,84.82,0.00,0.00
17.2400,97.4578,101.3249,97.4382,97.4314,0.00,0.00,73.86,84.82,0.00,0.00
17.2420,97.4985,101.3249,97.4289,97.4223,0.00,0.00,73.86,84.82,0.00,0.00
17.2440,97.5394,101.3249,97.4196,97.4132,0.00,0.00,73.86,84.82,0.00,0.00
17.2460,97.5807,101.3249,97.4101,97.4039,0.00,0.00,73.86,84.82,0.00,0.00
17.2480,97.6223,101.3249,97.4006,97.3945,0.00,0.00,73.86,84.82,0.00,0.00
17.2500,97.6642,101.3249,97.3910,97.3851,0.00,0.00,73.86,84.82,0.00,0.00
17.2520,97.7065,101.3249,97.3814,97.3755,0.00,0.00,73.86,84.82,0.00,0.00
17.2540,97.7490,101.3249,97.3717,97.3659,0.00,0.00,73.86,84.82,0.00,0.00
17.2560,97.7919,101.3249,97.3619,97.3561,0.00,0.00,73.86,84.82,0.00,0.00
17.2580,97.8351,101.3249,97.3520,97.3462,0.00,0.00,73.86,84.82,0.00,0.00
17.2600,97.8786,101.3249,97.3420,97.3362,0.00,0.00,73.86,84.82,0.00,0.00
17.2620,97.9224,101.3249,97.3320,97.3261,0.00,0.00,73.86,84.82,0.00,0.00
17.2640,97.9666,101.3249,97.3219,97.3158,0.00,0.00,73.86,84.82,0.00,0.00
17.2660,98.0110,101.3249,97.3118,97.3055,0.00,0.00,73.86,84.82,0.00,0.00
17.2680,98.0558,101.3249,97.3015,97.2950,0.00,0.00,73.86,84.82,0.00,0.00
17.2700,98.1009,101.3249,97.2912,97.2845,0.00,0.00,73.86,84.82,0.00,0.00
17.2720,98.1463,101.3249,97.2808,97.2738,0.00,0.00,73.86,84.83,0.00,0.00
17.2740,98.1920,101.3249,97.2704,97.2630,0.00,0.00,73.86,84.83,0.00,0.00
17.2760,98.2380,101.3249,97.2599,97.2522,0.00,0.00,73.86,84.83,0.00,0.00
17.2780,98.2844,101.3249,97.2493,97.2413,0.00,0.00,73.86,84.83,0.00,0.00
17.2800,98.3311,101.3249,97.2386,97.2303,0.00,0.00,73.86,84.83,0.00,0.00
17.2820,98.3780,101.3249,97.2279,97.2193,0.00,0.00,73.86,84.83,0.00,0.00
17.2840,98.4253,101.3249,97.2171,97.2081,0.00,0.00,73.86,84.83,0.00,0.00
17.2860,98.4729,101.3249,97.2062,97.1970,0.00,0.00,73.86,84.83,0.00,0.00
17.2880,98.5208,101.3249,97.1952,97.1858,0.00,0.00,73.86,84.83,0.00,0.00
17.2900,98.5690,101.3249,97.1842,97.1745,0.00,0.00,73.86,84.83,0.00,0.00
17.2920,98.6176,101.3249,97.1731,97.1632,0.00,0.00,73.86,84.83,0.00,0.00
17.2940,98.6664,101.3249,97.1620,97.1519,0.00,0.00,73.85,84.83,0.00,0.00
17.2960,98.7156,101.3249,97.1507,97.1406,0.00,0.00,73.85,84.83,0.00,0.00
17.2980,98.7650,101.3249,97.1394,97.1292,0.00,0.00,73.85,84.83,0.00,0.00
17.3000,98.8148,101.3249,97.1281,97.1178,0.00,0.00,73.85,84.83,0.00,0.00
17.3020,98.8648,101.3249,97.1166,97.1063,0.00,0.00,73.85,84.83,0.00,0.00
17.3040,98.9152,101.3249,97.1051,97.0949,0.00,0.00,73.85,84.83,0.00,0.00
17.3060,98.9659,101.3249,97.0935,97.0833,0.00,0.00,73.85,84.83,0.00,0.00
17.3080,99.0169,101.3249,97.0819,97.0718,0.00,0.00,73.85,84.83,0.00,0.00
17.3100,99.0682,101.3249,97.0701,97.0602,0.00,0.00,73.85,84.83,0.00,0.00
17.3120,99.1198,101.3249,97.0583,97.0485,0.00,0.00,73.85,84.83,0.00,0.00
17.3140,99.1717,101.3249,97.0465,97.0368,0.00,0.00,73.84,84.83,0.00,0.00
17.3160,99.2239,101.3249,97.0345,97.0251,0.00,0.00,73.84,84.83,0.00,0.00
17.3180,99.2764,101.3249,97.0225,97.0132,0.00,0.00,73.84,84.83,0.00,0.00
17.3200,99.3293,101.3249,97.0105,97.0013,0.00,0.00,73.84,84.83,0.00,0.00
17.3220,99.3824,101.3249,96.9983,96.9893,0.00,0.00,73.84,84.83,0.00,0.00
17.3240,99.4358,101.3249,96.9861,96.9772,0.00,0.00,73.84,84.83,0.00,0.00
17.3260,99.4895,101.3249,96.9738,96.9650,0.00,0.00,73.84,84.83,0.00,0.00
17.3280,99.5436,101.3249,96.9615,96.9527,0.00,0.00,73.83,84.83,0.00,0.00
17.3300,99.5979,101.3249,96.9491,96.9403,0.00,0.00,73.83,84.83,0.00,0.00
17.3320,99.6525,101.3249,96.9366,96.9279,0.00,0.00,73.83,84.83,0.00,0.00
17.3340,99.7075,101.3249,96.9240,96.9153,0.00,0.00,73.83,84.84,0.00,0.00
17.3360,99.7627,101.3249,96.9114,96.9026,0.00,0.00,73.83,84.84,0.00,0.00
17.3380,99.8182,101.3249,96.8987,96.8898,0.00,0.00,73.83,84.84,0.00,0.00
17.3400,99.8740,101.3249,96.8859,96.8768,0.00,0.00,73.82,84.84,0.00,0.00
17.3420,99.9301,101.3249,96.8731,96.8638,0.00,0.00,73.82,84.84,0.00,0.00
17.3440,99.9866,101.3249,96.8602,96.8507,0.00,0.00,73.82,84.84,0.00,0.00
17.3460,100.0433,101.3249,96.8473,96.8375,0.00,0.00,73.82,84.84,0.00,0.00
17.3480,100.1003,101.3249,96.8342,96.8242,0.00,0.00,73.82,84.84,0.00,0.00
17.3500,100.1576,101.3249,96.8211,96.8108,0.00,0.00,73.81,84.84,0.00,0.00
17.3520,100.2152,101.3249,96.8080,96.7974,0.00,0.00,73.81,84.84,0.00,0.00
17.3540,100.2731,101.3249,96.7947,96.7839,0.00,0.00,73.81,84.84,0.00,0.00
17.3560,100.3313,101.3249,96.7814,96.7703,0.00,0.00,73.81,84.84,0.00,0.00
17.3580,100.3898,101.3249,96.7681,96.7566,0.00,0.00,73.80,84.84,0.00,0.00
17.3600,100.4485,101.3249,96.7546,96.7429,0.00,0.00,73.80,84.84,0.00,0.00
17.3620,100.5076,101.3249,96.7411,96.7292,0.00,0.00,73.80,84.84,0.00,0.00
17.3640,100.5669,101.3249,96.7276,96.7154,0.00,0.00,73.80,84.84,0.00,0.00
17.3660,100.6266,101.3249,96.7139,96.7016,0.00,0.00,73.79,84.84,0.00,0.00
17.3680,100.6865,101.3249,96.7002,96.6877,0.00,0.00,73.79,84.84,0.00,0.00
17.3700,100.7467,101.3249,96.6865,96.6738,0.00,0.00,73.79,84.84,0.00,0.00
17.3720,100.8073,101.3249,96.6726,96.6599,0.00,0.00,73.79,84.84,0.00,0.00
17.3740,100.8681,101.3249,96.6587,96.6459,0.00,0.00,73.78,84.84,0.00,0.00
17.3760,100.9291,101.3249,96.6448,96.6319,0.00,0.00,73.78,84.84,0.00,0.00
17.3780,100.9905,101.3249,96.6307,96.6179,0.00,0.00,73.78,84.84,0.00,0.00
17.3800,101.0522,101.3249,96.6166,96.6039,0.00,0.00,73.78,84.84,0.00,0.00
17.3820,101.1141,101.3249,96.6025,96.5898,0.00,0.00,73.77,84.84,0.00,0.00
17.3840,101.1764,101.3249,96.5883,96.5757,0.00,0.00,73.77,84.84,0.00,0.00
17.3860,101.2389,101.3249,96.5740,96.5615,0.00,0.00,73.77,84.84,0.00,0.00
17.3880,101.3017,101.3249,96.5596,96.5473,0.00,0.00,73.76,84.85,0.00,0.00
17.3900,101.3648,101.3295,96.5452,96.5330,66.20,0.00,0.00,84.85,0.00,0.00
17.3920,101.4281,101.3450,96.5307,96.5186,66.20,0.00,0.00,84.85,0.00,0.00
17.3940,101.4918,101.3765,96.5162,96.5042,66.20,0.00,0.00,84.85,0.00,0.00
17.3960,101.5557,101.4273,96.5016,96.4898,66.20,0.00,0.00,84.85,0.00,0.00
17.3980,101.6199,101.4987,96.4869,96.4752,66.20,0.00,0.00,84.85,0.00,0.00
17.4000,101.6844,101.5898,96.4721,96.4605,66.20,0.00,0.00,84.85,0.00,0.00
17.4020,101.7492,101.6976,96.4573,96.4458,66.20,0.00,0.00,84.85,0.00,0.00
17.4040,101.8142,101.8174,96.4425,96.4310,66.20,0.00,0.00,84.85,0.00,0.00
17.4060,101.8796,101.9434,96.4275,96.4161,66.20,0.00,0.00,84.85,0.00,0.00
17.4080,101.9452,102.0690,96.4125,96.4011,66.20,0.00,0.00,84.85,0.00,0.00
17.4100,102.0110,102.0684,96.3975,96.3859,0.00,0.00,72.75,84.85,0.00,0.00
17.4120,102.0772,102.0694,96.3824,96.3707,66.20,0.00,0.00,84.85,0.00,0.00
17.4140,102.1436,102.0788,96.3672,96.3554,66.20,0.00,0.00,84.85,0.00,0.00
17.4160,102.2103,102.1027,96.3519,96.3400,66.20,0.00,0.00,84.85,0.00,0.00
17.4180,102.2773,102.1454,96.3366,96.3245,66.20,0.00,0.00,84.85,0.00,0.00
17.4200,102.3446,102.2095,96.3212,96.3090,66.20,0.00,0.00,84.85,0.00,0.00
17.4220,102.4121,102.2951,96.3058,96.2933,66.20,0.00,0.00,84.85,0.00,0.00
17.4240,102.4799,102.4001,96.2903,96.2776,66.20,0.00,0.00,84.85,0.00,0.00
17.4260,102.5480,102.5206,96.2747,96.2618,66.20,0.00,0.00,84.85,0.00,0.00
17.4280,102.6163,102.6508,96.2591,96.2459,66.20,0.00,0.00,84.85,0.00,0.00
17.4300,102.6849,102.7840,96.2434,96.2299,66.20,0.00,0.00,84.85,0.00,0.00
17.4320,102.7538,102.7837,96.2277,96.2139,0.00,0.00,72.74,84.85,0.00,0.00
17.4340,102.8230,102.7882,96.2119,96.1979,66.20,0.00,0.00,84.85,0.00,0.00
17.4360,102.8924,102.8042,96.1960,96.1818,66.20,0.00,0.00,84.86,0.00,0.00
17.4380,102.9621,102.8375,96.1801,96.1656,66.20,0.00,0.00,84.86,0.00,0.00
17.4400,103.0320,102.8916,96.1641,96.1494,66.20,0.00,0.00,84.86,0.00,0.00
17.4420,103.1023,102.9683,96.1481,96.1332,66.20,0.00,0.00,84.86,0.00,0.00
17.4440,103.1727,103.0665,96.1319,96.1170,66.20,0.00,0.00,84.86,0.00,0.00
17.4460,103.2435,103.1833,96.1158,96.1007,66.20,0.00,0.00,84.86,0.00,0.00
17.4480,103.3145,103.3136,96.0995,96.0844,66.20,0.00,0.00,84.86,0.00,0.00
17.4500,103.3858,103.4510,96.0832,96.0680,66.20,0.00,0.00,84.86,0.00,0.00
17.4520,103.4573,103.5886,96.0669,96.0517,66.20,0.00,0.00,84.86,0.00,0.00
17.4540,103.5291,103.5879,96.0505,96.0353,0.00,0.00,72.72,84.86,0.00,0.00
17.4560,103.6012,103.5894,96.0340,96.0189,66.20,0.00,0.00,84.86,0.00,0.00
17.4580,103.6735,103.6004,96.0175,96.0024,66.20,0.00,0.00,84.86,0.00,0.00
17.4600,103.7461,103.6273,96.0009,95.9859,66.20,0.00,0.00,84.86,0.00,0.00
17.4620,103.8190,103.6749,95.9842,95.9694,66.20,0.00,0.00,84.86,0.00,0.00
17.4640,103.8921,103.7457,95.9675,95.9528,66.20,0.00,0.00,84.86,0.00,0.00
17.4660,103.9654,103.8398,95.9508,95.9361,66.20,0.00,0.00,84.86,0.00,0.00
17.4680,104.0390,103.9548,95.9339,95.9194,66.20,0.00,0.00,84.86,0.00,0.00
17.4700,104.1129,104.0861,95.9170,95.9026,66.20,0.00,0.00,84.86,0.00,0.00
17.4720,104.1870,104.2277,95.9001,95.8858,66.20,0.00,0.00,84.86,0.00,0.00
17.4740,104.2614,104.3723,95.8831,95.8689,66.20,0.00,0.00,84.86,0.00,0.00
17.4760,104.3361,104.3718,95.8660,95.8519,0.00,0.00,72.70,84.86,0.00,0.00
17.4780,104.4110,104.3763,95.8489,95.8349,66.20,0.00,0.00,84.86,0.00,0.00
17.4800,104.4861,104.3929,95.8317,95.8177,66.20,0.00,0.00,84.87,0.00,0.00
17.4820,104.5615,104.4279,95.8145,95.8005,66.20,0.00,0.00,84.87,0.00,0.00
17.4840,104.6371,104.4853,95.7972,95.7832,66.20,0.00,0.00,84.87,0.00,0.00
17.4860,104.7130,104.5669,95.7799,95.7658,66.20,0.00,0.00,84.87,0.00,0.00
17.4880,104.7892,104.6720,95.7625,95.7483,66.20,0.00,0.00,84.87,0.00,0.00
17.4900,104.8656,104.7973,95.7450,95.7307,66.20,0.00,0.00,84.87,0.00,0.00
17.4920,104.9422,104.9375,95.7275,95.7130,66.20,0.00,0.00,84.87,0.00,0.00
17.4940,105.0191,105.0858,95.7099,95.6953,66.20,0.00,0.00,84.87,0.00,0.00
17.4960,105.0963,105.2346,95.6923,95.6775,66.20,0.00,0.00,84.87,0.00,0.00
17.4980,105.1736,105.2338,95.6746,95.6596,0.00,0.00,72.68,84.87,0.00,0.00
17.5000,105.2513,105.2358,95.6569,95.6416,66.20,0.00,0.00,84.87,0.00,0.00
17.5020,105.3291,105.2483,95.6391,95.6236,66.20,0.00,0.00,84.87,0.00,0.00
17.5040,105.4073,105.2780,95.6212,95.6055,66.20,0.00,0.00,84.87,0.00,0.00
17.5060,105.4856,105.3301,95.6033,95.5873,66.20,0.00,0.00,84.87,0.00,0.00
17.5080,105.5642,105.4071,95.5853,95.5691,66.20,0.00,0.00,84.87,0.00,0.00
17.5100,105.6431,105.5091,95.5673,95.5509,66.20,0.00,0.00,84.87,0.00,0.00
17.5120,105.7221,105.6333,95.5492,95.5326,66.20,0.00,0.00,84.87,0.00,0.00
17.5140,105.8015,105.7749,95.5311,95.5143,66.20,0.00,0.00,84.87,0.00,0.00
17.5160,105.8810,105.9272,95.5129,95.4959,66.20,0.00,0.00,84.87,0.00,0.00
17.5180,105.9608,106.0824,95.4947,95.4776,66.20,0.00,0.00,84.87,0.00,0.00
17.5200,106.0409,106.0818,95.4764,95.4591,0.00,0.00,72.67,84.88,0.00,0.00
17.5220,106.1211,106.0863,95.4580,95.4407,66.20,0.00,0.00,84.88,0.00,0.00
17.5240,106.2016,106.1035,95.4396,95.4222,66.20,0.00,0.00,84.88,0.00,0.00
17.5260,106.2824,106.1401,95.4212,95.4038,66.20,0.00,0.00,84.88,0.00,0.00
17.5280,106.3634,106.2006,95.4027,95.3852,66.20,0.00,0.00,84.88,0.00,0.00
17.5300,106.4446,106.2870,95.3841,95.3667,66.20,0.00,0.00,84.88,0.00,0.00
17.5320,106.5260,106.3986,95.3655,95.3481,66.20,0.00,0.00,84.88,0.00,0.00
17.5340,106.6077,106.5319,95.3468,95.3295,66.20,0.00,0.00,84.88,0.00,0.00
17.5360,106.6896,106.6814,95.3281,95.3109,66.20,0.00,0.00,84.88,0.00,0.00
17.5380,106.7717,106.8399,95.3093,95.2922,66.20,0.00,0.00,84.88,0.00,0.00
17.5400,106.8541,106.9991,95.2905,95.2735,66.20,0.00,0.00,84.88,0.00,0.00
17.5420,106.9367,106.9983,95.2716,95.2547,0.00,0.00,72.65,84.88,0.00,0.00
17.5440,107.0195,107.0007,95.2527,95.2359,66.20,0.00,0.00,84.88,0.00,0.00
17.5460,107.1025,107.0145,95.2337,95.2170,66.20,0.00,0.00,84.88,0.00,0.00
17.5480,107.1858,107.0469,95.2147,95.1981,66.20,0.00,0.00,84.88,0.00,0.00
17.5500,107.2693,107.1031,95.1956,95.1791,66.20,0.00,0.00,84.88,0.00,0.00
17.5520,107.3530,107.1858,95.1764,95.1600,66.20,0.00,0.00,84.88,0.00,0.00
17.5540,107.4370,107.2950,95.1573,95.1408,66.20,0.00,0.00,84.88,0.00,0.00
17.5560,107.5212,107.4278,95.1380,95.1216,66.20,0.00,0.00,84.88,0.00,0.00
17.5580,107.6055,107.5789,95.1187,95.1023,66.20,0.00,0.00,84.89,0.00,0.00
17.5600,107.6902,107.7411,95.0994,95.0830,66.20,0.00,0.00,84.89,0.00,0.00
17.5620,107.7750,107.9062,95.0800,95.0635,66.20,0.00,0.00,84.89,0.00,0.00
17.5640,107.8600,107.9055,95.0606,95.0440,0.00,0.00,72.63,84.89,0.00,0.00
17.5660,107.9453,107.9100,95.0411,95.0244,66.20,0.00,0.00,84.89,0.00,0.00
17.5680,108.0308,107.9279,95.0215,95.0047,66.20,0.00,0.00,84.89,0.00,0.00
17.5700,108.1165,107.9661,95.0019,94.9850,66.20,0.00,0.00,84.89,0.00,0.00
17.5720,108.2024,108.0296,94.9823,94.9652,66.20,0.00,0.00,84.89,0.00,0.00
17.5740,108.2886,108.1204,94.9626,94.9453,66.20,0.00,0.00,84.89,0.00,0.00
17.5760,108.3749,108.2380,94.9429,94.9254,66.20,0.00,0.00,84.89,0.00,0.00
17.5780,108.4615,108.3788,94.9231,94.9054,66.20,0.00,0.00,84.89,0.00,0.00
17.5800,108.5483,108.5369,94.9033,94.8853,66.20,0.00,0.00,84.89,0.00,0.00
17.5820,108.6352,108.7047,94.8834,94.8652,66.20,0.00,0.00,84.89,0.00,0.00
17.5840,108.7224,108.8737,94.8634,94.8451,66.20,0.00,0.00,84.89,0.00,0.00
17.5860,108.8098,108.8728,94.8435,94.8249,0.00,0.00,72.60,84.89,0.00,0.00
17.5880,108.8975,108.8756,94.8234,94.8047,66.20,0.00,0.00,84.89,0.00,0.00
17.5900,108.9853,108.8906,94.8034,94.7845,66.20,0.00,0.00,84.89,0.00,0.00
17.5920,109.0733,108.9253,94.7832,94.7642,66.20,0.00,0.00,84.89,0.00,0.00
17.5940,109.1616,108.9853,94.7631,94.7439,66.20,0.00,0.00,84.90,0.00,0.00
17.5960,109.2500,109.0733,94.7429,94.7236,66.20,0.00,0.00,84.90,0.00,0.00
17.5980,109.3387,109.1891,94.7226,94.7033,66.20,0.00,0.00,84.90,0.00,0.00
17.6000,109.4275,109.3297,94.7023,94.6829,66.20,0.00,0.00,84.90,0.00,0.00
17.6020,109.5166,109.4895,94.6819,94.6625,66.20,0.00,0.00,84.90,0.00,0.00
17.6040,109.6058,109.6608,94.6615,94.6421,66.20,0.00,0.00,84.90,0.00,0.00
17.6060,109.6953,109.8351,94.6411,94.6217,66.20,0.00,0.00,84.90,0.00,0.00
17.6080,109.7850,109.8344,94.6206,94.6012,0.00,0.00,72.58,84.90,0.00,0.00
17.6100,109.8748,109.8389,94.6000,94.5807,66.20,0.00,0.00,84.90,0.00,0.00
17.6120,109.9649,109.8574,94.5795,94.5602,66.20,0.00,0.00,84.90,0.00,0.00
17.6140,110.0551,109.8971,94.5588,94.5397,66.20,0.00,0.00,84.90,0.00,0.00
17.6160,110.1456,109.9633,94.5382,94.5191,66.20,0.00,0.00,84.90,0.00,0.00
17.6180,110.2362,110.0583,94.5174,94.4985,66.20,0.00,0.00,84.90,0.00,0.00
17.6200,110.3271,110.1814,94.4967,94.4778,66.20,0.00,0.00,84.90,0.00,0.00
17.6220,110.4181,110.3290,94.4759,94.4571,66.20,0.00,0.00,84.90,0.00,0.00
17.6240,110.5094,110.4950,94.4550,94.4363,66.20,0.00,0.00,84.90,0.00,0.00
17.6260,110.6008,110.6714,94.4341,94.4155,66.20,0.00,0.00,84.90,0.00,0.00
17.6280,110.6924,110.8493,94.4132,94.3946,66.20,0.00,0.00,84.90,0.00,0.00
17.6300,110.7842,110.8483,94.3922,94.3737,0.00,0.00,72.56,84.91,0.00,0.00
17.6320,110.8762,110.8515,94.3712,94.3526,66.20,0.00,0.00,84.91,0.00,0.00
17.6340,110.9684,110.8676,94.3501,94.3316,66.20,0.00,0.00,84.91,0.00,0.00
17.6360,111.0608,110.9045,94.3290,94.3104,66.20,0.00,0.00,84.91,0.00,0.00
17.6380,111.1533,110.9679,94.3078,94.2892,66.20,0.00,0.00,84.91,0.00,0.00
17.6400,111.2461,111.0606,94.2866,94.2680,66.20,0.00,0.00,84.91,0.00,0.00
17.6420,111.3390,111.1824,94.2654,94.2466,66.20,0.00,0.00,84.91,0.00,0.00
17.6440,111.4321,111.3301,94.2441,94.2252,66.20,0.00,0.00,84.91,0.00,0.00
17.6460,111.5254,111.4977,94.2228,94.2038,66.20,0.00,0.00,84.91,0.00,0.00
17.6480,111.6189,111.6773,94.2014,94.1823,66.20,0.00,0.00,84.91,0.00,0.00
17.6500,111.7126,111.8599,94.1800,94.1607,66.20,0.00,0.00,84.91,0.00,0.00
17.6520,111.8064,111.8591,94.1585,94.1391,0.00,0.00,72.54,84.91,0.00,0.00
17.6540,111.9004,111.8637,94.1370,94.1174,66.20,0.00,0.00,84.91,0.00,0.00
17.6560,111.9946,111.8828,94.1155,94.0957,66.20,0.00,0.00,84.91,0.00,0.00
17.6580,112.0890,111.9239,94.0939,94.0739,66.20,0.00,0.00,84.91,0.00,0.00
17.6600,112.1836,111.9927,94.0723,94.0521,66.20,0.00,0.00,84.91,0.00,0.00
17.6620,112.2783,112.0914,94.0507,94.0303,66.20,0.00,0.00,84.91,0.00,0.00
17.6640,112.3732,112.2195,94.0290,94.0084,66.20,0.00,0.00,84.92,0.00,0.00
17.6660,112.4683,112.3733,94.0073,93.9866,66.20,0.00,0.00,84.92,0.00,0.00
17.6680,112.5635,112.5464,93.9855,93.9647,66.20,0.00,0.00,84.92,0.00,0.00
17.6700,112.6589,112.7306,93.9637,93.9427,66.20,0.00,0.00,84.92,0.00,0.00
17.6720,112.7545,112.9165,93.9418,93.9208,66.20,0.00,0.00,84.92,0.00,0.00
17.6740,112.8503,112.9155,93.9199,93.8988,0.00,0.00,72.52,84.92,0.00,0.00
17.6760,112.9462,112.9189,93.8980,93.8769,66.20,0.00,0.00,84.92,0.00,0.00
17.6780,113.0423,112.9360,93.8760,93.8549,66.20,0.00,0.00,84.92,0.00,0.00
17.6800,113.1386,112.9748,93.8540,93.8329,66.20,0.00,0.00,84.92,0.00,0.00
17.6820,113.2351,113.0412,93.8320,93.8108,66.20,0.00,0.00,84.92,0.00,0.00
17.6840,113.3317,113.1382,93.8099,93.7888,66.20,0.00,0.00,84.92,0.00,0.00
17.6860,113.4284,113.2653,93.7878,93.7667,66.20,0.00,0.00,84.92,0.00,0.00
17.6880,113.5254,113.4193,93.7656,93.7446,66.20,0.00,0.00,84.92,0.00,0.00
17.6900,113.6225,113.5939,93.7434,93.7225,66.20,0.00,0.00,84.92,0.00,0.00
17.6920,113.7197,113.7810,93.7212,93.7003,66.20,0.00,0.00,84.92,0.00,0.00
17.6940,113.8171,113.9711,93.6989,93.6782,66.20,0.00,0.00,84.92,0.00,0.00
17.6960,113.9147,113.9701,93.6766,93.6559,0.00,0.00,72.49,84.93,0.00,0.00
17.6980,114.0124,113.9749,93.6543,93.6337,66.20,0.00,0.00,84.93,0.00,0.00
17.7000,114.1103,113.9945,93.6319,93.6114,66.20,0.00,0.00,84.93,0.00,0.00
17.7020,114.2084,114.0369,93.6095,93.5890,66.20,0.00,0.00,84.93,0.00,0.00
17.7040,114.3066,114.1079,93.5871,93.5667,66.20,0.00,0.00,84.93,0.00,0.00
17.7060,114.4049,114.2100,93.5646,93.5442,66.20,0.00,0.00,84.93,0.00,0.00
17.7080,114.5035,114.3426,93.5421,93.5217,66.20,0.00,0.00,84.93,0.00,0.00
17.7100,114.6021,114.5018,93.5195,93.4992,66.20,0.00,0.00,84.93,0.00,0.00
17.7120,114.7009,114.6812,93.4969,93.4766,66.20,0.00,0.00,84.93,0.00,0.00
17.7140,114.7999,114.8723,93.4743,93.4539,66.20,0.00,0.00,84.93,0.00,0.00
17.7160,114.8990,115.0653,93.4516,93.4312,66.20,0.00,0.00,84.93,0.00,0.00
17.7180,114.9983,115.0642,93.4290,93.4084,0.00,0.00,72.47,84.93,0.00,0.00
17.7200,115.0977,115.0680,93.4062,93.3856,66.20,0.00,0.00,84.93,0.00,0.00
17.7220,115.1973,115.0859,93.3835,93.3628,66.20,0.00,0.00,84.93,0.00,0.00
17.7240,115.2970,115.1264,93.3607,93.3398,66.20,0.00,0.00,84.93,0.00,0.00
17.7260,115.3969,115.1955,93.3379,93.3169,66.20,0.00,0.00,84.93,0.00,0.00
17.7280,115.4969,115.2961,93.3150,93.2939,66.20,0.00,0.00,84.93,0.00,0.00
17.7300,115.5970,115.4280,93.2921,93.2708,66.20,0.00,0.00,84.94,0.00,0.00
17.7320,115.6973,115.5874,93.2692,93.2477,66.20,0.00,0.00,84.94,0.00,0.00
17.7340,115.7977,115.7682,93.2462,93.2246,66.20,0.00,0.00,84.94,0.00,0.00
17.7360,115.8983,115.9618,93.2233,93.2015,66.20,0.00,0.00,84.94,0.00,0.00
17.7380,115.9990,116.1584,93.2002,93.1783,66.20,0.00,0.00,84.94,0.00,0.00
17.7400,116.0998,116.1574,93.1772,93.1551,0.00,0.00,72.44,84.94,0.00,0.00
17.7420,116.2008,116.1623,93.1541,93.1319,66.20,0.00,0.00,84.94,0.00,0.00
17.7440,116.3019,116.1824,93.1310,93.1087,66.20,0.00,0.00,84.94,0.00,0.00
17.7460,116.4032,116.2260,93.1078,93.0854,66.20,0.00,0.00,84.94,0.00,0.00
17.7480,116.5046,116.2990,93.0847,93.0622,66.20,0.00,0.00,84.94,0.00,0.00
17.7500,116.6061,116.4040,93.0615,93.0389,66.20,0.00,0.00,84.94,0.00,0.00
17.7520,116.7077,116.5404,93.0382,93.0156,66.20,0.00,0.00,84.94,0.00,0.00
17.7540,116.8095,116.7044,93.0150,92.9923,66.20,0.00,0.00,84.94,0.00,0.00
17.7560,116.9114,116.8893,92.9917,92.9690,66.20,0.00,0.00,84.94,0.00,0.00
17.7580,117.0135,117.0863,92.9683,92.9457,66.20,0.00,0.00,84.94,0.00,0.00
17.7600,117.1156,117.2856,92.9450,92.9224,66.20,0.00,0.00,84.95,0.00,0.00
17.7620,117.2179,117.2844,92.9216,92.8990,0.00,0.00,72.42,84.95,0.00,0.00
17.7640,117.3204,117.2884,92.8982,92.8757,66.20,0.00,0.00,84.95,0.00,0.00
17.7660,117.4229,117.3071,92.8748,92.8523,66.20,0.00,0.00,84.95,0.00,0.00
17.7680,117.5256,117.3491,92.8513,92.8289,66.20,0.00,0.00,84.95,0.00,0.00
17.7700,117.6284,117.4205,92.8278,92.8055,66.20,0.00,0.00,84.95,0.00,0.00
17.7720,117.7313,117.5242,92.8043,92.7820,66.20,0.00,0.00,84.95,0.00,0.00
17.7740,117.8343,117.6600,92.7807,92.7586,66.20,0.00,0.00,84.95,0.00,0.00
17.7760,117.9375,117.8242,92.7571,92.7351,66.20,0.00,0.00,84.95,0.00,0.00
17.7780,118.0408,118.0103,92.7335,92.7115,66.20,0.00,0.00,84.95,0.00,0.00
17.7800,118.1442,118.2094,92.7099,92.6879,66.20,0.00,0.00,84.95,0.00,0.00
17.7820,118.2477,118.4117,92.6862,92.6643,66.20,0.00,0.00,84.95,0.00,0.00
17.7840,118.3513,118.4106,92.6626,92.6407,0.00,0.00,72.40,84.95,0.00,0.00
17.7860,118.4551,118.4156,92.6388,92.6170,66.20,0.00,0.00,84.95,0.00,0.00
17.7880,118.5589,118.4361,92.6151,92.5932,66.20,0.00,0.00,84.95,0.00,0.00
17.7900,118.6629,118.4807,92.5913,92.5694,66.20,0.00,0.00,84.95,0.00,0.00
17.7920,118.7670,118.5554,92.5675,92.5456,66.20,0.00,0.00,84.96,0.00,0.00
17.7940,118.8712,118.6628,92.5437,92.5217,66.20,0.00,0.00,84.96,0.00,0.00
17.7960,118.9755,118.8025,92.5199,92.4978,66.20,0.00,0.00,84.96,0.00,0.00
17.7980,119.0799,118.9705,92.4960,92.4739,66.20,0.00,0.00,84.96,0.00,0.00
17.8000,119.1844,119.1600,92.4721,92.4499,66.20,0.00,0.00,84.96,0.00,0.00
17.8020,119.2890,119.3621,92.4482,92.4259,66.20,0.00,0.00,84.96,0.00,0.00
17.8040,119.3938,119.5665,92.4243,92.4018,66.20,0.00,0.00,84.96,0.00,0.00
17.8060,119.4986,119.5653,92.4003,92.3777,0.00,0.00,72.37,84.96,0.00,0.00
17.8080,119.6035,119.5696,92.3763,92.3536,66.20,0.00,0.00,84.96,0.00,0.00
17.8100,119.7086,119.5889,92.3523,92.3294,66.20,0.00,0.00,84.96,0.00,0.00
17.8120,119.8137,119.6322,92.3283,92.3053,66.20,0.00,0.00,84.96,0.00,0.00
17.8140,119.9190,119.7054,92.3042,92.2811,66.20,0.00,0.00,84.96,0.00,0.00
17.8160,120.0243,119.8118,92.2802,92.2569,66.20,0.00,0.00,84.96,0.00,0.00
17.8180,120.1298,119.9509,92.2561,92.2326,66.20,0.00,0.00,84.96,0.00,0.00
17.8200,120.2353,120.1190,92.2319,92.2084,66.20,0.00,0.00,84.96,0.00,0.00
17.8220,120.3409,120.3093,92.2078,92.1842,66.20,0.00,0.00,84.97,0.00,0.00
17.8240,120.4467,120.5131,92.1836,92.1599,66.20,0.00,0.00,84.97,0.00,0.00
17.8260,120.5525,120.7200,92.1594,92.1357,66.20,0.00,0.00,84.97,0.00,0.00
17.8280,120.6584,120.7189,92.1352,92.1114,0.00,0.00,72.34,84.97,0.00,0.00
17.8300,120.7644,120.7240,92.1110,92.0872,66.20,0.00,0.00,84.97,0.00,0.00
17.8320,120.8705,120.7449,92.0867,92.0629,66.20,0.00,0.00,84.97,0.00,0.00
17.8340,120.9767,120.7903,92.0625,92.0386,66.20,0.00,0.00,84.97,0.00,0.00
17.8360,121.0830,120.8664,92.0382,92.0143,66.20,0.00,0.00,84.97,0.00,0.00
17.8380,121.1894,120.9758,92.0139,91.9901,66.20,0.00,0.00,84.97,0.00,0.00
17.8400,121.2959,121.1181,91.9895,91.9658,66.20,0.00,0.00,84.97,0.00,0.00
17.8420,121.4024,121.2893,91.9652,91.9415,66.20,0.00,0.00,84.97,0.00,0.00
17.8440,121.5090,121.4825,91.9408,91.9172,66.20,0.00,0.00,84.97,0.00,0.00
17.8460,121.6157,121.6886,91.9164,91.8929,66.20,0.00,0.00,84.97,0.00,0.00
17.8480,121.7225,121.8973,91.8920,91.8685,66.20,0.00,0.00,84.97,0.00,0.00
17.8500,121.8294,121.8961,91.8676,91.8442,0.00,0.00,72.32,84.97,0.00,0.00
17.8520,121.9364,121.9006,91.8431,91.8198,66.20,0.00,0.00,84.98,0.00,0.00
17.8540,122.0434,121.9205,91.8186,91.7954,66.20,0.00,0.00,84.98,0.00,0.00
17.8560,122.1505,121.9647,91.7942,91.7710,66.20,0.00,0.00,84.98,0.00,0.00
17.8580,122.2577,122.0395,91.7697,91.7465,66.20,0.00,0.00,84.98,0.00,0.00
17.8600,122.3650,122.1480,91.7451,91.7220,66.20,0.00,0.00,84.98,0.00,0.00
17.8620,122.4723,122.2896,91.7206,91.6975,66.20,0.00,0.00,84.98,0.00,0.00
17.8640,122.5798,122.4607,91.6961,91.6730,66.20,0.00,0.00,84.98,0.00,0.00
17.8660,122.6872,122.6545,91.6715,91.6484,66.20,0.00,0.00,84.98,0.00,0.00
17.8680,122.7948,122.8619,91.6469,91.6238,66.20,0.00,0.00,84.98,0.00,0.00
17.8700,122.9024,123.0725,91.6223,91.5992,66.20,0.00,0.00,84.98,0.00,0.00
17.8720,123.0102,123.0714,91.5977,91.5745,0.00,0.00,72.29,84.98,0.00,0.00
17.8740,123.1179,123.0765,91.5730,91.5498,66.20,0.00,0.00,84.98,0.00,0.00
17.8760,123.2258,123.0978,91.5484,91.5251,66.20,0.00,0.00,84.98,0.00,0.00
17.8780,123.3337,123.1439,91.5237,91.5003,66.20,0.00,0.00,84.98,0.00,0.00
17.8800,123.4417,123.2209,91.4991,91.4755,66.20,0.00,0.00,84.99,0.00,0.00
17.8820,123.5497,123.3319,91.4744,91.4507,66.20,0.00,0.00,84.99,0.00,0.00
17.8840,123.6578,123.4762,91.4496,91.4259,66.20,0.00,0.00,84.99,0.00,0.00
17.8860,123.7660,123.6498,91.4249,91.4011,66.20,0.00,0.00,84.99,0.00,0.00
17.8880,123.8742,123.8457,91.4002,91.3762,66.20,0.00,0.00,84.99,0.00,0.00
17.8900,123.9825,124.0549,91.3754,91.3513,66.20,0.00,0.00,84.99,0.00,0.00
17.8920,124.0908,124.2669,91.3507,91.3265,66.20,0.00,0.00,84.99,0.00,0.00
17.8940,124.1992,124.2656,91.3259,91.3016,0.00,0.00,72.27,84.99,0.00,0.00
17.8960,124.3077,124.2702,91.3011,91.2767,66.20,0.00,0.00,84.99,0.00,0.00
17.8980,124.4162,124.2906,91.2763,91.2518,66.20,0.00,0.00,84.99,0.00,0.00
17.9000,124.5248,124.3356,91.2515,91.2269,66.20,0.00,0.00,84.99,0.00,0.00
17.9020,124.6334,124.4116,91.2266,91.2020,66.20,0.00,0.00,84.99,0.00,0.00
17.9040,124.7421,124.5215,91.2018,91.1771,66.20,0.00,0.00,84.99,0.00,0.00
17.9060,124.8508,124.6651,91.1770,91.1523,66.20,0.00,0.00,84.99,0.00,0.00
17.9080,124.9596,124.8384,91.1521,91.1274,66.20,0.00,0.00,84.99,0.00,0.00
17.9100,125.0685,125.0346,91.1272,91.1025,66.20,0.00,0.00,85.00,0.00,0.00
17.9120,125.1773,125.2446,91.1023,91.0776,66.20,0.00,0.00,85.00,0.00,0.00
17.9140,125.2863,125.4580,91.0774,91.0528,66.20,0.00,0.00,85.00,0.00,0.00
17.9160,125.3952,125.4568,91.0525,91.0279,0.00,0.00,72.24,85.00,0.00,0.00
17.9180,125.5043,125.4620,91.0276,91.0030,66.20,0.00,0.00,85.00,0.00,0.00
17.9200,125.6133,125.4835,91.0027,90.9781,66.20,0.00,0.00,85.00,0.00,0.00
17.9220,125.7224,125.5300,90.9777,90.9533,66.20,0.00,0.00,85.00,0.00,0.00
17.9240,125.8316,125.6078,90.9528,90.9284,66.20,0.00,0.00,85.00,0.00,0.00
17.9260,125.9408,125.7198,90.9278,90.9035,66.20,0.00,0.00,85.00,0.00,0.00
17.9280,126.0500,125.8653,90.9029,90.8786,66.20,0.00,0.00,85.00,0.00,0.00
17.9300,126.1593,126.0405,90.8779,90.8537,66.20,0.00,0.00,85.00,0.00,0.00
17.9320,126.2686,126.2384,90.8529,90.8288,66.20,0.00,0.00,85.00,0.00,0.00
17.9340,126.3780,126.4496,90.8279,90.8038,66.20,0.00,0.00,85.00,0.00,0.00
17.9360,126.4873,126.6638,90.8029,90.7789,66.20,0.00,0.00,85.00,0.00,0.00
17.9380,126.5968,126.6625,90.7779,90.7539,0.00,0.00,72.21,85.00,0.00,0.00
17.9400,126.7062,126.6673,90.7529,90.7289,66.20,0.00,0.00,85.01,0.00,0.00
17.9420,126.8157,126.6880,90.7278,90.7039,66.20,0.00,0.00,85.01,0.00,0.00
17.9440,126.9252,126.7336,90.7028,90.6789,66.20,0.00,0.00,85.01,0.00,0.00
17.9460,127.0348,126.8103,90.6778,90.6538,66.20,0.00,0.00,85.01,0.00,0.00
17.9480,127.1443,126.9212,90.6527,90.6287,66.20,0.00,0.00,85.01,0.00,0.00
17.9500,127.2539,127.0660,90.6277,90.6036,66.20,0.00,0.00,85.01,0.00,0.00
17.9520,127.3636,127.2406,90.6026,90.5785,66.20,0.00,0.00,85.01,0.00,0.00
17.9540,127.4732,127.4383,90.5776,90.5534,66.20,0.00,0.00,85.01,0.00,0.00
17.9560,127.5829,127.6499,90.5525,90.5283,66.20,0.00,0.00,85.01,0.00,0.00
17.9580,127.6926,127.8650,90.5274,90.5031,66.20,0.00,0.00,85.01,0.00,0.00
17.9600,127.8023,127.8638,90.5023,90.4779,0.00,0.00,72.19,85.01,0.00,0.00
17.9620,127.9121,127.8691,90.4772,90.4528,66.20,0.00,0.00,85.01,0.00,0.00
17.9640,128.0219,127.8907,90.4521,90.4276,66.20,0.00,0.00,85.01,0.00,0.00
17.9660,128.1316,127.9375,90.4271,90.4024,66.20,0.00,0.00,85.01,0.00,0.00
17.9680,128.2414,128.0156,90.4020,90.3772,66.20,0.00,0.00,85.02,0.00,0.00
17.9700,128.3513,128.1281,90.3769,90.3520,66.20,0.00,0.00,85.02,0.00,0.00
17.9720,128.4611,128.2743,90.3517,90.3268,66.20,0.00,0.00,85.02,0.00,0.00
17.9740,128.5710,128.4502,90.3266,90.3016,66.20,0.00,0.00,85.02,0.00,0.00
17.9760,128.6808,128.6490,90.3015,90.2764,66.20,0.00,0.00,85.02,0.00,0.00
17.9780,128.7907,128.8613,90.2764,90.2513,66.20,0.00,0.00,85.02,0.00,0.00
17.9800,128.9006,129.0767,90.2513,90.2513,66.20,0.00,0.00,0.00,0.00,84.71
17.9820,129.0105,129.0754,90.2262,90.2505,0.00,0.00,72.16,85.02,0.00,0.00
17.9840,129.1204,129.0803,90.2010,90.2483,66.20,0.00,0.00,85.02,0.00,0.00
17.9860,129.2304,129.1013,90.1759,90.2441,66.20,0.00,0.00,85.02,0.00,0.00
17.9880,129.3403,129.1472,90.1508,90.2373,66.20,0.00,0.00,85.02,0.00,0.00
17.9900,129.4502,129.2242,90.1257,90.2276,66.20,0.00,0.00,85.02,0.00,0.00
17.9920,129.5602,129.3356,90.1005,90.2145,66.20,0.00,0.00,85.02,0.00,0.00
17.9940,129.6701,129.4808,90.0754,90.1978,66.20,0.00,0.00,85.02,0.00,0.00
17.9960,129.7801,129.6559,90.0503,90.1772,66.20,0.00,0.00,85.02,0.00,0.00
17.9980,129.8900,129.8542,90.0251,90.1527,66.20,0.00,0.00,85.02,0.00,0.00
18.0000,130.0000,130.0664,90.0000,90.1243,66.20,0.00,0.00,85.02,0.00,0.00
18.0020,130.1100,130.2821,89.9749,90.0921,66.20,0.00,0.00,85.02,0.00,0.00
18.0040,130.2199,130.2809,89.9497,90.0563,0.00,0.00,72.13,85.02,0.00,0.00
18.0060,130.3299,130.2862,89.9246,90.0172,66.20,0.00,0.00,85.03,0.00,0.00
18.0080,130.4398,130.3079,89.8995,89.9751,66.20,0.00,0.00,85.03,0.00,0.00
18.0100,130.5498,130.3548,89.8743,89.9306,66.20,0.00,0.00,85.03,0.00,0.00
18.0120,130.6597,130.4329,89.8492,89.8842,66.20,0.00,0.00,85.03,0.00,0.00
18.0140,130.7696,130.5453,89.8241,89.8364,66.20,0.00,0.00,85.03,0.00,0.00
18.0160,130.8796,130.6915,89.7990,89.7877,66.20,0.00,0.00,85.03,0.00,0.00
18.0180,130.9895,130.8674,89.7738,89.7389,66.20,0.00,0.00,85.03,0.00,0.00
18.0200,131.0994,131.0661,89.7487,89.7393,66.20,0.00,0.00,0.00,0.00,84.71
18.0220,131.2093,131.2785,89.7236,89.7388,66.20,0.00,0.00,85.03,0.00,0.00
18.0240,131.3192,131.4940,89.6985,89.7371,66.20,0.00,0.00,85.03,0.00,0.00
18.0260,131.4290,131.4927,89.6734,89.7337,0.00,0.00,72.11,85.03,0.00,0.00
18.0280,131.5389,131.4978,89.6483,89.7279,66.20,0.00,0.00,85.03,0.00,0.00
18.0300,131.6487,131.5188,89.6231,89.7194,66.20,0.00,0.00,85.03,0.00,0.00
18.0320,131.7586,131.5648,89.5980,89.7076,66.20,0.00,0.00,85.03,0.00,0.00
18.0340,131.8684,131.6419,89.5729,89.6924,66.20,0.00,0.00,85.03,0.00,0.00
18.0360,131.9781,131.7531,89.5479,89.6734,66.20,0.00,0.00,85.03,0.00,0.00
18.0380,132.0879,131.8980,89.5228,89.6505,66.20,0.00,0.00,85.04,0.00,0.00
18.0400,132.1977,132.0728,89.4977,89.6237,66.20,0.00,0.00,85.04,0.00,0.00
18.0420,132.3074,132.2706,89.4726,89.5930,66.20,0.00,0.00,85.04,0.00,0.00
18.0440,132.4171,132.4824,89.4475,89.5587,66.20,0.00,0.00,85.04,0.00,0.00
18.0460,132.5268,132.6978,89.4224,89.5210,66.20,0.00,0.00,85.04,0.00,0.00
18.0480,132.6364,132.6965,89.3974,89.4803,0.00,0.00,72.08,85.04,0.00,0.00
18.0500,132.7461,132.7019,89.3723,89.4369,66.20,0.00,0.00,85.04,0.00,0.00
18.0520,132.8557,132.7236,89.3473,89.3913,66.20,0.00,0.00,85.04,0.00,0.00
18.0540,132.9652,132.7703,89.3222,89.3442,66.20,0.00,0.00,85.04,0.00,0.00
18.0560,133.0748,132.8481,89.2972,89.2960,66.20,0.00,0.00,85.05,0.00,0.00
18.0580,133.1843,132.9600,89.2722,89.2474,66.20,0.00,0.00,85.05,0.00,0.00
18.0600,133.2938,133.1054,89.2471,89.1989,66.20,0.00,0.00,85.05,0.00,0.00
18.0620,133.4032,133.2804,89.2221,89.1998,66.20,0.00,0.00,0.00,0.00,84.71
18.0640,133.5127,133.4781,89.1971,89.1997,66.20,0.00,0.00,85.05,0.00,0.00
18.0660,133.6220,133.6896,89.1721,89.1988,66.20,0.00,0.00,85.05,0.00,0.00
18.0680,133.7314,133.9043,89.1471,89.1964,66.20,0.00,0.00,85.05,0.00,0.00
18.0700,133.8407,133.9030,89.1221,89.1920,0.00,0.00,72.05,85.05,0.00,0.00
18.0720,133.9500,133.9081,89.0971,89.1850,66.20,0.00,0.00,85.05,0.00,0.00
18.0740,134.0592,133.9292,89.0722,89.1751,66.20,0.00,0.00,85.05,0.00,0.00
18.0760,134.1684,133.9750,89.0472,89.1619,66.20,0.00,0.00,85.05,0.00,0.00
18.0780,134.2776,134.0517,89.0223,89.1450,66.20,0.00,0.00,85.05,0.00,0.00
18.0800,134.3867,134.1622,88.9973,89.1244,66.20,0.00,0.00,85.05,0.00,0.00
18.0820,134.4957,134.3062,88.9724,89.0999,66.20,0.00,0.00,85.05,0.00,0.00
18.0840,134.6048,134.4798,88.9475,89.0715,66.20,0.00,0.00,85.05,0.00,0.00
18.0860,134.7137,134.6762,88.9226,89.0394,66.20,0.00,0.00,85.05,0.00,0.00
18.0880,134.8227,134.8866,88.8977,89.0037,66.20,0.00,0.00,85.05,0.00,0.00
18.0900,134.9315,135.1006,88.8728,88.9649,66.20,0.00,0.00,85.05,0.00,0.00
18.0920,135.0404,135.0993,88.8479,88.9231,0.00,0.00,72.03,85.06,0.00,0.00
18.0940,135.1492,135.1047,88.8230,88.8790,66.20,0.00,0.00,85.06,0.00,0.00
18.0960,135.2579,135.1263,88.7982,88.8329,66.20,0.00,0.00,85.06,0.00,0.00
18.0980,135.3666,135.1726,88.7734,88.7856,66.20,0.00,0.00,85.06,0.00,0.00
18.1000,135.4752,135.2497,88.7485,88.7374,66.20,0.00,0.00,85.06,0.00,0.00
18.1020,135.5838,135.3605,88.7237,88.6891,66.20,0.00,0.00,85.06,0.00,0.00
18.1040,135.6923,135.5045,88.6989,88.6894,66.20,0.00,0.00,0.00,0.00,84.71
18.1060,135.8008,135.6778,88.6741,88.6889,66.20,0.00,0.00,85.06,0.00,0.00
18.1080,135.9092,135.8736,88.6493,88.6873,66.20,0.00,0.00,85.06,0.00,0.00
18.1100,136.0175,136.0831,88.6246,88.6840,66.20,0.00,0.00,85.06,0.00,0.00
18.1120,136.1258,136.2959,88.5998,88.6784,66.20,0.00,0.00,85.06,0.00,0.00
18.1140,136.2340,136.2947,88.5751,88.6701,0.00,0.00,72.00,85.06,0.00,0.00
18.1160,136.3422,136.2998,88.5504,88.6587,66.20,0.00,0.00,85.06,0.00,0.00
18.1180,136.4503,136.3208,88.5256,88.6438,66.20,0.00,0.00,85.06,0.00,0.00
18.1200,136.5583,136.3662,88.5009,88.6253,66.20,0.00,0.00,85.06,0.00,0.00
18.1220,136.6663,136.4421,88.4763,88.6030,66.20,0.00,0.00,85.06,0.00,0.00
18.1240,136.7742,136.5515,88.4516,88.5769,66.20,0.00,0.00,85.06,0.00,0.00
18.1260,136.8821,136.6938,88.4270,88.5470,66.20,0.00,0.00,85.07,0.00,0.00
18.1280,136.9898,136.8653,88.4023,88.5135,66.20,0.00,0.00,85.07,0.00,0.00
18.1300,137.0976,137.0595,88.3777,88.4767,66.20,0.00,0.00,85.07,0.00,0.00
18.1320,137.2052,137.2674,88.3531,88.4369,66.20,0.00,0.00,85.07,0.00,0.00
18.1340,137.3128,137.4790,88.3285,88.3944,66.20,0.00,0.00,85.07,0.00,0.00
18.1360,137.4202,137.4778,88.3039,88.3499,0.00,0.00,71.98,85.07,0.00,0.00
18.1380,137.5277,137.4831,88.2794,88.3037,66.20,0.00,0.00,85.07,0.00,0.00
18.1400,137.6350,137.5045,88.2549,88.2564,66.20,0.00,0.00,85.07,0.00,0.00
18.1420,137.7423,137.5502,88.2303,88.2086,66.20,0.00,0.00,85.08,0.00,0.00
18.1440,137.8495,137.6262,88.2058,88.1610,66.20,0.00,0.00,85.08,0.00,0.00
18.1460,137.9566,137.7355,88.1814,88.1618,66.20,0.00,0.00,0.00,0.00,84.71
18.1480,138.0636,137.8773,88.1569,88.1616,66.20,0.00,0.00,85.08,0.00,0.00
18.1500,138.1706,138.0481,88.1324,88.1606,66.20,0.00,0.00,85.08,0.00,0.00
18.1520,138.2775,138.2411,88.1080,88.1581,66.20,0.00,0.00,85.08,0.00,0.00
18.1540,138.3843,138.4477,88.0836,88.1536,66.20,0.00,0.00,85.08,0.00,0.00
18.1560,138.4910,138.6576,88.0592,88.1467,66.20,0.00,0.00,85.08,0.00,0.00
18.1580,138.5976,138.6563,88.0348,88.1368,0.00,0.00,71.95,85.08,0.00,0.00
18.1600,138.7041,138.6615,88.0105,88.1237,66.20,0.00,0.00,85.08,0.00,0.00
18.1620,138.8106,138.6823,87.9861,88.1071,66.20,0.00,0.00,85.08,0.00,0.00
18.1640,138.9170,138.7271,87.9618,88.0868,66.20,0.00,0.00,85.08,0.00,0.00
18.1660,139.0233,138.8018,87.9375,88.0627,66.20,0.00,0.00,85.08,0.00,0.00
18.1680,139.1295,138.9094,87.9133,88.0349,66.20,0.00,0.00,85.08,0.00,0.00
18.1700,139.2356,139.0494,87.8890,88.0036,66.20,0.00,0.00,85.08,0.00,0.00
18.1720,139.3416,139.2181,87.8648,87.9688,66.20,0.00,0.00,85.08,0.00,0.00
18.1740,139.4475,139.4090,87.8406,87.9309,66.20,0.00,0.00,85.08,0.00,0.00
18.1760,139.5533,139.6135,87.8164,87.8902,66.20,0.00,0.00,85.08,0.00,0.00
18.1780,139.6591,139.8217,87.7922,87.8472,66.20,0.00,0.00,85.09,0.00,0.00
18.1800,139.7647,139.8205,87.7681,87.8024,0.00,0.00,71.92,85.09,0.00,0.00
18.1820,139.8702,139.8258,87.7439,87.7562,66.20,0.00,0.00,85.09,0.00,0.00
18.1840,139.9757,139.8468,87.7198,87.7094,66.20,0.00,0.00,85.09,0.00,0.00
18.1860,140.0810,139.8918,87.6958,87.6623,66.20,0.00,0.00,85.09,0.00,0.00
18.1880,140.1863,139.9664,87.6717,87.6627,66.20,0.00,0.00,0.00,0.00,84.71
18.1900,140.2914,140.0735,87.6477,87.6622,66.20,0.00,0.00,85.09,0.00,0.00
18.1920,140.3965,140.2126,87.6237,87.6607,66.20,0.00,0.00,85.09,0.00,0.00
18.1940,140.5014,140.3801,87.5997,87.6575,66.20,0.00,0.00,85.09,0.00,0.00
18.1960,140.6062,140.5694,87.5757,87.6521,66.20,0.00,0.00,85.09,0.00,0.00
18.1980,140.7110,140.7719,87.5518,87.6441,66.20,0.00,0.00,85.09,0.00,0.00
18.2000,140.8156,140.9780,87.5279,87.6331,66.20,0.00,0.00,85.09,0.00,0.00
18.2020,140.9201,140.9767,87.5040,87.6189,0.00,0.00,71.90,85.09,0.00,0.00
18.2040,141.0245,140.9819,87.4801,87.6011,66.20,0.00,0.00,85.09,0.00,0.00
18.2060,141.1288,141.0023,87.4563,87.5798,66.20,0.00,0.00,85.09,0.00,0.00
18.2080,141.2330,141.0463,87.4325,87.5547,66.20,0.00,0.00,85.09,0.00,0.00
18.2100,141.3371,141.1196,87.4087,87.5260,66.20,0.00,0.00,85.09,0.00,0.00
18.2120,141.4411,141.2249,87.3849,87.4939,66.20,0.00,0.00,85.09,0.00,0.00
18.2140,141.5449,141.3618,87.3612,87.4586,66.20,0.00,0.00,85.10,0.00,0.00
18.2160,141.6487,141.5269,87.3374,87.4203,66.20,0.00,0.00,85.10,0.00,0.00
18.2180,141.7523,141.7137,87.3138,87.3795,66.20,0.00,0.00,85.10,0.00,0.00
18.2200,141.8558,141.9138,87.2901,87.3366,66.20,0.00,0.00,85.10,0.00,0.00
18.2220,141.9592,142.1175,87.2665,87.2922,66.20,0.00,0.00,85.10,0.00,0.00
18.2240,142.0625,142.1164,87.2429,87.2466,0.00,0.00,71.87,85.10,0.00,0.00
18.2260,142.1657,142.1216,87.2193,87.2006,66.20,0.00,0.00,85.10,0.00,0.00
18.2280,142.2687,142.1422,87.1957,87.1546,66.20,0.00,0.00,85.10,0.00,0.00
18.2300,142.3716,142.1861,87.1722,87.1553,66.20,0.00,0.00,0.00,0.00,84.71
18.2320,142.4744,142.2590,87.1487,87.1551,66.20,0.00,0.00,85.10,0.00,0.00
18.2340,142.5771,142.3635,87.1252,87.1540,66.20,0.00,0.00,85.10,0.00,0.00
18.2360,142.6796,142.4992,87.1018,87.1515,66.20,0.00,0.00,85.10,0.00,0.00
18.2380,142.7821,142.6625,87.0784,87.1470,66.20,0.00,0.00,85.10,0.00,0.00
18.2400,142.8844,142.8472,87.0550,87.1402,66.20,0.00,0.00,85.10,0.00,0.00
18.2420,142.9865,143.0449,87.0317,87.1306,66.20,0.00,0.00,85.10,0.00,0.00
18.2440,143.0886,143.2461,87.0083,87.1179,66.20,0.00,0.00,85.10,0.00,0.00
18.2460,143.1905,143.2448,86.9850,87.1019,0.00,0.00,71.85,85.11,0.00,0.00
18.2480,143.2923,143.2499,86.9618,87.0824,66.20,0.00,0.00,85.11,0.00,0.00
18.2500,143.3939,143.2699,86.9385,87.0593,66.20,0.00,0.00,85.11,0.00,0.00
18.2520,143.4954,143.3128,86.9153,87.0326,66.20,0.00,0.00,85.11,0.00,0.00
18.2540,143.5968,143.3842,86.8922,87.0025,66.20,0.00,0.00,85.11,0.00,0.00
18.2560,143.6981,143.4868,86.8690,86.9692,66.20,0.00,0.00,85.11,0.00,0.00
18.2580,143.7992,143.6201,86.8459,86.9330,66.20,0.00,0.00,85.11,0.00,0.00
18.2600,143.9002,143.7807,86.8228,86.8941,66.20,0.00,0.00,85.11,0.00,0.00
18.2620,144.0010,143.9624,86.7998,86.8530,66.20,0.00,0.00,85.11,0.00,0.00
18.2640,144.1017,144.1572,86.7767,86.8102,66.20,0.00,0.00,85.11,0.00,0.00
18.2660,144.2023,144.3556,86.7538,86.7661,66.20,0.00,0.00,85.12,0.00,0.00
18.2680,144.3027,144.3544,86.7308,86.7214,0.00,0.00,71.82,85.12,0.00,0.00
18.2700,144.4030,144.3596,86.7079,86.6764,66.20,0.00,0.00,85.12,0.00,0.00
18.2720,144.5031,144.3796,86.6850,86.6768,66.20,0.00,0.00,0.00,0.00,84.71
18.2740,144.6031,144.4223,86.6621,86.6763,66.20,0.00,0.00,85.12,0.00,0.00
18.2760,144.7030,144.4931,86.6393,86.6748,66.20,0.00,0.00,85.12,0.00,0.00
18.2780,144.8027,144.5945,86.6165,86.6718,66.20,0.00,0.00,85.12,0.00,0.00
18.2800,144.9023,144.7261,86.5938,86.6667,66.20,0.00,0.00,85.12,0.00,0.00
18.2820,145.0017,144.8846,86.5710,86.6592,66.20,0.00,0.00,85.12,0.00,0.00
18.2840,145.1010,145.0638,86.5484,86.6488,66.20,0.00,0.00,85.12,0.00,0.00
18.2860,145.2001,145.2556,86.5257,86.6354,66.20,0.00,0.00,85.12,0.00,0.00
18.2880,145.2991,145.4510,86.5031,86.6187,66.20,0.00,0.00,85.12,0.00,0.00
18.2900,145.3979,145.4498,86.4805,86.5985,0.00,0.00,71.80,85.12,0.00,0.00
18.2920,145.4965,145.4548,86.4579,86.5749,66.20,0.00,0.00,85.12,0.00,0.00
18.2940,145.5951,145.4742,86.4354,86.5479,66.20,0.00,0.00,85.12,0.00,0.00
18.2960,145.6934,145.5159,86.4129,86.5177,66.20,0.00,0.00,85.12,0.00,0.00
18.2980,145.7916,145.5850,86.3905,86.4843,66.20,0.00,0.00,85.12,0.00,0.00
18.3000,145.8897,145.6843,86.3681,86.4483,66.20,0.00,0.00,85.12,0.00,0.00
18.3020,145.9876,145.8133,86.3457,86.4098,66.20,0.00,0.00,85.12,0.00,0.00
18.3040,146.0853,145.9687,86.3234,86.3693,66.20,0.00,0.00,85.13,0.00,0.00
18.3060,146.1829,146.1446,86.3011,86.3273,66.20,0.00,0.00,85.13,0.00,0.00
18.3080,146.2803,146.3331,86.2788,86.2843,66.20,0.00,0.00,85.13,0.00,0.00
18.3100,146.3775,146.5251,86.2566,86.2407,66.20,0.00,0.00,85.13,0.00,0.00
18.3120,146.4746,146.5240,86.2344,86.1971,0.00,0.00,71.78,85.13,0.00,0.00
18.3140,146.5716,146.5290,86.2122,86.1977,66.20,0.00,0.00,0.00,0.00,84.71
18.3160,146.6683,146.5485,86.1901,86.1975,66.20,0.00,0.00,85.13,0.00,0.00
18.3180,146.7649,146.5897,86.1680,86.1964,66.20,0.00,0.00,85.13,0.00,0.00
18.3200,146.8614,146.6580,86.1460,86.1940,66.20,0.00,0.00,85.13,0.00,0.00
18.3220,146.9577,146.7559,86.1240,86.1897,66.20,0.00,0.00,85.13,0.00,0.00
18.3240,147.0538,146.8828,86.1020,86.1832,66.20,0.00,0.00,85.13,0.00,0.00
18.3260,147.1497,147.0357,86.0801,86.1741,66.20,0.00,0.00,85.13,0.00,0.00
18.3280,147.2455,147.2085,86.0582,86.1621,66.20,0.00,0.00,85.13,0.00,0.00
18.3300,147.3411,147.3937,86.0363,86.1470,66.20,0.00,0.00,85.13,0.00,0.00
18.3320,147.4365,147.5822,86.0145,86.1286,66.20,0.00,0.00,85.13,0.00,0.00
18.3340,147.5317,147.5811,85.9927,86.1069,0.00,0.00,71.75,85.13,0.00,0.00
18.3360,147.6268,147.5859,85.9710,86.0819,66.20,0.00,0.00,85.13,0.00,0.00
18.3380,147.7217,147.6047,85.9493,86.0537,66.20,0.00,0.00,85.13,0.00,0.00
18.3400,147.8164,147.6449,85.9277,86.0224,66.20,0.00,0.00,85.14,0.00,0.00
18.3420,147.9110,147.7115,85.9061,85.9885,66.20,0.00,0.00,85.14,0.00,0.00
18.3440,148.0054,147.8070,85.8845,85.9521,66.20,0.00,0.00,85.14,0.00,0.00
18.3460,148.0996,147.9311,85.8630,85.9136,66.20,0.00,0.00,85.14,0.00,0.00
18.3480,148.1936,148.0805,85.8415,85.8736,66.20,0.00,0.00,85.14,0.00,0.00
18.3500,148.2874,148.2497,85.8200,85.8323,66.20,0.00,0.00,85.14,0.00,0.00
18.3520,148.3811,148.4310,85.7986,85.7904,66.20,0.00,0.00,85.14,0.00,0.00
18.3540,148.4746,148.6159,85.7772,85.7483,66.20,0.00,0.00,85.14,0.00,0.00
18.3560,148.5679,148.6148,85.7559,85.7486,0.00,0.00,71.73,0.00,0.00,84.71
18.3580,148.6610,148.6197,85.7346,85.7482,66.20,0.00,0.00,85.14,0.00,0.00
18.3600,148.7539,148.6383,85.7134,85.7468,66.20,0.00,0.00,85.14,0.00,0.00
18.3620,148.8467,148.6779,85.6922,85.7440,66.20,0.00,0.00,85.14,0.00,0.00
18.3640,148.9392,148.7435,85.6710,85.7393,66.20,0.00,0.00,85.14,0.00,0.00
18.3660,149.0316,148.8373,85.6499,85.7323,66.20,0.00,0.00,85.14,0.00,0.00
18.3680,149.1238,148.9590,85.6288,85.7227,66.20,0.00,0.00,85.14,0.00,0.00
18.3700,149.2158,149.1055,85.6078,85.7103,66.20,0.00,0.00,85.14,0.00,0.00
18.3720,149.3076,149.2712,85.5868,85.6949,66.20,0.00,0.00,85.14,0.00,0.00
18.3740,149.3992,149.4487,85.5659,85.6763,66.20,0.00,0.00,85.14,0.00,0.00
18.3760,149.4906,149.6296,85.5450,85.6545,66.20,0.00,0.00,85.15,0.00,0.00
18.3780,149.5819,149.6285,85.5241,85.6296,0.00,0.00,71.71,85.15,0.00,0.00
18.3800,149.6729,149.6332,85.5033,85.6017,66.20,0.00,0.00,85.15,0.00,0.00
18.3820,149.7638,149.6513,85.4826,85.5709,66.20,0.00,0.00,85.15,0.00,0.00
18.3840,149.8544,149.6897,85.4618,85.5376,66.20,0.00,0.00,85.15,0.00,0.00
18.3860,149.9449,149.7534,85.4412,85.5021,66.20,0.00,0.00,85.15,0.00,0.00
18.3880,150.0351,149.8447,85.4205,85.4647,66.20,0.00,0.00,85.15,0.00,0.00
18.3900,150.1252,149.9633,85.4000,85.4258,66.20,0.00,0.00,85.15,0.00,0.00
18.3920,150.2150,150.1061,85.3794,85.3860,66.20,0.00,0.00,85.15,0.00,0.00
18.3940,150.3047,150.2678,85.3589,85.3457,66.20,0.00,0.00,85.15,0.00,0.00
18.3960,150.3942,150.4411,85.3385,85.3054,66.20,0.00,0.00,85.16,0.00,0.00
18.3980,150.4834,150.6178,85.3181,85.3059,66.20,0.00,0.00,0.00,0.00,84.71
18.4000,150.5725,150.6168,85.2977,85.3056,0.00,0.00,71.69,85.15,0.00,0.00
18.4020,150.6613,150.6215,85.2774,85.3046,66.20,0.00,0.00,85.15,0.00,0.00
18.4040,150.7500,150.6393,85.2571,85.3023,66.20,0.00,0.00,85.15,0.00,0.00
18.4060,150.8384,150.6771,85.2369,85.2983,66.20,0.00,0.00,85.15,0.00,0.00
18.4080,150.9267,150.7395,85.2168,85.2922,66.20,0.00,0.00,85.15,0.00,0.00
18.4100,151.0147,150.8288,85.1966,85.2838,66.20,0.00,0.00,85.15,0.00,0.00
18.4120,151.1025,150.9447,85.1766,85.2727,66.20,0.00,0.00,85.16,0.00,0.00
18.4140,151.1902,151.0842,85.1565,85.2588,66.20,0.00,0.00,85.16,0.00,0.00
18.4160,151.2776,151.2420,85.1366,85.2419,66.20,0.00,0.00,85.16,0.00,0.00
18.4180,151.3648,151.4111,85.1166,85.2220,66.20,0.00,0.00,85.16,0.00,0.00
18.4200,151.4517,151.5834,85.0967,85.1991,66.20,0.00,0.00,85.16,0.00,0.00
18.4220,151.5385,151.5824,85.0769,85.1733,0.00,0.00,71.67,85.16,0.00,0.00
18.4240,151.6251,151.5869,85.0571,85.1447,66.20,0.00,0.00,85.16,0.00,0.00
18.4260,151.7114,151.6041,85.0374,85.1137,66.20,0.00,0.00,85.16,0.00,0.00
18.4280,151.7976,151.6406,85.0177,85.0804,66.20,0.00,0.00,85.16,0.00,0.00
18.4300,151.8835,151.7011,84.9981,85.0452,66.20,0.00,0.00,85.16,0.00,0.00
18.4320,151.9692,151.7878,84.9785,85.0086,66.20,0.00,0.00,85.16,0.00,0.00
18.4340,152.0547,151.9003,84.9589,84.9709,66.20,0.00,0.00,85.16,0.00,0.00
18.4360,152.1400,152.0358,84.9394,84.9325,66.20,0.00,0.00,85.17,0.00,0.00
18.4380,152.2250,152.1892,84.9200,84.8941,66.20,0.00,0.00,85.17,0.00,0.00
18.4400,152.3098,152.3537,84.9006,84.8943,66.20,0.00,0.00,0.00,0.00,84.71
18.4420,152.3945,152.5214,84.8813,84.8939,66.20,0.00,0.00,85.17,0.00,0.00
18.4440,152.4788,152.5204,84.8620,84.8927,0.00,0.00,71.64,85.17,0.00,0.00
18.4460,152.5630,152.5249,84.8427,84.8901,66.20,0.00,0.00,85.17,0.00,0.00
18.4480,152.6470,152.5418,84.8236,84.8858,66.20,0.00,0.00,85.17,0.00,0.00
18.4500,152.7307,152.5775,84.8044,84.8795,66.20,0.00,0.00,85.17,0.00,0.00
18.4520,152.8142,152.6366,84.7853,84.8709,66.20,0.00,0.00,85.17,0.00,0.00
18.4540,152.8975,152.7210,84.7663,84.8597,66.20,0.00,0.00,85.17,0.00,0.00
18.4560,152.9805,152.8305,84.7473,84.8458,66.20,0.00,0.00,85.17,0.00,0.00
18.4580,153.0633,152.9624,84.7284,84.8290,66.20,0.00,0.00,85.17,0.00,0.00
18.4600,153.1459,153.1115,84.7095,84.8094,66.20,0.00,0.00,85.17,0.00,0.00
18.4620,153.2283,153.2713,84.6907,84.7870,66.20,0.00,0.00,85.17,0.00,0.00
18.4640,153.3104,153.4343,84.6719,84.7618,66.20,0.00,0.00,85.17,0.00,0.00
18.4660,153.3923,153.4333,84.6532,84.7342,0.00,0.00,71.62,85.17,0.00,0.00
18.4680,153.4740,153.4376,84.6345,84.7042,66.20,0.00,0.00,85.17,0.00,0.00
18.4700,153.5554,153.4538,84.6159,84.6721,66.20,0.00,0.00,85.17,0.00,0.00
18.4720,153.6366,153.4883,84.5973,84.6384,66.20,0.00,0.00,85.17,0.00,0.00
18.4740,153.7176,153.5453,84.5788,84.6034,66.20,0.00,0.00,85.17,0.00,0.00
18.4760,153.7984,153.6269,84.5604,84.5675,66.20,0.00,0.00,85.18,0.00,0.00
18.4780,153.8789,153.7328,84.5420,84.5311,66.20,0.00,0.00,85.18,0.00,0.00
18.4800,153.9591,153.8603,84.5236,84.4947,66.20,0.00,0.00,85.18,0.00,0.00
18.4820,154.0392,154.0047,84.5053,84.4951,66.20,0.00,0.00,0.00,0.00,84.71
18.4840,154.1190,154.1596,84.4871,84.4949,66.20,0.00,0.00,85.18,0.00,0.00
18.4860,154.1985,154.3176,84.4689,84.4939,66.20,0.00,0.00,85.18,0.00,0.00
18.4880,154.2779,154.3166,84.4508,84.4918,0.00,0.00,71.61,85.18,0.00,0.00
18.4900,154.3569,154.3209,84.4327,84.4882,66.20,0.00,0.00,85.18,0.00,0.00
18.4920,154.4358,154.3368,84.4147,84.4828,66.20,0.00,0.00,85.18,0.00,0.00
18.4940,154.5144,154.3703,84.3967,84.4752,66.20,0.00,0.00,85.18,0.00,0.00
18.4960,154.5927,154.4256,84.3788,84.4653,66.20,0.00,0.00,85.18,0.00,0.00
18.4980,154.6709,154.5048,84.3609,84.4529,66.20,0.00,0.00,85.18,0.00,0.00
18.5000,154.7487,154.6074,84.3431,84.4378,66.20,0.00,0.00,85.18,0.00,0.00
18.5020,154.8264,154.7310,84.3254,84.4201,66.20,0.00,0.00,85.18,0.00,0.00
18.5040,154.9037,154.8708,84.3077,84.3997,66.20,0.00,0.00,85.18,0.00,0.00
18.5060,154.9809,155.0206,84.2901,84.3767,66.20,0.00,0.00,85.18,0.00,0.00
18.5080,155.0578,155.1734,84.2725,84.3513,66.20,0.00,0.00,85.18,0.00,0.00
18.5100,155.1344,155.1725,84.2550,84.3236,0.00,0.00,71.59,85.18,0.00,0.00
18.5120,155.2108,155.1765,84.2375,84.2940,66.20,0.00,0.00,85.18,0.00,0.00
18.5140,155.2870,155.1917,84.2201,84.2628,66.20,0.00,0.00,85.18,0.00,0.00
18.5160,155.3629,155.2239,84.2028,84.2302,66.20,0.00,0.00,85.18,0.00,0.00
18.5180,155.4385,155.2771,84.1855,84.1967,66.20,0.00,0.00,85.19,0.00,0.00
18.5200,155.5139,155.3532,84.1683,84.1626,66.20,0.00,0.00,85.19,0.00,0.00
18.5220,155.5890,155.4520,84.1511,84.1284,66.20,0.00,0.00,85.19,0.00,0.00
18.5240,155.6639,155.5710,84.1340,84.1286,66.20,0.00,0.00,0.00,0.00,84.71
18.5260,155.7386,155.7058,84.1169,84.1282,66.20,0.00,0.00,85.19,0.00,0.00
18.5280,155.8130,155.8503,84.0999,84.1271,66.20,0.00,0.00,85.19,0.00,0.00
18.5300,155.8871,155.9978,84.0830,84.1249,66.20,0.00,0.00,85.19,0.00,0.00
18.5320,155.9610,155.9969,84.0661,84.1211,0.00,0.00,71.57,85.19,0.00,0.00
18.5340,156.0346,156.0008,84.0492,84.1156,66.20,0.00,0.00,85.19,0.00,0.00
18.5360,156.1079,156.0156,84.0325,84.1081,66.20,0.00,0.00,85.19,0.00,0.00
18.5380,156.1810,156.0467,84.0158,84.0983,66.20,0.00,0.00,85.19,0.00,0.00
18.5400,156.2539,156.0981,83.9991,84.0861,66.20,0.00,0.00,85.19,0.00,0.00
18.5420,156.3265,156.1716,83.9825,84.0715,66.20,0.00,0.00,85.19,0.00,0.00
18.5440,156.3988,156.2669,83.9660,84.0543,66.20,0.00,0.00,85.19,0.00,0.00
18.5460,156.4709,156.3816,83.9495,84.0347,66.20,0.00,0.00,85.19,0.00,0.00
18.5480,156.5427,156.5114,83.9331,84.0128,66.20,0.00,0.00,85.19,0.00,0.00
18.5500,156.6142,156.6505,83.9168,83.9886,66.20,0.00,0.00,85.19,0.00,0.00
18.5520,156.6855,156.7925,83.9005,83.9624,66.20,0.00,0.00,85.19,0.00,0.00
18.5540,156.7565,156.7916,83.8842,83.9344,0.00,0.00,71.55,85.19,0.00,0.00
18.5560,156.8273,156.7953,83.8681,83.9050,66.20,0.00,0.00,85.19,0.00,0.00
18.5580,156.8977,156.8094,83.8519,83.8743,66.20,0.00,0.00,85.19,0.00,0.00
18.5600,156.9680,156.8391,83.8359,83.8429,66.20,0.00,0.00,85.20,0.00,0.00
18.5620,157.0379,156.8883,83.8199,83.8111,66.20,0.00,0.00,85.20,0.00,0.00
18.5640,157.1076,156.9586,83.8040,83.7792,66.20,0.00,0.00,85.20,0.00,0.00
18.5660,157.1770,157.0499,83.7881,83.7796,66.20,0.00,0.00,0.00,0.00,84.71
18.5680,157.2462,157.1598,83.7723,83.7794,66.20,0.00,0.00,85.20,0.00,0.00
18.5700,157.3151,157.2842,83.7566,83.7785,66.20,0.00,0.00,85.20,0.00,0.00
18.5720,157.3837,157.4177,83.7409,83.7767,66.20,0.00,0.00,85.20,0.00,0.00
18.5740,157.4520,157.5539,83.7253,83.7736,66.20,0.00,0.00,85.20,0.00,0.00
18.5760,157.5201,157.5531,83.7097,83.7689,0.00,0.00,71.53,85.20,0.00,0.00
18.5780,157.5879,157.5567,83.6942,83.7624,66.20,0.00,0.00,85.20,0.00,0.00
18.5800,157.6554,157.5703,83.6788,83.7538,66.20,0.00,0.00,85.20,0.00,0.00
18.5820,157.7227,157.5989,83.6634,83.7431,66.20,0.00,0.00,85.20,0.00,0.00
18.5840,157.7897,157.6461,83.6481,83.7302,66.20,0.00,0.00,85.20,0.00,0.00
18.5860,157.8564,157.7136,83.6328,83.7149,66.20,0.00,0.00,85.20,0.00,0.00
18.5880,157.9228,157.8011,83.6176,83.6974,66.20,0.00,0.00,85.20,0.00,0.00
18.5900,157.9890,157.9064,83.6025,83.6777,66.20,0.00,0.00,85.20,0.00,0.00
18.5920,158.0548,158.0256,83.5875,83.6558,66.20,0.00,0.00,85.20,0.00,0.00
18.5940,158.1204,158.1534,83.5725,83.6321,66.20,0.00,0.00,85.20,0.00,0.00
18.5960,158.1858,158.2837,83.5575,83.6067,66.20,0.00,0.00,85.20,0.00,0.00
18.5980,158.2508,158.2830,83.5427,83.5799,0.00,0.00,71.52,85.20,0.00,0.00
18.6000,158.3156,158.2863,83.5279,83.5519,66.20,0.00,0.00,85.20,0.00,0.00
18.6020,158.3801,158.2992,83.5131,83.5231,66.20,0.00,0.00,85.20,0.00,0.00
18.6040,158.4443,158.3263,83.4984,83.4939,66.20,0.00,0.00,85.20,0.00,0.00
18.6060,158.5082,158.3711,83.4838,83.4645,66.20,0.00,0.00,85.21,0.00,0.00
18.6080,158.5719,158.4353,83.4693,83.4647,66.20,0.00,0.00,0.00,0.00,84.71
18.6100,158.6352,158.5186,83.4548,83.4644,66.20,0.00,0.00,85.20,0.00,0.00
18.6120,158.6983,158.6189,83.4404,83.4635,66.20,0.00,0.00,85.20,0.00,0.00
18.6140,158.7611,158.7325,83.4260,83.4616,66.20,0.00,0.00,85.20,0.00,0.00
18.6160,158.8236,158.8543,83.4117,83.4584,66.20,0.00,0.00,85.20,0.00,0.00
18.6180,158.8859,158.9786,83.3975,83.4538,66.20,0.00,0.00,85.21,0.00,0.00
18.6200,158.9478,158.9779,83.3834,83.4475,0.00,0.00,71.50,85.21,0.00,0.00
18.6220,159.0095,158.9812,83.3693,83.4392,66.20,0.00,0.00,85.21,0.00,0.00
18.6240,159.0709,158.9935,83.3552,83.4290,66.20,0.00,0.00,85.21,0.00,0.00
18.6260,159.1319,159.0194,83.3413,83.4168,66.20,0.00,0.00,85.21,0.00,0.00
18.6280,159.1927,159.0622,83.3274,83.4024,66.20,0.00,0.00,85.21,0.00,0.00
18.6300,159.2533,159.1233,83.3135,83.3859,66.20,0.00,0.00,85.21,0.00,0.00
18.6320,159.3135,159.2026,83.2998,83.3675,66.20,0.00,0.00,85.21,0.00,0.00
18.6340,159.3734,159.2980,83.2861,83.3472,66.20,0.00,0.00,85.21,0.00,0.00
18.6360,159.4331,159.4060,83.2724,83.3252,66.20,0.00,0.00,85.21,0.00,0.00
18.6380,159.4924,159.5219,83.2589,83.3017,66.20,0.00,0.00,85.21,0.00,0.00
18.6400,159.5515,159.6401,83.2454,83.2770,66.20,0.00,0.00,85.21,0.00,0.00
18.6420,159.6102,159.6394,83.2319,83.2513,0.00,0.00,71.49,85.21,0.00,0.00
18.6440,159.6687,159.6424,83.2186,83.2249,66.20,0.00,0.00,85.21,0.00,0.00
18.6460,159.7269,159.6539,83.2053,83.1982,66.20,0.00,0.00,85.21,0.00,0.00
18.6480,159.7848,159.6783,83.1920,83.1714,66.20,0.00,0.00,85.21,0.00,0.00
18.6500,159.8424,159.7186,83.1789,83.1717,66.20,0.00,0.00,0.00,0.00,84.71
18.6520,159.8997,159.7764,83.1658,83.1715,66.20,0.00,0.00,85.21,0.00,0.00
18.6540,159.9567,159.8513,83.1527,83.1708,66.20,0.00,0.00,85.21,0.00,0.00
18.6560,160.0134,159.9415,83.1398,83.1694,66.20,0.00,0.00,85.21,0.00,0.00
18.6580,160.0699,160.0436,83.1269,83.1668,66.20,0.00,0.00,85.21,0.00,0.00
18.6600,160.1260,160.1532,83.1141,83.1630,66.20,0.00,0.00,85.21,0.00,0.00
18.6620,160.1818,160.2651,83.1013,83.1576,66.20,0.00,0.00,85.21,0.00,0.00
18.6640,160.2373,160.2645,83.0886,83.1507,0.00,0.00,71.47,85.21,0.00,0.00
18.6660,160.2925,160.2674,83.0760,83.1419,66.20,0.00,0.00,85.21,0.00,0.00
18.6680,160.3475,160.2783,83.0634,83.1313,66.20,0.00,0.00,85.21,0.00,0.00
18.6700,160.4021,160.3014,83.0509,83.1188,66.20,0.00,0.00,85.21,0.00,0.00
18.6720,160.4564,160.3395,83.0385,83.1045,66.20,0.00,0.00,85.22,0.00,0.00
18.6740,160.5105,160.3940,83.0262,83.0883,66.20,0.00,0.00,85.22,0.00,0.00
18.6760,160.5642,160.4647,83.0139,83.0705,66.20,0.00,0.00,85.22,0.00,0.00
18.6780,160.6176,160.5499,83.0017,83.0511,66.20,0.00,0.00,85.22,0.00,0.00
18.6800,160.6707,160.6462,82.9895,83.0303,66.20,0.00,0.00,85.22,0.00,0.00
18.6820,160.7236,160.7496,82.9775,83.0084,66.20,0.00,0.00,85.22,0.00,0.00
18.6840,160.7761,160.8550,82.9655,82.9855,66.20,0.00,0.00,85.22,0.00,0.00
18.6860,160.8283,160.8544,82.9535,82.9619,0.00,0.00,71.46,85.22,0.00,0.00
18.6880,160.8802,160.8570,82.9417,82.9380,66.20,0.00,0.00,85.22,0.00,0.00
18.6900,160.9318,160.8672,82.9299,82.9140,66.20,0.00,0.00,85.22,0.00,0.00
18.6920,160.9831,160.8887,82.9181,82.9142,66.20,0.00,0.00,0.00,0.00,84.71
18.6940,161.0341,160.9243,82.9065,82.9139,66.20,0.00,0.00,85.22,0.00,0.00
18.6960,161.0848,160.9753,82.8949,82.9132,66.20,0.00,0.00,85.22,0.00,0.00
18.6980,161.1352,161.0415,82.8834,82.9117,66.20,0.00,0.00,85.22,0.00,0.00
18.7000,161.1852,161.1212,82.8719,82.9092,66.20,0.00,0.00,85.22,0.00,0.00
18.7020,161.2350,161.2115,82.8606,82.9056,66.20,0.00,0.00,85.22,0.00,0.00
18.7040,161.2844,161.3083,82.8493,82.9006,66.20,0.00,0.00,85.22,0.00,0.00
18.7060,161.3336,161.4072,82.8380,82.8941,66.20,0.00,0.00,85.22,0.00,0.00
18.7080,161.3824,161.4066,82.8269,82.8860,0.00,0.00,71.45,85.22,0.00,0.00
18.7100,161.4310,161.4091,82.8158,82.8763,66.20,0.00,0.00,85.22,0.00,0.00
18.7120,161.4792,161.4187,82.8048,82.8649,66.20,0.00,0.00,85.22,0.00,0.00
18.7140,161.5271,161.4388,82.7938,82.8518,66.20,0.00,0.00,85.22,0.00,0.00
18.7160,161.5747,161.4721,82.7829,82.8372,66.20,0.00,0.00,85.22,0.00,0.00
18.7180,161.6220,161.5197,82.7721,82.8211,66.20,0.00,0.00,85.22,0.00,0.00
18.7200,161.6689,161.5815,82.7614,82.8037,66.20,0.00,0.00,85.22,0.00,0.00
18.7220,161.7156,161.6559,82.7507,82.7851,66.20,0.00,0.00,85.22,0.00,0.00
18.7240,161.7620,161.7402,82.7401,82.7655,66.20,0.00,0.00,85.22,0.00,0.00
18.7260,161.8080,161.8306,82.7296,82.7451,66.20,0.00,0.00,85.23,0.00,0.00
18.7280,161.8537,161.9228,82.7192,82.7242,66.20,0.00,0.00,85.23,0.00,0.00
18.7300,161.8991,161.9222,82.7088,82.7031,0.00,0.00,71.44,85.23,0.00,0.00
18.7320,161.9442,161.9245,82.6985,82.6818,66.20,0.00,0.00,85.23,0.00,0.00
18.7340,161.9890,161.9332,82.6882,82.6821,66.20,0.00,0.00,0.00,0.00,84.71
18.7360,162.0334,161.9517,82.6781,82.6820,66.20,0.00,0.00,85.23,0.00,0.00
18.7380,162.0776,161.9824,82.6680,82.6815,66.20,0.00,0.00,85.23,0.00,0.00
18.7400,162.1214,162.0264,82.6580,82.6804,66.20,0.00,0.00,85.23,0.00,0.00
18.7420,162.1649,162.0835,82.6480,82.6785,66.20,0.00,0.00,85.23,0.00,0.00
18.7440,162.2081,162.1524,82.6381,82.6756,66.20,0.00,0.00,85.23,0.00,0.00
18.7460,162.2510,162.2303,82.6283,82.6716,66.20,0.00,0.00,85.23,0.00,0.00
18.7480,162.2935,162.3140,82.6186,82.6663,66.20,0.00,0.00,85.23,0.00,0.00
18.7500,162.3358,162.3994,82.6090,82.6597,66.20,0.00,0.00,85.23,0.00,0.00
18.7520,162.3777,162.3989,82.5994,82.6516,0.00,0.00,71.43,85.23,0.00,0.00
18.7540,162.4193,162.4010,82.5899,82.6421,66.20,0.00,0.00,85.23,0.00,0.00
18.7560,162.4606,162.4091,82.5804,82.6313,66.20,0.00,0.00,85.23,0.00,0.00
18.7580,162.5015,162.4262,82.5711,82.6190,66.20,0.00,0.00,85.23,0.00,0.00
18.7600,162.5422,162.4544,82.5618,82.6054,66.20,0.00,0.00,85.23,0.00,0.00
18.7620,162.5825,162.4950,82.5526,82.5907,66.20,0.00,0.00,85.23,0.00,0.00
18.7640,162.6225,162.5476,82.5434,82.5748,66.20,0.00,0.00,85.23,0.00,0.00
18.7660,162.6622,162.6110,82.5344,82.5581,66.20,0.00,0.00,85.23,0.00,0.00
18.7680,162.7015,162.6827,82.5254,82.5408,66.20,0.00,0.00,85.23,0.00,0.00
18.7700,162.7405,162.7597,82.5164,82.5228,66.20,0.00,0.00,85.23,0.00,0.00
18.7720,162.7792,162.8382,82.5076,82.5047,66.20,0.00,0.00,85.23,0.00,0.00
18.7740,162.8176,162.8377,82.4988,82.4864,0.00,0.00,71.42,85.23,0.00,0.00
18.7760,162.8557,162.8395,82.4901,82.4866,66.20,0.00,0.00,0.00,0.00,84.71
18.7780,162.8934,162.8468,82.4815,82.4864,66.20,0.00,0.00,85.23,0.00,0.00
18.7800,162.9308,162.8622,82.4730,82.4859,66.20,0.00,0.00,85.23,0.00,0.00
18.7820,162.9679,162.8879,82.4645,82.4848,66.20,0.00,0.00,85.23,0.00,0.00
18.7840,163.0047,162.9247,82.4561,82.4831,66.20,0.00,0.00,85.23,0.00,0.00
18.7860,163.0411,162.9725,82.4477,82.4805,66.20,0.00,0.00,85.23,0.00,0.00
18.7880,163.0772,163.0301,82.4395,82.4769,66.20,0.00,0.00,85.23,0.00,0.00
18.7900,163.1130,163.0954,82.4313,82.4722,66.20,0.00,0.00,85.23,0.00,0.00
18.7920,163.1484,163.1655,82.4232,82.4664,66.20,0.00,0.00,85.23,0.00,0.00
18.7940,163.1836,163.2370,82.4152,82.4594,66.20,0.00,0.00,85.23,0.00,0.00
18.7960,163.2184,163.2366,82.4072,82.4512,0.00,0.00,71.41,85.23,0.00,0.00
18.7980,163.2528,163.2382,82.3994,82.4418,66.20,0.00,0.00,85.23,0.00,0.00
18.8000,163.2870,163.2448,82.3915,82.4312,66.20,0.00,0.00,85.23,0.00,0.00
18.8020,163.3208,163.2587,82.3838,82.4196,66.20,0.00,0.00,85.23,0.00,0.00
18.8040,163.3543,163.2819,82.3762,82.4070,66.20,0.00,0.00,85.23,0.00,0.00
18.8060,163.3874,163.3151,82.3686,82.3936,66.20,0.00,0.00,85.23,0.00,0.00
18.8080,163.4203,163.3583,82.3611,82.3794,66.20,0.00,0.00,85.24,0.00,0.00
18.8100,163.4528,163.4103,82.3537,82.3647,66.20,0.00,0.00,85.24,0.00,0.00
18.8120,163.4849,163.4693,82.3463,82.3497,66.20,0.00,0.00,85.24,0.00,0.00
18.8140,163.5168,163.5325,82.3390,82.3344,66.20,0.00,0.00,85.24,0.00,0.00
18.8160,163.5483,163.5969,82.3318,82.3191,66.20,0.00,0.00,85.24,0.00,0.00
18.8180,163.5794,163.5965,82.3247,82.3194,0.00,0.00,71.40,0.00,0.00,84.71
18.8200,163.6103,163.5979,82.3177,82.3193,66.20,0.00,0.00,85.24,0.00,0.00
18.8220,163.6408,163.6036,82.3107,82.3190,66.20,0.00,0.00,85.24,0.00,0.00
18.8240,163.6710,163.6159,82.3038,82.3184,66.20,0.00,0.00,85.24,0.00,0.00
18.8260,163.7008,163.6363,82.2970,82.3171,66.20,0.00,0.00,85.24,0.00,0.00
18.8280,163.7303,163.6658,82.2902,82.3153,66.20,0.00,0.00,85.24,0.00,0.00
18.8300,163.7595,163.7040,82.2835,82.3127,66.20,0.00,0.00,85.24,0.00,0.00
18.8320,163.7884,163.7502,82.2769,82.3092,66.20,0.00,0.00,85.24,0.00,0.00
18.8340,163.8169,163.8026,82.2704,82.3048,66.20,0.00,0.00,85.24,0.00,0.00
18.8360,163.8451,163.8587,82.2640,82.2995,66.20,0.00,0.00,85.24,0.00,0.00
18.8380,163.8729,163.9160,82.2576,82.2932,66.20,0.00,0.00,85.24,0.00,0.00
18.8400,163.9004,163.9156,82.2513,82.2859,0.00,0.00,71.39,85.24,0.00,0.00
18.8420,163.9276,163.9169,82.2451,82.2778,66.20,0.00,0.00,85.24,0.00,0.00
18.8440,163.9544,163.9218,82.2390,82.2687,66.20,0.00,0.00,85.24,0.00,0.00
18.8460,163.9809,163.9326,82.2329,82.2588,66.20,0.00,0.00,85.24,0.00,0.00
18.8480,164.0071,163.9505,82.2269,82.2483,66.20,0.00,0.00,85.24,0.00,0.00
18.8500,164.0329,163.9763,82.2210,82.2371,66.20,0.00,0.00,85.24,0.00,0.00
18.8520,164.0584,164.0098,82.2152,82.2255,66.20,0.00,0.00,85.24,0.00,0.00
18.8540,164.0836,164.0503,82.2095,82.2135,66.20,0.00,0.00,85.24,0.00,0.00
18.8560,164.1084,164.0961,82.2038,82.2014,66.20,0.00,0.00,85.24,0.00,0.00
18.8580,164.1329,164.1452,82.1982,82.1892,66.20,0.00,0.00,85.24,0.00,0.00
18.8600,164.1571,164.1952,82.1927,82.1894,66.20,0.00,0.00,0.00,0.00,84.71
18.8620,164.1809,164.1949,82.1872,82.1893,0.00,0.00,71.39,85.24,0.00,0.00
18.8640,164.2044,164.1959,82.1819,82.1891,66.20,0.00,0.00,85.24,0.00,0.00
18.8660,164.2275,164.2000,82.1766,82.1885,66.20,0.00,0.00,85.24,0.00,0.00
18.8680,164.2503,164.2091,82.1714,82.1875,66.20,0.00,0.00,85.24,0.00,0.00
18.8700,164.2728,164.2242,82.1662,82.1860,66.20,0.00,0.00,85.24,0.00,0.00
18.8720,164.2949,164.2461,82.1612,82.1838,66.20,0.00,0.00,85.24,0.00,0.00
18.8740,164.3167,164.2747,82.1562,82.1811,66.20,0.00,0.00,85.24,0.00,0.00
18.8760,164.3382,164.3092,82.1513,82.1776,66.20,0.00,0.00,85.24,0.00,0.00
18.8780,164.3593,164.3484,82.1465,82.1735,66.20,0.00,0.00,85.24,0.00,0.00
18.8800,164.3801,164.3903,82.1417,82.1685,66.20,0.00,0.00,85.24,0.00,0.00
18.8820,164.4005,164.4331,82.1370,82.1629,66.20,0.00,0.00,85.24,0.00,0.00
18.8840,164.4206,164.4328,82.1324,82.1566,0.00,0.00,71.38,85.24,0.00,0.00
18.8860,164.4403,164.4336,82.1279,82.1496,66.20,0.00,0.00,85.24,0.00,0.00
18.8880,164.4598,164.4370,82.1235,82.1421,66.20,0.00,0.00,85.24,0.00,0.00
18.8900,164.4788,164.4444,82.1191,82.1340,66.20,0.00,0.00,85.24,0.00,0.00
18.8920,164.4976,164.4570,82.1148,82.1256,66.20,0.00,0.00,85.24,0.00,0.00
18.8940,164.5160,164.4752,82.1106,82.1168,66.20,0.00,0.00,85.24,0.00,0.00
18.8960,164.5340,164.4990,82.1065,82.1078,66.20,0.00,0.00,85.24,0.00,0.00
18.8980,164.5517,164.5276,82.1025,82.0987,66.20,0.00,0.00,85.24,0.00,0.00
18.9000,164.5691,164.5601,82.0985,82.0897,66.20,0.00,0.00,85.24,0.00,0.00
18.9020,164.5861,164.5950,82.0946,82.0899,66.20,0.00,0.00,0.00,0.00,84.71
18.9040,164.6028,164.6304,82.0908,82.0901,66.20,0.00,0.00,0.00,0.00,84.71
18.9060,164.6192,164.6301,82.0870,82.0900,0.00,0.00,71.38,85.24,0.00,0.00
18.9080,164.6352,164.6306,82.0834,82.0898,66.20,0.00,0.00,85.24,0.00,0.00
18.9100,164.6508,164.6332,82.0798,82.0893,66.20,0.00,0.00,85.24,0.00,0.00
18.9120,164.6661,164.6389,82.0763,82.0884,66.20,0.00,0.00,85.24,0.00,0.00
18.9140,164.6811,164.6488,82.0729,82.0872,66.20,0.00,0.00,85.24,0.00,0.00
18.9160,164.6958,164.6630,82.0695,82.0856,66.20,0.00,0.00,85.24,0.00,0.00
18.9180,164.7101,164.6818,82.0663,82.0835,66.20,0.00,0.00,85.24,0.00,0.00
18.9200,164.7240,164.7045,82.0631,82.0810,66.20,0.00,0.00,85.24,0.00,0.00
18.9220,164.7376,164.7302,82.0600,82.0780,66.20,0.00,0.00,85.24,0.00,0.00
18.9240,164.7509,164.7578,82.0569,82.0745,66.20,0.00,0.00,85.24,0.00,0.00
18.9260,164.7638,164.7858,82.0540,82.0705,66.20,0.00,0.00,85.24,0.00,0.00
18.9280,164.7764,164.7856,82.0511,82.0661,0.00,0.00,71.37,85.24,0.00,0.00
18.9300,164.7886,164.7859,82.0483,82.0613,66.20,0.00,0.00,85.24,0.00,0.00
18.9320,164.8005,164.7877,82.0456,82.0561,66.20,0.00,0.00,85.24,0.00,0.00
18.9340,164.8121,164.7919,82.0430,82.0507,66.20,0.00,0.00,85.24,0.00,0.00
18.9360,164.8233,164.7990,82.0404,82.0450,66.20,0.00,0.00,85.24,0.00,0.00
18.9380,164.8341,164.8096,82.0379,82.0392,66.20,0.00,0.00,85.24,0.00,0.00
18.9400,164.8447,164.8234,82.0355,82.0334,66.20,0.00,0.00,85.24,0.00,0.00
18.9420,164.8548,164.8402,82.0332,82.0275,66.20,0.00,0.00,85.24,0.00,0.00
18.9440,164.8647,164.8592,82.0309,82.0277,66.20,0.00,0.00,0.00,0.00,84.71
18.9460,164.8742,164.8796,82.0288,82.0279,66.20,0.00,0.00,0.00,0.00,84.71
18.9480,164.8833,164.9002,82.0267,82.0278,66.20,0.00,0.00,85.24,0.00,0.00
18.9500,164.8921,164.9000,82.0247,82.0277,0.00,0.00,71.37,85.24,0.00,0.00
18.9520,164.9006,164.9001,82.0227,82.0275,66.20,0.00,0.00,85.24,0.00,0.00
18.9540,164.9087,164.9010,82.0209,82.0271,66.20,0.00,0.00,85.24,0.00,0.00
18.9560,164.9164,164.9034,82.0191,82.0265,66.20,0.00,0.00,85.24,0.00,0.00
18.9580,164.9239,164.9079,82.0174,82.0257,66.20,0.00,0.00,85.24,0.00,0.00
18.9600,164.9309,164.9145,82.0158,82.0246,66.20,0.00,0.00,85.24,0.00,0.00
18.9620,164.9377,164.9233,82.0142,82.0233,66.20,0.00,0.00,85.24,0.00,0.00
18.9640,164.9441,164.9340,82.0128,82.0218,66.20,0.00,0.00,85.24,0.00,0.00
18.9660,164.9501,164.9462,82.0114,82.0201,66.20,0.00,0.00,85.24,0.00,0.00
18.9680,164.9558,164.9593,82.0101,82.0181,66.20,0.00,0.00,85.24,0.00,0.00
18.9700,164.9611,164.9725,82.0089,82.0159,66.20,0.00,0.00,85.24,0.00,0.00
18.9720,164.9662,164.9723,82.0077,82.0135,0.00,0.00,71.37,85.24,0.00,0.00
18.9740,164.9708,164.9722,82.0067,82.0110,0.00,0.00,71.37,85.24,0.00,0.00
18.9760,164.9751,164.9725,82.0057,82.0084,66.20,0.00,0.00,85.24,0.00,0.00
18.9780,164.9791,164.9734,82.0048,82.0057,66.20,0.00,0.00,85.24,0.00,0.00
18.9800,164.9827,164.9753,82.0039,82.0029,66.20,0.00,0.00,85.25,0.00,0.00
18.9820,164.9860,164.9782,82.0032,82.0030,66.20,0.00,0.00,0.00,0.00,84.71
18.9840,164.9889,164.9821,82.0025,82.0029,66.20,0.00,0.00,85.24,0.00,0.00
18.9860,164.9915,164.9868,82.0019,82.0029,66.20,0.00,0.00,85.24,0.00,0.00
18.9880,164.9938,164.9923,82.0014,82.0028,66.20,0.00,0.00,85.24,0.00,0.00
18.9900,164.9957,164.9980,82.0010,82.0027,66.20,0.00,0.00,85.24,0.00,0.00
18.9920,164.9972,164.9980,82.0006,82.0025,0.00,0.00,71.37,85.24,0.00,0.00
18.9940,164.9984,164.9980,82.0004,82.0023,66.20,0.00,0.00,85.24,0.00,0.00
18.9960,164.9993,164.9982,82.0002,82.0021,66.20,0.00,0.00,85.24,0.00,0.00
18.9980,164.9998,164.9985,82.0000,82.0017,66.20,0.00,0.00,85.24,0.00,0.00
19.0000,165.0000,164.9990,82.0000,82.0014,66.20,0.00,0.00,85.24,0.00,0.00
19.0020,164.9998,164.9995,82.0000,82.0010,66.20,0.00,0.00,85.24,0.00,0.00
19.0040,164.9993,164.9995,82.0002,82.0006,0.00,0.00,71.37,85.24,0.00,0.00
19.0060,164.9984,164.9995,82.0004,82.0002,0.00,0.00,71.37,85.25,0.00,0.00
19.0080,164.9972,164.9994,82.0006,82.0002,0.00,0.00,71.37,0.00,0.00,84.71
19.0100,164.9957,164.9993,82.0010,82.0003,0.00,0.00,71.37,0.00,0.00,84.71
19.0120,164.9938,164.9990,82.0014,82.0004,0.00,0.00,71.37,0.00,0.00,84.71
19.0140,164.9915,164.9986,82.0019,82.0005,0.00,0.00,71.37,0.00,0.00,84.71
19.0160,164.9889,164.9979,82.0025,82.0008,0.00,0.00,71.37,0.00,0.00,84.71
19.0180,164.9860,164.9971,82.0032,82.0011,0.00,0.00,71.37,0.00,0.00,84.71
19.0200,164.9827,164.9959,82.0039,82.0015,0.00,0.00,71.37,0.00,0.00,84.71
19.0220,164.9791,164.9944,82.0048,82.0021,0.00,0.00,71.37,0.00,0.00,84.71
19.0240,164.9751,164.9926,82.0057,82.0027,0.00,0.00,71.37,0.00,0.00,84.71
19.0260,164.9708,164.9902,82.0067,82.0036,0.00,0.00,71.37,0.00,0.00,84.71
19.0280,164.9662,164.9875,82.0077,82.0046,0.00,0.00,71.37,0.00,0.00,84.71
19.0300,164.9611,164.9842,82.0089,82.0057,0.00,0.00,71.37,0.00,0.00,84.71
19.0320,164.9558,164.9803,82.0101,82.0070,0.00,0.00,71.37,0.00,0.00,84.71
19.0340,164.9501,164.9759,82.0114,82.0085,0.00,0.00,71.37,0.00,0.00,84.71
19.0360,164.9441,164.9708,82.0128,82.0101,0.00,0.00,71.37,0.00,0.00,84.71
19.0380,164.9377,164.9651,82.0142,82.0119,0.00,0.00,71.37,0.00,0.00,84.71
19.0400,164.9309,164.9587,82.0158,82.0138,0.00,0.00,71.37,0.00,0.00,84.71
19.0420,164.9239,164.9516,82.0174,82.0158,0.00,0.00,71.37,0.00,0.00,84.71
19.0440,164.9164,164.9439,82.0191,82.0180,0.00,0.00,71.37,0.00,0.00,84.71
19.0460,164.9087,164.9355,82.0209,82.0202,0.00,0.00,71.37,0.00,0.00,84.71
19.0480,164.9006,164.9264,82.0227,82.0226,0.00,0.00,71.37,0.00,0.00,84.71
19.0500,164.8921,164.9167,82.0247,82.0250,0.00,0.00,71.37,0.00,0.00,84.71
19.0520,164.8833,164.9063,82.0267,82.0275,0.00,0.00,71.37,0.00,0.00,84.71
19.0540,164.8742,164.8953,82.0288,82.0300,0.00,0.00,71.37,0.00,0.00,84.71
19.0560,164.8647,164.8837,82.0309,82.0325,0.00,0.00,71.37,0.00,0.00,84.71
19.0580,164.8548,164.8716,82.0332,82.0351,0.00,0.00,71.37,0.00,0.00,84.71
19.0600,164.8447,164.8590,82.0355,82.0377,0.00,0.00,71.37,0.00,0.00,84.71
19.0620,164.8341,164.8459,82.0379,82.0403,0.00,0.00,71.37,0.00,0.00,84.71
19.0640,164.8233,164.8323,82.0404,82.0429,0.00,0.00,71.37,0.00,0.00,84.71
19.0660,164.8121,164.8184,82.0430,82.0455,0.00,0.00,71.37,0.00,0.00,84.71
19.0680,164.8005,164.8042,82.0456,82.0481,0.00,0.00,71.37,0.00,0.00,84.71
19.0700,164.7886,164.7897,82.0483,82.0507,0.00,0.00,71.37,0.00,0.00,84.71
19.0720,164.7764,164.7749,82.0511,82.0533,0.00,0.00,71.38,0.00,0.00,84.71
19.0740,164.7638,164.7600,82.0540,82.0560,0.00,0.00,71.38,0.00,0.00,84.71
19.0760,164.7509,164.7448,82.0569,82.0587,0.00,0.00,71.38,0.00,0.00,84.71
19.0780,164.7376,164.7296,82.0600,82.0614,0.00,0.00,71.38,0.00,0.00,84.71
19.0800,164.7240,164.7142,82.0631,82.0642,0.00,0.00,71.38,0.00,0.00,84.71
19.0820,164.7101,164.6988,82.0663,82.0671,0.00,0.00,71.38,0.00,0.00,84.71
19.0840,164.6958,164.6833,82.0695,82.0701,0.00,0.00,71.38,0.00,0.00,84.71
19.0860,164.6811,164.6678,82.0729,82.0731,0.00,0.00,71.38,0.00,0.00,84.71
19.0880,164.6661,164.6523,82.0763,82.0763,0.00,0.00,71.38,0.00,0.00,84.71
19.0900,164.6508,164.6367,82.0798,82.0797,0.00,0.00,71.38,0.00,0.00,84.71
19.0920,164.6352,164.6211,82.0834,82.0831,0.00,0.00,71.38,0.00,0.00,84.71
19.0940,164.6192,164.6055,82.0870,82.0867,0.00,0.00,71.38,0.00,0.00,84.71
19.0960,164.6028,164.5898,82.0908,82.0905,0.00,0.00,71.38,0.00,0.00,84.71
19.0980,164.5861,164.5740,82.0946,82.0944,0.00,0.00,71.38,0.00,0.00,84.71
19.1000,164.5691,164.5582,82.0985,82.0984,0.00,0.00,71.38,0.00,0.00,84.71
19.1020,164.5517,164.5422,82.1025,82.1026,0.00,0.00,71.38,0.00,0.00,84.71
19.1040,164.5340,164.5260,82.1065,82.1070,0.00,0.00,71.38,0.00,0.00,84.71
19.1060,164.5160,164.5097,82.1106,82.1114,0.00,0.00,71.38,0.00,0.00,84.71
19.1080,164.4976,164.4931,82.1148,82.1160,0.00,0.00,71.38,0.00,0.00,84.71
19.1100,164.4788,164.4762,82.1191,82.1207,0.00,0.00,71.38,0.00,0.00,84.71
19.1120,164.4598,164.4590,82.1235,82.1255,0.00,0.00,71.38,0.00,0.00,84.71
19.1140,164.4403,164.4414,82.1279,82.1304,0.00,0.00,71.38,0.00,0.00,84.71
19.1160,164.4206,164.4234,82.1324,82.1353,0.00,0.00,71.38,0.00,0.00,84.71
19.1180,164.4005,164.4050,82.1370,82.1403,0.00,0.00,71.38,0.00,0.00,84.71
19.1200,164.3801,164.3861,82.1417,82.1454,0.00,0.00,71.38,0.00,0.00,84.71
19.1220,164.3593,164.3666,82.1465,82.1505,0.00,0.00,71.38,0.00,0.00,84.71
19.1240,164.3382,164.3466,82.1513,82.1556,0.00,0.00,71.38,0.00,0.00,84.71
19.1260,164.3167,164.3261,82.1562,82.1607,0.00,0.00,71.39,0.00,0.00,84.71
19.1280,164.2949,164.3049,82.1612,82.1659,0.00,0.00,71.39,0.00,0.00,84.71
19.1300,164.2728,164.2831,82.1662,82.1710,0.00,0.00,71.39,0.00,0.00,84.71
19.1320,164.2503,164.2607,82.1714,82.1762,0.00,0.00,71.39,0.00,0.00,84.71
19.1340,164.2275,164.2376,82.1766,82.1814,0.00,0.00,71.39,0.00,0.00,84.71
19.1360,164.2044,164.2139,82.1819,82.1866,0.00,0.00,71.39,0.00,0.00,84.71
19.1380,164.1809,164.1896,82.1872,82.1918,0.00,0.00,71.39,0.00,0.00,84.71
19.1400,164.1571,164.1647,82.1927,82.1971,0.00,0.00,71.39,0.00,0.00,84.71
19.1420,164.1329,164.1391,82.1982,82.2024,0.00,0.00,71.39,0.00,0.00,84.71
19.1440,164.1084,164.1130,82.2038,82.2077,0.00,0.00,71.39,0.00,0.00,84.71
19.1460,164.0836,164.0863,82.2095,82.2131,0.00,0.00,71.39,0.00,0.00,84.71
19.1480,164.0584,164.0591,82.2152,82.2186,0.00,0.00,71.39,0.00,0.00,84.71
19.1500,164.0329,164.0314,82.2210,82.2242,0.00,0.00,71.39,0.00,0.00,84.71
19.1520,164.0071,164.0033,82.2269,82.2299,0.00,0.00,71.39,0.00,0.00,84.71
19.1540,163.9809,163.9747,82.2329,82.2357,0.00,0.00,71.39,0.00,0.00,84.71
19.1560,163.9544,163.9458,82.2390,82.2416,0.00,0.00,71.39,0.00,0.00,84.71
19.1580,163.9276,163.9165,82.2451,82.2476,0.00,0.00,71.39,0.00,0.00,84.71
19.1600,163.9004,163.8870,82.2513,82.2538,0.00,0.00,71.39,0.00,0.00,84.71
19.1620,163.8729,163.8572,82.2576,82.2601,0.00,0.00,71.40,0.00,0.00,84.71
19.1640,163.8451,163.8271,82.2640,82.2666,0.00,0.00,71.40,0.00,0.00,84.71
19.1660,163.8169,163.7969,82.2704,82.2732,0.00,0.00,71.40,0.00,0.00,84.71
19.1680,163.7884,163.7666,82.2769,82.2799,0.00,0.00,71.40,0.00,0.00,84.71
19.1700,163.7595,163.7361,82.2835,82.2868,0.00,0.00,71.40,0.00,0.00,84.71
19.1720,163.7303,163.7055,82.2902,82.2937,0.00,0.00,71.40,0.00,0.00,84.71
19.1740,163.7008,163.6748,82.2970,82.3008,0.00,0.00,71.40,0.00,0.00,84.71
19.1760,163.6710,163.6441,82.3038,82.3080,0.00,0.00,71.40,0.00,0.00,84.71
19.1780,163.6408,163.6133,82.3107,82.3153,0.00,0.00,71.40,0.00,0.00,84.71
19.1800,163.6103,163.5825,82.3177,82.3227,0.00,0.00,71.40,0.00,0.00,84.71
19.1820,163.5794,163.5516,82.3247,82.3301,0.00,0.00,71.40,0.00,0.00,84.71
19.1840,163.5483,163.5207,82.3318,82.3376,0.00,0.00,71.40,0.00,0.00,84.71
19.1860,163.5168,163.4897,82.3390,82.3451,0.00,0.00,71.40,0.00,0.00,84.71
19.1880,163.4849,163.4586,82.3463,82.3527,0.00,0.00,71.40,0.00,0.00,84.71
19.1900,163.4528,163.4273,82.3537,82.3603,0.00,0.00,71.40,0.00,0.00,84.71
19.1920,163.4203,163.3960,82.3611,82.3680,0.00,0.00,71.41,0.00,0.00,84.71
19.1940,163.3874,163.3645,82.3686,82.3756,0.00,0.00,71.41,0.00,0.00,84.71
19.1960,163.3543,163.3328,82.3762,82.3833,0.00,0.00,71.41,0.00,0.00,84.71
19.1980,163.3208,163.3008,82.3838,82.3910,0.00,0.00,71.41,0.00,0.00,84.71
19.2000,163.2870,163.2686,82.3915,82.3987,0.00,0.00,71.41,0.00,0.00,84.71
19.2020,163.2528,163.2361,82.3994,82.4064,0.00,0.00,71.41,0.00,0.00,84.71
19.2040,163.2184,163.2032,82.4072,82.4142,0.00,0.00,71.41,0.00,0.00,84.71
19.2060,163.1836,163.1700,82.4152,82.4220,0.00,0.00,71.41,0.00,0.00,84.71
19.2080,163.1484,163.1364,82.4232,82.4298,0.00,0.00,71.41,0.00,0.00,84.71
19.2100,163.1130,163.1023,82.4313,82.4377,0.00,0.00,71.41,0.00,0.00,84.71
19.2120,163.0772,163.0677,82.4395,82.4457,0.00,0.00,71.41,0.00,0.00,84.71
19.2140,163.0411,163.0326,82.4477,82.4537,0.00,0.00,71.41,0.00,0.00,84.71
19.2160,163.0047,162.9970,82.4561,82.4618,0.00,0.00,71.41,0.00,0.00,84.71
19.2180,162.9679,162.9608,82.4645,82.4701,0.00,0.00,71.42,0.00,0.00,84.71
19.2200,162.9308,162.9241,82.4730,82.4784,0.00,0.00,71.42,0.00,0.00,84.71
19.2220,162.8934,162.8868,82.4815,82.4868,0.00,0.00,71.42,0.00,0.00,84.71
19.2240,162.8557,162.8489,82.4901,82.4954,0.00,0.00,71.42,0.00,0.00,84.71
19.2260,162.8176,162.8104,82.4988,82.5040,0.00,0.00,71.42,0.00,0.00,84.71
19.2280,162.7792,162.7713,82.5076,82.5128,0.00,0.00,71.42,0.00,0.00,84.71
19.2300,162.7405,162.7317,82.5164,82.5218,0.00,0.00,71.42,0.00,0.00,84.71
19.2320,162.7015,162.6915,82.5254,82.5308,0.00,0.00,71.42,0.00,0.00,84.71
19.2340,162.6622,162.6507,82.5344,82.5400,0.00,0.00,71.42,0.00,0.00,84.71
19.2360,162.6225,162.6094,82.5434,82.5493,0.00,0.00,71.42,0.00,0.00,84.71
19.2380,162.5825,162.5677,82.5526,82.5587,0.00,0.00,71.42,0.00,0.00,84.71
19.2400,162.5422,162.5255,82.5618,82.5682,0.00,0.00,71.42,0.00,0.00,84.71
19.2420,162.5015,162.4828,82.5711,82.5779,0.00,0.00,71.43,0.00,0.00,84.71
19.2440,162.4606,162.4397,82.5804,82.5876,0.00,0.00,71.43,0.00,0.00,84.71
19.2460,162.4193,162.3963,82.5899,82.5973,0.00,0.00,71.43,0.00,0.00,84.71
19.2480,162.3777,162.3525,82.5994,82.6072,0.00,0.00,71.43,0.00,0.00,84.71
19.2500,162.3358,162.3084,82.6090,82.6171,0.00,0.00,71.43,0.00,0.00,84.71
19.2520,162.2935,162.2641,82.6186,82.6271,0.00,0.00,71.43,0.00,0.00,84.71
19.2540,162.2510,162.2196,82.6283,82.6371,0.00,0.00,71.43,0.00,0.00,84.71
19.2560,162.2081,162.1748,82.6381,82.6471,0.00,0.00,71.43,0.00,0.00,84.71
19.2580,162.1649,162.1299,82.6480,82.6572,0.00,0.00,71.43,0.00,0.00,84.71
19.2600,162.1214,162.0848,82.6580,82.6672,0.00,0.00,71.43,0.00,0.00,84.71
19.2620,162.0776,162.0397,82.6680,82.6774,0.00,0.00,71.44,0.00,0.00,84.71
19.2640,162.0334,161.9944,82.6781,82.6875,0.00,0.00,71.44,0.00,0.00,84.71
19.2660,161.9890,161.9490,82.6882,82.6976,0.00,0.00,71.44,0.00,0.00,84.71
19.2680,161.9442,161.9036,82.6985,82.7078,0.00,0.00,71.44,0.00,0.00,84.71
19.2700,161.8991,161.8581,82.7088,82.7180,0.00,0.00,71.44,0.00,0.00,84.71
19.2720,161.8537,161.8125,82.7192,82.7283,0.00,0.00,71.44,0.00,0.00,84.71
19.2740,161.8080,161.7668,82.7296,82.7386,0.00,0.00,71.44,0.00,0.00,84.71
19.2760,161.7620,161.7211,82.7401,82.7490,0.00,0.00,71.44,0.00,0.00,84.71
19.2780,161.7156,161.6753,82.7507,82.7594,0.00,0.00,71.44,0.00,0.00,84.71
19.2800,161.6689,161.6293,82.7614,82.7699,0.00,0.00,71.44,0.00,0.00,84.71
19.2820,161.6220,161.5833,82.7721,82.7804,0.00,0.00,71.45,0.00,0.00,84.71
19.2840,161.5747,161.5371,82.7829,82.7911,0.00,0.00,71.45,0.00,0.00,84.71
19.2860,161.5271,161.4907,82.7938,82.8018,0.00,0.00,71.45,0.00,0.00,84.71
19.2880,161.4792,161.4440,82.8048,82.8127,0.00,0.00,71.45,0.00,0.00,84.71
19.2900,161.4310,161.3972,82.8158,82.8236,0.00,0.00,71.45,0.00,0.00,84.71
19.2920,161.3824,161.3501,82.8269,82.8347,0.00,0.00,71.45,0.00,0.00,84.71
19.2940,161.3336,161.3026,82.8380,82.8459,0.00,0.00,71.45,0.00,0.00,84.71
19.2960,161.2844,161.2549,82.8493,82.8572,0.00,0.00,71.45,0.00,0.00,84.71
19.2980,161.2350,161.2067,82.8606,82.8686,0.00,0.00,71.45,0.00,0.00,84.71
19.3000,161.1852,161.1582,82.8719,82.8802,0.00,0.00,71.45,0.00,0.00,84.71
19.3020,161.1352,161.1092,82.8834,82.8918,0.00,0.00,71.46,0.00,0.00,84.71
19.3040,161.0848,161.0598,82.8949,82.9036,0.00,0.00,71.46,0.00,0.00,84.71
19.3060,161.0341,161.0099,82.9065,82.9154,0.00,0.00,71.46,0.00,0.00,84.71
19.3080,160.9831,160.9595,82.9181,82.9273,0.00,0.00,71.46,0.00,0.00,84.71
19.3100,160.9318,160.9086,82.9299,82.9394,0.00,0.00,71.46,0.00,0.00,84.71
19.3120,160.8802,160.8572,82.9417,82.9515,0.00,0.00,71.46,0.00,0.00,84.71
19.3140,160.8283,160.8053,82.9535,82.9636,0.00,0.00,71.46,0.00,0.00,84.71
19.3160,160.7761,160.7528,82.9655,82.9759,0.00,0.00,71.46,0.00,0.00,84.71
19.3180,160.7236,160.6998,82.9775,82.9882,0.00,0.00,71.47,0.00,0.00,84.71
19.3200,160.6707,160.6462,82.9895,83.0005,0.00,0.00,71.47,0.00,0.00,84.71
19.3220,160.6176,160.5922,83.0017,83.0128,0.00,0.00,71.47,0.00,0.00,84.71
19.3240,160.5642,160.5376,83.0139,83.0252,0.00,0.00,71.47,0.00,0.00,84.71
19.3260,160.5105,160.4826,83.0262,83.0376,0.00,0.00,71.47,0.00,0.00,84.71
19.3280,160.4564,160.4271,83.0385,83.0501,0.00,0.00,71.47,0.00,0.00,84.71
19.3300,160.4021,160.3711,83.0509,83.0626,0.00,0.00,71.47,0.00,0.00,84.71
19.3320,160.3475,160.3148,83.0634,83.0751,0.00,0.00,71.47,0.00,0.00,84.71
19.3340,160.2925,160.2580,83.0760,83.0876,0.00,0.00,71.47,0.00,0.00,84.71
19.3360,160.2373,160.2009,83.0886,83.1002,0.00,0.00,71.48,0.00,0.00,84.71
19.3380,160.1818,160.1434,83.1013,83.1127,0.00,0.00,71.48,0.00,0.00,84.71
19.3400,160.1260,160.0857,83.1141,83.1254,0.00,0.00,71.48,0.00,0.00,84.71
19.3420,160.0699,160.0277,83.1269,83.1381,0.00,0.00,71.48,0.00,0.00,84.71
19.3440,160.0134,159.9694,83.1398,83.1508,0.00,0.00,71.48,0.00,0.00,84.71
19.3460,159.9567,159.9110,83.1527,83.1636,0.00,0.00,71.48,0.00,0.00,84.71
19.3480,159.8997,159.8524,83.1658,83.1765,0.00,0.00,71.48,0.00,0.00,84.71
19.3500,159.8424,159.7936,83.1789,83.1895,0.00,0.00,71.49,0.00,0.00,84.71
19.3520,159.7848,159.7346,83.1920,83.2025,0.00,0.00,71.49,0.00,0.00,84.71
19.3540,159.7269,159.6756,83.2053,83.2157,0.00,0.00,71.49,0.00,0.00,84.71
19.3560,159.6687,159.6165,83.2186,83.2289,0.00,0.00,71.49,0.00,0.00,84.71
19.3580,159.6102,159.5572,83.2319,83.2423,0.00,0.00,71.49,0.00,0.00,84.71
19.3600,159.5515,159.4979,83.2454,83.2557,0.00,0.00,71.49,0.00,0.00,84.71
19.3620,159.4924,159.4385,83.2589,83.2693,0.00,0.00,71.49,0.00,0.00,84.71
19.3640,159.4331,159.3790,83.2724,83.2829,0.00,0.00,71.49,0.00,0.00,84.71
19.3660,159.3734,159.3195,83.2861,83.2967,0.00,0.00,71.50,0.00,0.00,84.71
19.3680,159.3135,159.2599,83.2998,83.3106,0.00,0.00,71.50,0.00,0.00,84.71
19.3700,159.2533,159.2001,83.3135,83.3245,0.00,0.00,71.50,0.00,0.00,84.71
19.3720,159.1927,159.1402,83.3274,83.3386,0.00,0.00,71.50,0.00,0.00,84.71
19.3740,159.1319,159.0803,83.3413,83.3527,0.00,0.00,71.50,0.00,0.00,84.71
19.3760,159.0709,159.0201,83.3552,83.3670,0.00,0.00,71.50,0.00,0.00,84.71
19.3780,159.0095,158.9598,83.3693,83.3813,0.00,0.00,71.50,0.00,0.00,84.71
19.3800,158.9478,158.8992,83.3834,83.3956,0.00,0.00,71.50,0.00,0.00,84.71
19.3820,158.8859,158.8385,83.3975,83.4101,0.00,0.00,71.51,0.00,0.00,84.71
19.3840,158.8236,158.7774,83.4117,83.4245,0.00,0.00,71.51,0.00,0.00,84.71
19.3860,158.7611,158.7161,83.4260,83.4390,0.00,0.00,71.51,0.00,0.00,84.71
19.3880,158.6983,158.6545,83.4404,83.4536,0.00,0.00,71.51,0.00,0.00,84.71
19.3900,158.6352,158.5926,83.4548,83.4682,0.00,0.00,71.51,0.00,0.00,84.71
19.3920,158.5719,158.5302,83.4693,83.4828,0.00,0.00,71.51,0.00,0.00,84.71
19.3940,158.5082,158.4675,83.4838,83.4975,0.00,0.00,71.51,0.00,0.00,84.71
19.3960,158.4443,158.4044,83.4984,83.5122,0.00,0.00,71.52,0.00,0.00,84.71
19.3980,158.3801,158.3408,83.5131,83.5269,0.00,0.00,71.52,0.00,0.00,84.71
19.4000,158.3156,158.2768,83.5279,83.5416,0.00,0.00,71.52,0.00,0.00,84.71
19.4020,158.2508,158.2124,83.5427,83.5564,0.00,0.00,71.52,0.00,0.00,84.71
19.4040,158.1858,158.1475,83.5575,83.5712,0.00,0.00,71.52,0.00,0.00,84.71
19.4060,158.1204,158.0821,83.5725,83.5860,0.00,0.00,71.52,0.00,0.00,84.71
19.4080,158.0548,158.0162,83.5875,83.6009,0.00,0.00,71.52,0.00,0.00,84.71
19.4100,157.9890,157.9499,83.6025,83.6158,0.00,0.00,71.53,0.00,0.00,84.71
19.4120,157.9228,157.8831,83.6176,83.6308,0.00,0.00,71.53,0.00,0.00,84.71
19.4140,157.8564,157.8158,83.6328,83.6459,0.00,0.00,71.53,0.00,0.00,84.71
19.4160,157.7897,157.7481,83.6481,83.6610,0.00,0.00,71.53,0.00,0.00,84.71
19.4180,157.7227,157.6800,83.6634,83.6763,0.00,0.00,71.53,0.00,0.00,84.71
19.4200,157.6554,157.6114,83.6788,83.6915,0.00,0.00,71.53,0.00,0.00,84.71
19.4220,157.5879,157.5424,83.6942,83.7069,0.00,0.00,71.53,0.00,0.00,84.71
19.4240,157.5201,157.4731,83.7097,83.7224,0.00,0.00,71.54,0.00,0.00,84.71
19.4260,157.4520,157.4034,83.7253,83.7379,0.00,0.00,71.54,0.00,0.00,84.71
19.4280,157.3837,157.3334,83.7409,83.7536,0.00,0.00,71.54,0.00,0.00,84.71
19.4300,157.3151,157.2631,83.7566,83.7694,0.00,0.00,71.54,0.00,0.00,84.71
19.4320,157.2462,157.1926,83.7723,83.7852,0.00,0.00,71.54,0.00,0.00,84.71
19.4340,157.1770,157.1218,83.7881,83.8011,0.00,0.00,71.54,0.00,0.00,84.71
19.4360,157.1076,157.0507,83.8040,83.8172,0.00,0.00,71.55,0.00,0.00,84.71
19.4380,157.0379,156.9795,83.8199,83.8333,0.00,0.00,71.55,0.00,0.00,84.71
19.4400,156.9680,156.9081,83.8359,83.8495,0.00,0.00,71.55,0.00,0.00,84.71
19.4420,156.8977,156.8366,83.8519,83.8658,0.00,0.00,71.55,0.00,0.00,84.71
19.4440,156.8273,156.7649,83.8681,83.8821,0.00,0.00,71.55,0.00,0.00,84.71
19.4460,156.7565,156.6931,83.8842,83.8985,0.00,0.00,71.55,0.00,0.00,84.71
19.4480,156.6855,156.6213,83.9005,83.9150,0.00,0.00,71.56,0.00,0.00,84.71
19.4500,156.6142,156.5493,83.9168,83.9315,0.00,0.00,71.56,0.00,0.00,84.71
19.4520,156.5427,156.4772,83.9331,83.9481,0.00,0.00,71.56,0.00,0.00,84.71
19.4540,156.4709,156.4051,83.9495,83.9647,0.00,0.00,71.56,0.00,0.00,84.71
19.4560,156.3988,156.3329,83.9660,83.9813,0.00,0.00,71.56,0.00,0.00,84.71
19.4580,156.3265,156.2606,83.9825,83.9980,0.00,0.00,71.56,0.00,0.00,84.71
19.4600,156.2539,156.1882,83.9991,84.0147,0.00,0.00,71.56,0.00,0.00,84.71
19.4620,156.1810,156.1158,84.0158,84.0314,0.00,0.00,71.57,0.00,0.00,84.71
19.4640,156.1079,156.0432,84.0325,84.0482,0.00,0.00,71.57,0.00,0.00,84.71
19.4660,156.0346,155.9705,84.0492,84.0650,0.00,0.00,71.57,0.00,0.00,84.71
19.4680,155.9610,155.8976,84.0661,84.0818,0.00,0.00,71.57,0.00,0.00,84.71
19.4700,155.8871,155.8246,84.0830,84.0986,0.00,0.00,71.57,0.00,0.00,84.71
19.4720,155.8130,155.7515,84.0999,84.1155,0.00,0.00,71.57,0.00,0.00,84.71
19.4740,155.7386,155.6781,84.1169,84.1325,0.00,0.00,71.58,0.00,0.00,84.71
19.4760,155.6639,155.6045,84.1340,84.1494,0.00,0.00,71.58,0.00,0.00,84.71
19.4780,155.5890,155.5306,84.1511,84.1664,0.00,0.00,71.58,0.00,0.00,84.71
19.4800,155.5139,155.4565,84.1683,84.1835,0.00,0.00,71.58,0.00,0.00,84.71
19.4820,155.4385,155.3821,84.1855,84.2007,0.00,0.00,71.58,0.00,0.00,84.71
19.4840,155.3629,155.3073,84.2028,84.2179,0.00,0.00,71.58,0.00,0.00,84.71
19.4860,155.2870,155.2323,84.2201,84.2351,0.00,0.00,71.59,0.00,0.00,84.71
19.4880,155.2108,155.1569,84.2375,84.2525,0.00,0.00,71.59,0.00,0.00,84.71
19.4900,155.1344,155.0811,84.2550,84.2699,0.00,0.00,71.59,0.00,0.00,84.71
19.4920,155.0578,155.0049,84.2725,84.2874,0.00,0.00,71.59,0.00,0.00,84.71
19.4940,154.9809,154.9283,84.2901,84.3050,0.00,0.00,71.59,0.00,0.00,84.71
19.4960,154.9037,154.8514,84.3077,84.3226,0.00,0.00,71.59,0.00,0.00,84.71
19.4980,154.8264,154.7740,84.3254,84.3404,0.00,0.00,71.60,0.00,0.00,84.71
19.5000,154.7487,154.6962,84.3431,84.3582,0.00,0.00,71.60,0.00,0.00,84.71
19.5020,154.6709,154.6180,84.3609,84.3762,0.00,0.00,71.60,0.00,0.00,84.71
19.5040,154.5927,154.5394,84.3788,84.3942,0.00,0.00,71.60,0.00,0.00,84.71
19.5060,154.5144,154.4604,84.3967,84.4122,0.00,0.00,71.60,0.00,0.00,84.71
19.5080,154.4358,154.3809,84.4147,84.4304,0.00,0.00,71.60,0.00,0.00,84.71
19.5100,154.3569,154.3012,84.4327,84.4486,0.00,0.00,71.61,0.00,0.00,84.71
19.5120,154.2779,154.2210,84.4508,84.4669,0.00,0.00,71.61,0.00,0.00,84.71
19.5140,154.1985,154.1405,84.4689,84.4852,0.00,0.00,71.61,0.00,0.00,84.71
19.5160,154.1190,154.0597,84.4871,84.5036,0.00,0.00,71.61,0.00,0.00,84.71
19.5180,154.0392,153.9785,84.5053,84.5220,0.00,0.00,71.61,0.00,0.00,84.71
19.5200,153.9591,153.8971,84.5236,84.5405,0.00,0.00,71.62,0.00,0.00,84.71
19.5220,153.8789,153.8153,84.5420,84.5590,0.00,0.00,71.62,0.00,0.00,84.71
19.5240,153.7984,153.7334,84.5604,84.5776,0.00,0.00,71.62,0.00,0.00,84.71
19.5260,153.7176,153.6512,84.5788,84.5962,0.00,0.00,71.62,0.00,0.00,84.71
19.5280,153.6366,153.5688,84.5973,84.6148,0.00,0.00,71.62,0.00,0.00,84.71
19.5300,153.5554,153.4862,84.6159,84.6334,0.00,0.00,71.62,0.00,0.00,84.71
19.5320,153.4740,153.4035,84.6345,84.6521,0.00,0.00,71.63,0.00,0.00,84.71
19.5340,153.3923,153.3206,84.6532,84.6708,0.00,0.00,71.63,0.00,0.00,84.71
19.5360,153.3104,153.2376,84.6719,84.6895,0.00,0.00,71.63,0.00,0.00,84.71
19.5380,153.2283,153.1545,84.6907,84.7082,0.00,0.00,71.63,0.00,0.00,84.71
19.5400,153.1459,153.0713,84.7095,84.7270,0.00,0.00,71.63,0.00,0.00,84.71
19.5420,153.0633,152.9880,84.7284,84.7458,0.00,0.00,71.64,0.00,0.00,84.71
19.5440,152.9805,152.9047,84.7473,84.7647,0.00,0.00,71.64,0.00,0.00,84.71
19.5460,152.8975,152.8212,84.7663,84.7836,0.00,0.00,71.64,0.00,0.00,84.71
19.5480,152.8142,152.7377,84.7853,84.8025,0.00,0.00,71.64,0.00,0.00,84.71
19.5500,152.7307,152.6541,84.8044,84.8215,0.00,0.00,71.64,0.00,0.00,84.71
19.5520,152.6470,152.5705,84.8236,84.8406,0.00,0.00,71.64,0.00,0.00,84.71
19.5540,152.5630,152.4867,84.8427,84.8597,0.00,0.00,71.65,0.00,0.00,84.71
19.5560,152.4788,152.4029,84.8620,84.8789,0.00,0.00,71.65,0.00,0.00,84.71
19.5580,152.3945,152.3190,84.8813,84.8982,0.00,0.00,71.65,0.00,0.00,84.71
19.5600,152.3098,152.2350,84.9006,84.9175,0.00,0.00,71.65,0.00,0.00,84.71
19.5620,152.2250,152.1508,84.9200,84.9369,0.00,0.00,71.65,0.00,0.00,84.71
19.5640,152.1400,152.0665,84.9394,84.9564,0.00,0.00,71.66,0.00,0.00,84.71
19.5660,152.0547,151.9820,84.9589,84.9759,0.00,0.00,71.66,0.00,0.00,84.71
19.5680,151.9692,151.8974,84.9785,84.9955,0.00,0.00,71.66,0.00,0.00,84.71
19.5700,151.8835,151.8126,84.9981,85.0152,0.00,0.00,71.66,0.00,0.00,84.71
19.5720,151.7976,151.7276,85.0177,85.0350,0.00,0.00,71.66,0.00,0.00,84.71
19.5740,151.7114,151.6423,85.0374,85.0548,0.00,0.00,71.66,0.00,0.00,84.71
19.5760,151.6251,151.5568,85.0571,85.0747,0.00,0.00,71.67,0.00,0.00,84.71
19.5780,151.5385,151.4710,85.0769,85.0947,0.00,0.00,71.67,0.00,0.00,84.71
19.5800,151.4517,151.3849,85.0967,85.1147,0.00,0.00,71.67,0.00,0.00,84.71
19.5820,151.3648,151.2985,85.1166,85.1347,0.00,0.00,71.67,0.00,0.00,84.71
19.5840,151.2776,151.2118,85.1366,85.1549,0.00,0.00,71.67,0.00,0.00,84.71
19.5860,151.1902,151.1248,85.1565,85.1750,0.00,0.00,71.68,0.00,0.00,84.71
19.5880,151.1025,151.0375,85.1766,85.1952,0.00,0.00,71.68,0.00,0.00,84.71
19.5900,151.0147,150.9498,85.1966,85.2154,0.00,0.00,71.68,0.00,0.00,84.71
19.5920,150.9267,150.8618,85.2168,85.2357,0.00,0.00,71.68,0.00,0.00,84.71
19.5940,150.8384,150.7734,85.2369,85.2559,0.00,0.00,71.68,0.00,0.00,84.71
19.5960,150.7500,150.6847,85.2571,85.2763,0.00,0.00,71.69,0.00,0.00,84.71
19.5980,150.6613,150.5956,85.2774,85.2966,0.00,0.00,71.69,0.00,0.00,84.71
19.6000,150.5725,150.5062,85.2977,85.3169,0.00,0.00,71.69,0.00,0.00,84.71
19.6020,150.4834,150.4165,85.3181,85.3373,0.00,0.00,71.69,0.00,0.00,84.71
19.6040,150.3942,150.3264,85.3385,85.3577,0.00,0.00,71.69,0.00,0.00,84.71
19.6060,150.3047,150.2361,85.3589,85.3782,0.00,0.00,71.70,0.00,0.00,84.71
19.6080,150.2150,150.1454,85.3794,85.3986,0.00,0.00,71.70,0.00,0.00,84.71
19.6100,150.1252,150.0545,85.4000,85.4191,0.00,0.00,71.70,0.00,0.00,84.71
19.6120,150.0351,149.9633,85.4205,85.4396,0.00,0.00,71.70,0.00,0.00,84.71
19.6140,149.9449,149.8718,85.4412,85.4602,0.00,0.00,71.70,0.00,0.00,84.71
19.6160,149.8544,149.7801,85.4618,85.4808,0.00,0.00,71.71,0.00,0.00,84.71
19.6180,149.7638,149.6883,85.4826,85.5015,0.00,0.00,71.71,0.00,0.00,84.71
19.6200,149.6729,149.5962,85.5033,85.5222,0.00,0.00,71.71,0.00,0.00,84.71
19.6220,149.5819,149.5040,85.5241,85.5429,0.00,0.00,71.71,0.00,0.00,84.71
19.6240,149.4906,149.4116,85.5450,85.5637,0.00,0.00,71.71,0.00,0.00,84.71
19.6260,149.3992,149.3190,85.5659,85.5846,0.00,0.00,71.72,0.00,0.00,84.71
19.6280,149.3076,149.2264,85.5868,85.6055,0.00,0.00,71.72,0.00,0.00,84.71
19.6300,149.2158,149.1336,85.6078,85.6265,0.00,0.00,71.72,0.00,0.00,84.71
19.6320,149.1238,149.0408,85.6288,85.6476,0.00,0.00,71.72,0.00,0.00,84.71
19.6340,149.0316,148.9478,85.6499,85.6687,0.00,0.00,71.72,0.00,0.00,84.71
19.6360,148.9392,148.8548,85.6710,85.6898,0.00,0.00,71.73,0.00,0.00,84.71
19.6380,148.8467,148.7617,85.6922,85.7111,0.00,0.00,71.73,0.00,0.00,84.71
19.6400,148.7539,148.6686,85.7134,85.7324,0.00,0.00,71.73,0.00,0.00,84.71
19.6420,148.6610,148.5754,85.7346,85.7537,0.00,0.00,71.73,0.00,0.00,84.71
19.6440,148.5679,148.4822,85.7559,85.7751,0.00,0.00,71.73,0.00,0.00,84.71
19.6460,148.4746,148.3889,85.7772,85.7966,0.00,0.00,71.74,0.00,0.00,84.71
19.6480,148.3811,148.2956,85.7986,85.8181,0.00,0.00,71.74,0.00,0.00,84.71
19.6500,148.2874,148.2021,85.8200,85.8397,0.00,0.00,71.74,0.00,0.00,84.71
19.6520,148.1936,148.1086,85.8415,85.8613,0.00,0.00,71.74,0.00,0.00,84.71
19.6540,148.0996,148.0151,85.8630,85.8829,0.00,0.00,71.74,0.00,0.00,84.71
19.6560,148.0054,147.9214,85.8845,85.9046,0.00,0.00,71.75,0.00,0.00,84.71
19.6580,147.9110,147.8276,85.9061,85.9263,0.00,0.00,71.75,0.00,0.00,84.71
19.6600,147.8164,147.7337,85.9277,85.9480,0.00,0.00,71.75,0.00,0.00,84.71
19.6620,147.7217,147.6397,85.9493,85.9698,0.00,0.00,71.75,0.00,0.00,84.71
19.6640,147.6268,147.5456,85.9710,85.9916,0.00,0.00,71.76,0.00,0.00,84.71
19.6660,147.5317,147.4512,85.9927,86.0134,0.00,0.00,71.76,0.00,0.00,84.71
19.6680,147.4365,147.3567,86.0145,86.0352,0.00,0.00,71.76,0.00,0.00,84.71
19.6700,147.3411,147.2620,86.0363,86.0571,0.00,0.00,71.76,0.00,0.00,84.71
19.6720,147.2455,147.1671,86.0582,86.0789,0.00,0.00,71.76,0.00,0.00,84.71
19.6740,147.1497,147.0720,86.0801,86.1008,0.00,0.00,71.77,0.00,0.00,84.71
19.6760,147.0538,146.9766,86.1020,86.1227,0.00,0.00,71.77,0.00,0.00,84.71
19.6780,146.9577,146.8810,86.1240,86.1447,0.00,0.00,71.77,0.00,0.00,84.71
19.6800,146.8614,146.7852,86.1460,86.1666,0.00,0.00,71.77,0.00,0.00,84.71
19.6820,146.7649,146.6890,86.1680,86.1886,0.00,0.00,71.77,0.00,0.00,84.71
19.6840,146.6683,146.5927,86.1901,86.2106,0.00,0.00,71.78,0.00,0.00,84.71
19.6860,146.5716,146.4960,86.2122,86.2327,0.00,0.00,71.78,0.00,0.00,84.71
19.6880,146.4746,146.3991,86.2344,86.2548,0.00,0.00,71.78,0.00,0.00,84.71
19.6900,146.3775,146.3018,86.2566,86.2769,0.00,0.00,71.78,0.00,0.00,84.71
19.6920,146.2803,146.2043,86.2788,86.2991,0.00,0.00,71.78,0.00,0.00,84.71
19.6940,146.1829,146.1066,86.3011,86.3213,0.00,0.00,71.79,0.00,0.00,84.71
19.6960,146.0853,146.0085,86.3234,86.3436,0.00,0.00,71.79,0.00,0.00,84.71
19.6980,145.9876,145.9102,86.3457,86.3660,0.00,0.00,71.79,0.00,0.00,84.71
19.7000,145.8897,145.8117,86.3681,86.3883,0.00,0.00,71.79,0.00,0.00,84.71
19.7020,145.7916,145.7129,86.3905,86.4108,0.00,0.00,71.80,0.00,0.00,84.71
19.7040,145.6934,145.6139,86.4129,86.4333,0.00,0.00,71.80,0.00,0.00,84.71
19.7060,145.5951,145.5146,86.4354,86.4558,0.00,0.00,71.80,0.00,0.00,84.71
19.7080,145.4965,145.4152,86.4579,86.4784,0.00,0.00,71.80,0.00,0.00,84.71
19.7100,145.3979,145.3155,86.4805,86.5010,0.00,0.00,71.80,0.00,0.00,84.71
19.7120,145.2991,145.2157,86.5031,86.5237,0.00,0.00,71.81,0.00,0.00,84.71
19.7140,145.2001,145.1157,86.5257,86.5464,0.00,0.00,71.81,0.00,0.00,84.71
19.7160,145.1010,145.0156,86.5484,86.5692,0.00,0.00,71.81,0.00,0.00,84.71
19.7180,145.0017,144.9153,86.5710,86.5920,0.00,0.00,71.81,0.00,0.00,84.72
19.7200,144.9023,144.8149,86.5938,86.6149,0.00,0.00,71.82,0.00,0.00,84.72
19.7220,144.8027,144.7144,86.6165,86.6378,0.00,0.00,71.82,0.00,0.00,84.72
19.7240,144.7030,144.6138,86.6393,86.6607,0.00,0.00,71.82,0.00,0.00,84.72
19.7260,144.6031,144.5132,86.6621,86.6836,0.00,0.00,71.82,0.00,0.00,84.72
19.7280,144.5031,144.4125,86.6850,86.7066,0.00,0.00,71.82,0.00,0.00,84.72
19.7300,144.4030,144.3117,86.7079,86.7296,0.00,0.00,71.83,0.00,0.00,84.72
19.7320,144.3027,144.2109,86.7308,86.7526,0.00,0.00,71.83,0.00,0.00,84.72
19.7340,144.2023,144.1100,86.7538,86.7756,0.00,0.00,71.83,0.00,0.00,84.72
19.7360,144.1017,144.0091,86.7767,86.7987,0.00,0.00,71.83,0.00,0.00,84.72
19.7380,144.0010,143.9082,86.7998,86.8217,0.00,0.00,71.84,0.00,0.00,84.72
19.7400,143.9002,143.8072,86.8228,86.8448,0.00,0.00,71.84,0.00,0.00,84.72
19.7420,143.7992,143.7062,86.8459,86.8679,0.00,0.00,71.84,0.00,0.00,84.72
19.7440,143.6981,143.6052,86.8690,86.8910,0.00,0.00,71.84,0.00,0.00,84.72
19.7460,143.5968,143.5041,86.8922,86.9141,0.00,0.00,71.84,0.00,0.00,84.72
19.7480,143.4954,143.4030,86.9153,86.9373,0.00,0.00,71.85,0.00,0.00,84.72
19.7500,143.3939,143.3018,86.9385,86.9605,0.00,0.00,71.85,0.00,0.00,84.72
19.7520,143.2923,143.2006,86.9618,86.9837,0.00,0.00,71.85,0.00,0.00,84.72
19.7540,143.1905,143.0993,86.9850,87.0069,0.00,0.00,71.85,0.00,0.00,84.72
19.7560,143.0886,142.9979,87.0083,87.0301,0.00,0.00,71.86,0.00,0.00,84.72
19.7580,142.9865,142.8965,87.0317,87.0534,0.00,0.00,71.86,0.00,0.00,84.72
19.7600,142.8844,142.7949,87.0550,87.0767,0.00,0.00,71.86,0.00,0.00,84.72
19.7620,142.7821,142.6932,87.0784,87.1000,0.00,0.00,71.86,0.00,0.00,84.72
19.7640,142.6796,142.5915,87.1018,87.1234,0.00,0.00,71.86,0.00,0.00,84.72
19.7660,142.5771,142.4895,87.1252,87.1468,0.00,0.00,71.87,0.00,0.00,84.72
19.7680,142.4744,142.3875,87.1487,87.1703,0.00,0.00,71.87,0.00,0.00,84.72
19.7700,142.3716,142.2853,87.1722,87.1938,0.00,0.00,71.87,0.00,0.00,84.72
19.7720,142.2687,142.1829,87.1957,87.2173,0.00,0.00,71.87,0.00,0.00,84.72
19.7740,142.1657,142.0803,87.2193,87.2409,0.00,0.00,71.88,0.00,0.00,84.72
19.7760,142.0625,141.9776,87.2429,87.2645,0.00,0.00,71.88,0.00,0.00,84.72
19.7780,141.9592,141.8746,87.2665,87.2882,0.00,0.00,71.88,0.00,0.00,84.72
19.7800,141.8558,141.7715,87.2901,87.3119,0.00,0.00,71.88,0.00,0.00,84.72
19.7820,141.7523,141.6682,87.3138,87.3356,0.00,0.00,71.88,0.00,0.00,84.72
19.7840,141.6487,141.5646,87.3374,87.3594,0.00,0.00,71.89,0.00,0.00,84.72
19.7860,141.5449,141.4609,87.3612,87.3832,0.00,0.00,71.89,0.00,0.00,84.72
19.7880,141.4411,141.3569,87.3849,87.4070,0.00,0.00,71.89,0.00,0.00,84.72
19.7900,141.3371,141.2528,87.4087,87.4309,0.00,0.00,71.89,0.00,0.00,84.72
19.7920,141.2330,141.1484,87.4325,87.4548,0.00,0.00,71.90,0.00,0.00,84.72
19.7940,141.1288,141.0438,87.4563,87.4787,0.00,0.00,71.90,0.00,0.00,84.72
19.7960,141.0245,140.9391,87.4801,87.5026,0.00,0.00,71.90,0.00,0.00,84.72
19.7980,140.9201,140.8342,87.5040,87.5266,0.00,0.00,71.90,0.00,0.00,84.72
19.8000,140.8156,140.7290,87.5279,87.5506,0.00,0.00,71.91,0.00,0.00,84.72
19.8020,140.7110,140.6238,87.5518,87.5746,0.00,0.00,71.91,0.00,0.00,84.72
19.8040,140.6062,140.5183,87.5757,87.5986,0.00,0.00,71.91,0.00,0.00,84.72
19.8060,140.5014,140.4127,87.5997,87.6226,0.00,0.00,71.91,0.00,0.00,84.72
19.8080,140.3965,140.3070,87.6237,87.6466,0.00,0.00,71.91,0.00,0.00,84.72
19.8100,140.2914,140.2012,87.6477,87.6707,0.00,0.00,71.92,0.00,0.00,84.72
19.8120,140.1863,140.0952,87.6717,87.6947,0.00,0.00,71.92,0.00,0.00,84.72
19.8140,140.0810,139.9892,87.6958,87.7188,0.00,0.00,71.92,0.00,0.00,84.72
19.8160,139.9757,139.8830,87.7198,87.7429,0.00,0.00,71.92,0.00,0.00,84.72
19.8180,139.8702,139.7768,87.7439,87.7669,0.00,0.00,71.93,0.00,0.00,84.72
19.8200,139.7647,139.6705,87.7681,87.7910,0.00,0.00,71.93,0.00,0.00,84.72
19.8220,139.6591,139.5642,87.7922,87.8152,0.00,0.00,71.93,0.00,0.00,84.72
19.8240,139.5533,139.4578,87.8164,87.8393,0.00,0.00,71.93,0.00,0.00,84.72
19.8260,139.4475,139.3514,87.8406,87.8634,0.00,0.00,71.94,0.00,0.00,84.72
19.8280,139.3416,139.2449,87.8648,87.8876,0.00,0.00,71.94,0.00,0.00,84.72
19.8300,139.2356,139.1385,87.8890,87.9118,0.00,0.00,71.94,0.00,0.00,84.72
19.8320,139.1295,139.0320,87.9133,87.9360,0.00,0.00,71.94,0.00,0.00,84.72
19.8340,139.0233,138.9255,87.9375,87.9602,0.00,0.00,71.95,0.00,0.00,84.72
19.8360,138.9170,138.8190,87.9618,87.9845,0.00,0.00,71.95,0.00,0.00,84.72
19.8380,138.8106,138.7125,87.9861,88.0088,0.00,0.00,71.95,0.00,0.00,84.72
19.8400,138.7041,138.6060,88.0105,88.0331,0.00,0.00,71.95,0.00,0.00,84.72
19.8420,138.5976,138.4995,88.0348,88.0575,0.00,0.00,71.95,0.00,0.00,84.72
19.8440,138.4910,138.3930,88.0592,88.0818,0.00,0.00,71.96,0.00,0.00,84.72
19.8460,138.3843,138.2865,88.0836,88.1063,0.00,0.00,71.96,0.00,0.00,84.72
19.8480,138.2775,138.1800,88.1080,88.1307,0.00,0.00,71.96,0.00,0.00,84.72
19.8500,138.1706,138.0735,88.1324,88.1552,0.00,0.00,71.96,0.00,0.00,84.72
19.8520,138.0636,137.9669,88.1569,88.1797,0.00,0.00,71.97,0.00,0.00,84.72
19.8540,137.9566,137.8603,88.1814,88.2042,0.00,0.00,71.97,0.00,0.00,84.72
19.8560,137.8495,137.7537,88.2058,88.2287,0.00,0.00,71.97,0.00,0.00,84.72
19.8580,137.7423,137.6470,88.2303,88.2533,0.00,0.00,71.97,0.00,0.00,84.72
19.8600,137.6350,137.5402,88.2549,88.2779,0.00,0.00,71.98,0.00,0.00,84.72
19.8620,137.5277,137.4334,88.2794,88.3025,0.00,0.00,71.98,0.00,0.00,84.72
19.8640,137.4202,137.3266,88.3039,88.3272,0.00,0.00,71.98,0.00,0.00,84.72
19.8660,137.3128,137.2196,88.3285,88.3518,0.00,0.00,71.98,0.00,0.00,84.72
19.8680,137.2052,137.1126,88.3531,88.3765,0.00,0.00,71.99,0.00,0.00,84.72
19.8700,137.0976,137.0054,88.3777,88.4012,0.00,0.00,71.99,0.00,0.00,84.72
19.8720,136.9898,136.8982,88.4023,88.4259,0.00,0.00,71.99,0.00,0.00,84.72
19.8740,136.8821,136.7908,88.4270,88.4506,0.00,0.00,71.99,0.00,0.00,84.72
19.8760,136.7742,136.6833,88.4516,88.4753,0.00,0.00,71.99,0.00,0.00,84.72
19.8780,136.6663,136.5757,88.4763,88.5000,0.00,0.00,72.00,0.00,0.00,84.72
19.8800,136.5583,136.4680,88.5009,88.5247,0.00,0.00,72.00,0.00,0.00,84.72
19.8820,136.4503,136.3601,88.5256,88.5494,0.00,0.00,72.00,0.00,0.00,84.72
19.8840,136.3422,136.2522,88.5504,88.5741,0.00,0.00,72.00,0.00,0.00,84.72
19.8860,136.2340,136.1440,88.5751,88.5989,0.00,0.00,72.01,0.00,0.00,84.72
19.8880,136.1258,136.0358,88.5998,88.6236,0.00,0.00,72.01,0.00,0.00,84.72
19.8900,136.0175,135.9274,88.6246,88.6483,0.00,0.00,72.01,0.00,0.00,84.72
19.8920,135.9092,135.8189,88.6493,88.6731,0.00,0.00,72.01,0.00,0.00,84.72
19.8940,135.8008,135.7102,88.6741,88.6978,0.00,0.00,72.02,0.00,0.00,84.72
19.8960,135.6923,135.6015,88.6989,88.7226,0.00,0.00,72.02,0.00,0.00,84.72
19.8980,135.5838,135.4926,88.7237,88.7473,0.00,0.00,72.02,0.00,0.00,84.72
19.9000,135.4752,135.3836,88.7485,88.7721,0.00,0.00,72.02,0.00,0.00,84.72
19.9020,135.3666,135.2745,88.7734,88.7969,0.00,0.00,72.03,0.00,0.00,84.72
19.9040,135.2579,135.1653,88.7982,88.8217,0.00,0.00,72.03,0.00,0.00,84.72
19.9060,135.1492,135.0560,88.8230,88.8465,0.00,0.00,72.03,0.00,0.00,84.72
19.9080,135.0404,134.9466,88.8479,88.8714,0.00,0.00,72.03,0.00,0.00,84.72
19.9100,134.9315,134.8372,88.8728,88.8962,0.00,0.00,72.04,0.00,0.00,84.72
19.9120,134.8227,134.7277,88.8977,88.9211,0.00,0.00,72.04,0.00,0.00,84.72
19.9140,134.7137,134.6181,88.9226,88.9460,0.00,0.00,72.04,0.00,0.00,84.72
19.9160,134.6048,134.5086,88.9475,88.9709,0.00,0.00,72.04,0.00,0.00,84.72
19.9180,134.4957,134.3989,88.9724,88.9958,0.00,0.00,72.05,0.00,0.00,84.72
19.9200,134.3867,134.2893,88.9973,89.0208,0.00,0.00,72.05,0.00,0.00,84.72
19.9220,134.2776,134.1796,89.0223,89.0457,0.00,0.00,72.05,0.00,0.00,84.72
19.9240,134.1684,134.0700,89.0472,89.0707,0.00,0.00,72.05,0.00,0.00,84.72
19.9260,134.0592,133.9603,89.0722,89.0957,0.00,0.00,72.05,0.00,0.00,84.72
19.9280,133.9500,133.8507,89.0971,89.1207,0.00,0.00,72.06,0.00,0.00,84.72
19.9300,133.8407,133.7410,89.1221,89.1458,0.00,0.00,72.06,0.00,0.00,84.72
19.9320,133.7314,133.6314,89.1471,89.1708,0.00,0.00,72.06,0.00,0.00,84.72
19.9340,133.6220,133.5218,89.1721,89.1959,0.00,0.00,72.06,0.00,0.00,84.72
19.9360,133.5127,133.4122,89.1971,89.2209,0.00,0.00,72.07,0.00,0.00,84.72
19.9380,133.4032,133.3027,89.2221,89.2460,0.00,0.00,72.07,0.00,0.00,84.72
19.9400,133.2938,133.1932,89.2471,89.2711,0.00,0.00,72.07,0.00,0.00,84.72
19.9420,133.1843,133.0837,89.2722,89.2962,0.00,0.00,72.07,0.00,0.00,84.72
19.9440,133.0748,132.9743,89.2972,89.3212,0.00,0.00,72.08,0.00,0.00,84.72
19.9460,132.9652,132.8648,89.3222,89.3463,0.00,0.00,72.08,0.00,0.00,84.72
19.9480,132.8557,132.7555,89.3473,89.3714,0.00,0.00,72.08,0.00,0.00,84.72
19.9500,132.7461,132.6461,89.3723,89.3965,0.00,0.00,72.08,0.00,0.00,84.72
19.9520,132.6364,132.5368,89.3974,89.4216,0.00,0.00,72.09,0.00,0.00,84.72
19.9540,132.5268,132.4274,89.4224,89.4467,0.00,0.00,72.09,0.00,0.00,84.72
19.9560,132.4171,132.3181,89.4475,89.4718,0.00,0.00,72.09,0.00,0.00,84.72
19.9580,132.3074,132.2088,89.4726,89.4968,0.00,0.00,72.09,0.00,0.00,84.72
19.9600,132.1977,132.0996,89.4977,89.5219,0.00,0.00,72.10,0.00,0.00,84.72
19.9620,132.0879,131.9903,89.5228,89.5470,0.00,0.00,72.10,0.00,0.00,84.72
19.9640,131.9781,131.8810,89.5479,89.5721,0.00,0.00,72.10,0.00,0.00,84.72
19.9660,131.8684,131.7716,89.5729,89.5971,0.00,0.00,72.10,0.00,0.00,84.72
19.9680,131.7586,131.6623,89.5980,89.6222,0.00,0.00,72.11,0.00,0.00,84.72
19.9700,131.6487,131.5529,89.6231,89.6473,0.00,0.00,72.11,0.00,0.00,84.72
19.9720,131.5389,131.4435,89.6483,89.6723,0.00,0.00,72.11,0.00,0.00,84.72
19.9740,131.4290,131.3341,89.6734,89.6974,0.00,0.00,72.11,0.00,0.00,84.72
19.9760,131.3192,131.2246,89.6985,89.7225,0.00,0.00,72.12,0.00,0.00,84.72
19.9780,131.2093,131.1151,89.7236,89.7476,0.00,0.00,72.12,0.00,0.00,84.72
19.9800,131.0994,131.0055,89.7487,89.7727,0.00,0.00,72.12,0.00,0.00,84.72
19.9820,130.9895,130.8959,89.7738,89.7977,0.00,0.00,72.12,0.00,0.00,84.72
19.9840,130.8796,130.7862,89.7990,89.8228,0.00,0.00,72.12,0.00,0.00,84.72
19.9860,130.7696,130.6765,89.8241,89.8479,0.00,0.00,72.13,0.00,0.00,84.72
19.9880,130.6597,130.5667,89.8492,89.8731,0.00,0.00,72.13,0.00,0.00,84.72
19.9900,130.5498,130.4568,89.8743,89.8982,0.00,0.00,72.13,0.00,0.00,84.72
19.9920,130.4398,130.3469,89.8995,89.9233,0.00,0.00,72.13,0.00,0.00,84.72
19.9940,130.3299,130.2369,89.9246,89.9485,0.00,0.00,72.14,0.00,0.00,84.72
19.9960,130.2199,130.1269,89.9497,89.9736,0.00,0.00,72.14,0.00,0.00,84.72
19.9980,130.1100,130.0168,89.9749,89.9988,0.00,0.00,72.14,0.00,0.00,84.72
